# Black Body
# teff = 18100 K (value for the effective temperature for the model. Temperatures are given in K)
#
# column 1: WAVELENGTH (ANGSTROM), Wavelength in Angstrom
# column 2: FLUX (ERG/CM2/S/A), Flux in erg/cm2/s/A
              1               0 
              2               0 
              3               0 
              4               0 
              5               0 
              6               0 
              7               0 
              8               0 
              9               0 
             10               0 
             11               0 
             12    9.87476e-267 
             13    8.92009e-245 
             14    5.72427e-226 
             15    1.11449e-209 
             16    1.95527e-195 
             17    7.10508e-183 
             18    1.02149e-171 
             19    9.68406e-162 
             20    9.10921e-153 
             21    1.18337e-144 
             22    2.78262e-137 
             23    1.48084e-130 
             24    2.14844e-124 
             25     9.9355e-119 
             26    1.67163e-113 
             27    1.14522e-108 
             28    3.51847e-104 
             29    5.26822e-100 
             30     4.13165e-96 
             31     1.80714e-92 
             32     4.65711e-89 
             33      7.4208e-86 
             34     7.62914e-83 
             35     5.25485e-80 
             36     2.50755e-77 
             37     8.54113e-75 
             38     2.13284e-72 
             39     3.99936e-70 
             40     5.75412e-68 
             41     6.47702e-66 
             42     5.80531e-64 
             43      4.2098e-62 
             44     2.50601e-60 
             45     1.24089e-58 
             46     5.17307e-57 
             47     1.83579e-55 
             48     5.60206e-54 
             49     1.48374e-52 
             50        3.44e-51 
             51     7.03675e-50 
             52     1.27923e-48 
             53      2.0807e-47 
             54     3.04683e-46 
             55     4.03989e-45 
             56     4.87636e-44 
             57       5.385e-43 
             58     5.46576e-42 
             59      5.1211e-41 
             60     4.44705e-40 
             61     3.59261e-39 
             62      2.7096e-38 
             63      1.9142e-37 
             64     1.27057e-36 
             65      7.9468e-36 
             66     4.69628e-35 
             67     2.62902e-34 
             68     1.39751e-33 
             69     7.07004e-33 
             70     3.41133e-32 
             71     1.57302e-31 
             72     6.94516e-31 
             73     2.94135e-30 
             74     1.19692e-29 
             75     4.68751e-29 
             76     1.76943e-28 
             77     6.44719e-28 
             78     2.27064e-27 
             79     7.73979e-27 
             80     2.55654e-26 
             81     8.19274e-26 
             82     2.55001e-25 
             83     7.71709e-25 
             84     2.27302e-24 
             85     6.52244e-24 
             86     1.82504e-23 
             87     4.98394e-23 
             88     1.32946e-22 
             89     3.46674e-22 
             90       8.844e-22 
             91     2.20888e-21 
             92     5.40497e-21 
             93     1.29659e-20 
             94     3.05127e-20 
             95     7.04838e-20 
             96     1.59913e-19 
             97     3.56542e-19 
             98     7.81631e-19 
             99     1.68571e-18 
            100     3.57823e-18 
            101     7.47938e-18 
            102     1.54019e-17 
            103     3.12597e-17 
            104     6.25577e-17 
            105     1.23492e-16 
            106     2.40563e-16 
            107      4.6261e-16 
            108     8.78524e-16 
            109     1.64815e-15 
            110     3.05557e-15 
            111     5.59987e-15 
            112     1.01483e-14 
            113     1.81913e-14 
            114     3.22641e-14 
            115     5.66347e-14 
            116     9.84168e-14 
            117     1.69353e-13 
            118     2.88646e-13 
            119     4.87406e-13 
            120      8.1559e-13 
            121     1.35272e-12 
            122     2.22431e-12 
            123     3.62681e-12 
            124     5.86526e-12 
            125     9.40957e-12 
            126     1.49781e-11 
            127     2.36607e-11 
            128      3.7099e-11 
            129     5.77481e-11 
            130     8.92538e-11 
            131     1.36994e-10 
            132     2.08848e-10 
            133     3.16288e-10 
            134     4.75908e-10 
            135     7.11565e-10 
            136      1.05735e-9 
            137      1.56169e-9 
            138      2.29299e-9 
            139      3.34731e-9 
            140      4.85882e-9 
            141      7.01391e-9 
            142      1.00701e-8 
            143      1.43816e-8 
            144      2.04326e-8 
            145      2.88824e-8 
            146      4.06238e-8 
            147      5.68605e-8 
            148      7.92078e-8 
            149      1.09823e-7 
            150      1.51576e-7 
            151      2.08266e-7 
            152      2.84903e-7 
            153      3.88063e-7 
            154      5.26347e-7 
            155      7.10957e-7 
            156      9.56425e-7 
            157      1.28153e-6 
            158      1.71045e-6 
            159       2.2742e-6 
            160      3.01242e-6 
            161      3.97558e-6 
            162      5.22776e-6 
            163      6.84998e-6 
            164      8.94438e-6 
            165      1.16393e-5 
            166      1.50954e-5 
            167      1.95134e-5 
            168       2.5143e-5 
            169       3.2294e-5 
            170      4.13496e-5 
            171      5.27826e-5 
            172      6.71744e-5 
            173      8.52381e-5 
            174     0.000107846 
            175      0.00013606 
            176     0.000171176 
            177     0.000214763 
            178      0.00026872 
            179     0.000335339 
            180      0.00041738 
            181     0.000518159 
            182     0.000641647 
            183     0.000792591 
            184     0.000976654 
            185      0.00120057 
            186      0.00147234 
            187      0.00180143 
            188      0.00219905 
            189      0.00267838 
            190      0.00325499 
            191      0.00394711 
            192      0.00477615 
            193      0.00576713 
            194      0.00694928 
            195      0.00835664 
            196       0.0100288 
            197       0.0120118 
            198       0.0143588 
            199       0.0171314 
            200       0.0204008 
            202       0.0287702 
            204        0.040281 
            206       0.0560032 
            208        0.077334 
            210        0.106086 
            212        0.144598 
            214        0.195867 
            216        0.263713 
            218        0.352977 
            220        0.469762 
            222        0.621721 
            224        0.818398 
            226         1.07164 
            228         1.39608 
            230         1.80971 
            232         2.33455 
            234         2.99741 
            236         3.83082 
            238         4.87407 
            240         6.17442 
            242         7.78851 
            244         9.78388 
            246         12.2409 
            248         15.2547 
            250         18.9375 
            252         23.4215 
            254         28.8615 
            256         35.4381 
            258         43.3619 
            260         52.8772 
            262         64.2667 
            264         77.8564 
            266         94.0213 
            268         113.191 
            270         135.858 
            272         162.583 
            274         194.004 
            276         230.843 
            278         273.921 
            280          324.16 
            282         382.601 
            284         450.413 
            286         528.904 
            288          619.54 
            290         723.952 
            292         843.959 
            294          981.58 
            296         1139.05 
            298         1318.85 
            300         1523.71 
            303         1884.64 
            306         2320.26 
            309         2843.69 
            312         3469.99 
            315         4216.26 
            318         5101.94 
            321            6149 
            324         7382.17 
            327         8829.23 
            330         10521.2 
            333         12492.9 
            336         14782.5 
            339           17433 
            342         20491.3 
            345         24009.3 
            348         28044.1 
            351           32658 
            354         37919.3 
            357         43902.1 
            360         50687.2 
            363           58362 
            366           67021 
            369         76766.1 
            372         87707.2 
            375         99962.1 
            378          113657 
            381          128926 
            384          145915 
            387          164775 
            390          185670 
            393          208773 
            396          234266 
            399          262342 
            402          293204 
            406          339061 
            410          390791 
            414          448968 
            418          514200 
            422          587131 
            426          668440 
            430          758844 
            434          859095 
            438          969979 
            442      1.09232e+6 
            446      1.22698e+6 
            450      1.37484e+6 
            454      1.53683e+6 
            458      1.71391e+6 
            462      1.90707e+6 
            466      2.11733e+6 
            470      2.34572e+6 
            474      2.59334e+6 
            478      2.86126e+6 
            482      3.15063e+6 
            486      3.46259e+6 
            490      3.79829e+6 
            494      4.15892e+6 
            498      4.54569e+6 
            502      4.95981e+6 
            507      5.51777e+6 
            512      6.12278e+6 
            517      6.77728e+6 
            522      7.48368e+6 
            527      8.24444e+6 
            532      9.06198e+6 
            537      9.93871e+6 
            542       1.0877e+7 
            547      1.18793e+7 
            552      1.29479e+7 
            557      1.40851e+7 
            562      1.52931e+7 
            567      1.65741e+7 
            572      1.79303e+7 
            577      1.93637e+7 
            582      2.08763e+7 
            587        2.247e+7 
            592      2.41466e+7 
            597       2.5908e+7 
            602      2.77556e+7 
            608       3.0089e+7 
            614      3.25513e+7 
            620       3.5145e+7 
            626      3.78721e+7 
            632      4.07343e+7 
            638      4.37334e+7 
            644      4.68706e+7 
            650      5.01471e+7 
            656      5.35638e+7 
            662      5.71212e+7 
            668      6.08198e+7 
            674      6.46598e+7 
            680       6.8641e+7 
            686      7.27632e+7 
            692      7.70257e+7 
            698      8.14278e+7 
            704      8.59685e+7 
            711      9.14396e+7 
            718      9.70952e+7 
            725      1.02933e+8 
            732      1.08949e+8 
            739      1.15141e+8 
            746      1.21505e+8 
            753      1.28037e+8 
            760      1.34732e+8 
            767      1.41585e+8 
            774      1.48593e+8 
            781      1.55749e+8 
            788      1.63049e+8 
            795      1.70486e+8 
            802      1.78056e+8 
            810      1.86861e+8 
            818      1.95822e+8 
            826       2.0493e+8 
            834      2.14175e+8 
            842      2.23548e+8 
            850      2.33039e+8 
            858      2.42638e+8 
            866      2.52336e+8 
            874      2.62122e+8 
            882      2.71988e+8 
            890      2.81922e+8 
            898      2.91916e+8 
            906       3.0196e+8 
            915      3.13307e+8 
            924      3.24692e+8 
            933      3.36102e+8 
            942      3.47523e+8 
            951      3.58943e+8 
            960       3.7035e+8 
            969      3.81732e+8 
            978      3.93077e+8 
            987      4.04374e+8 
            996      4.15613e+8 
           1005      4.26782e+8 
           1015      4.39098e+8 
           1025      4.51304e+8 
           1035      4.63385e+8 
           1045      4.75331e+8 
           1055       4.8713e+8 
           1065      4.98772e+8 
           1075      5.10245e+8 
           1085      5.21542e+8 
           1095      5.32653e+8 
           1105      5.43571e+8 
           1116      5.55347e+8 
           1127      5.66870e+8 
           1138      5.78133e+8 
           1149      5.89127e+8 
           1160      5.99846e+8 
           1171      6.10284e+8 
           1182      6.20436e+8 
           1193      6.30297e+8 
           1204      6.39864e+8 
           1216      6.49961e+8 
           1228      6.59702e+8 
           1240      6.69084e+8 
           1252      6.78105e+8 
           1264      6.86764e+8 
           1276      6.95063e+8 
           1288      7.03001e+8 
           1300       7.1058e+8 
           1313      7.18388e+8 
           1326      7.25779e+8 
           1339      7.32759e+8 
           1352       7.3933e+8 
           1365      7.45499e+8 
           1378      7.51271e+8 
           1391      7.56651e+8 
           1404      7.61647e+8 
           1418      7.66605e+8 
           1432      7.71134e+8 
           1446      7.75243e+8 
           1460      7.78942e+8 
           1474       7.8224e+8 
           1488      7.85149e+8 
           1502      7.87677e+8 
           1517      7.89978e+8 
           1532      7.91867e+8 
           1547      7.93359e+8 
           1562      7.94467e+8 
           1577      7.95203e+8 
           1592      7.95582e+8 
           1607      7.95616e+8 
           1623      7.95286e+8 
           1639      7.94595e+8 
           1655      7.93557e+8 
           1671      7.92188e+8 
           1687      7.90502e+8 
           1703      7.88514e+8 
           1720      7.86087e+8 
           1737      7.83352e+8 
           1754      7.80326e+8 
           1771      7.77023e+8 
           1788      7.73461e+8 
           1805      7.69653e+8 
           1823      7.65369e+8 
           1841      7.60844e+8 
           1859      7.56092e+8 
           1877       7.5113e+8 
           1895      7.45973e+8 
           1913      7.40633e+8 
           1932      7.34816e+8 
           1951      7.28826e+8 
           1970      7.22681e+8 
           1989      7.16392e+8 
           2008      7.09975e+8 
           2028      7.03094e+8 
           2048      6.96098e+8 
           2068      6.89001e+8 
           2088      6.81815e+8 
           2108      6.74552e+8 
           2129      6.66856e+8 
           2150        6.591e+8 
           2171      6.51296e+8 
           2192      6.43455e+8 
           2213      6.35587e+8 
           2235      6.27325e+8 
           2257      6.19054e+8 
           2279      6.10784e+8 
           2301      6.02523e+8 
           2324      5.93906e+8 
           2347      5.85317e+8 
           2370      5.76763e+8 
           2393      5.68253e+8 
           2416      5.59792e+8 
           2440      5.51023e+8 
           2464      5.42322e+8 
           2488      5.33694e+8 
           2512      5.25144e+8 
           2537      5.16325e+8 
           2562      5.07602e+8 
           2587      4.98977e+8 
           2612      4.90454e+8 
           2638      4.81703e+8 
           2664      4.73069e+8 
           2690      4.64555e+8 
           2716      4.56164e+8 
           2743       4.4758e+8 
           2770      4.39132e+8 
           2797      4.30821e+8 
           2824      4.22647e+8 
           2852      4.14316e+8 
           2880      4.06133e+8 
           2908        3.981e+8 
           2937      3.89935e+8 
           2966       3.8193e+8 
           2995      3.74082e+8 
           3024       3.6639e+8 
           3054      3.58597e+8 
           3084      3.50968e+8 
           3114      3.43502e+8 
           3145      3.35956e+8 
           3176      3.28578e+8 
           3207      3.21368e+8 
           3239      3.14098e+8 
           3271      3.06999e+8 
           3303      3.00069e+8 
           3336      2.93097e+8 
           3369      2.86297e+8 
           3402      2.79666e+8 
           3436      2.73008e+8 
           3470      2.66522e+8 
           3504      2.60204e+8 
           3539      2.53871e+8 
           3574      2.47708e+8 
           3609      2.41711e+8 
           3645      2.35710e+8 
           3681      2.29876e+8 
           3717      2.24204e+8 
           3754      2.18537e+8 
           3791      2.13032e+8 
           3828      2.07684e+8 
           3866       2.0235e+8 
           3904      1.97172e+8 
           3943      1.92015e+8 
           3982      1.87013e+8 
           4021       1.8216e+8 
           4061      1.77333e+8 
           4101      1.72654e+8 
           4142      1.68006e+8 
           4183      1.63503e+8 
           4224       1.5914e+8 
           4266      1.54811e+8 
           4308       1.5062e+8 
           4351      1.46466e+8 
           4394      1.42447e+8 
           4437      1.38556e+8 
           4481      1.34705e+8 
           4525       1.3098e+8 
           4570      1.27295e+8 
           4615      1.23733e+8 
           4661      1.20214e+8 
           4707      1.16813e+8 
           4754      1.13456e+8 
           4801      1.10213e+8 
           4849      1.07015e+8 
           4897      1.03928e+8 
           4945      1.00947e+8 
           4994      9.80089e+7 
           5043       9.5173e+7 
           5093      9.23803e+7 
           5143      8.96858e+7 
           5194      8.70343e+7 
           5245      8.44769e+7 
           5297      8.19622e+7 
           5349      7.95374e+7 
           5402      7.71548e+7 
           5456      7.48156e+7 
           5510      7.25617e+7 
           5565      7.03503e+7 
           5620      6.82202e+7 
           5676      6.61313e+7 
           5732      6.41198e+7 
           5789      6.21482e+7 
           5846        6.025e+7 
           5904      5.83906e+7 
           5963      5.65704e+7 
           6022       5.4819e+7 
           6082      5.31053e+7 
           6142      5.14566e+7 
           6203      4.98442e+7 
           6265      4.82682e+7 
           6327      4.67528e+7 
           6390      4.52722e+7 
           6453      4.38486e+7 
           6517      4.24583e+7 
           6582      4.11012e+7 
           6647      3.97969e+7 
           6713      3.85242e+7 
           6780      3.72829e+7 
           6847      3.60904e+7 
           6915      3.49278e+7 
           6984      3.37947e+7 
           7053      3.27066e+7 
           7123      3.16464e+7 
           7194       3.0614e+7 
           7265      2.96228e+7 
           7337      2.86576e+7 
           7410      2.77184e+7 
           7484      2.68047e+7 
           7558      2.59279e+7 
           7633      2.50751e+7 
           7709      2.42459e+7 
           7786      2.34401e+7 
           7863      2.26672e+7 
           7941       2.1916e+7 
           8020      2.11863e+7 
           8100      2.04778e+7 
           8181        1.979e+7 
           8262      1.91305e+7 
           8344      1.84904e+7 
           8427      1.78692e+7 
           8511      1.72667e+7 
           8596      1.66824e+7 
           8681      1.61223e+7 
           8767      1.55792e+7 
           8854      1.50526e+7 
           8942      1.45423e+7 
           9031      1.40478e+7 
           9121      1.35687e+7 
           9212      1.31048e+7 
           9304      1.26555e+7 
           9397      1.22207e+7 
           9490      1.18042e+7 
           9584       1.1401e+7 
           9679      1.10108e+7 
           9775      1.06331e+7 
           9872      1.02677e+7 
           9970      9.91422e+6 
          10069      9.57235e+6 
          10169      9.24178e+6 
          10270      8.92216e+6 
          10372      8.61321e+6 
          10475       8.3146e+6 
          10579      8.02603e+6 
          10684      7.74721e+6 
          10790      7.47784e+6 
          10897      7.21764e+6 
          11005      6.96633e+6 
          11115      6.72145e+6 
          11226       6.4851e+6 
          11338      6.25701e+6 
          11451      6.03691e+6 
          11565      5.82454e+6 
          11680      5.61964e+6 
          11796      5.42196e+6 
          11913      5.23128e+6 
          12032      5.04582e+6 
          12152      4.86701e+6 
          12273      4.69463e+6 
          12395      4.52846e+6 
          12518      4.36827e+6 
          12643      4.21265e+6 
          12769       4.0627e+6 
          12896      3.91823e+6 
          13024      3.77904e+6 
          13154      3.64392e+6 
          13285       3.5138e+6 
          13417      3.38849e+6 
          13551      3.26692e+6 
          13686       3.1499e+6 
          13822      3.03724e+6 
          13960      2.92801e+6 
          14099      2.82289e+6 
          14239      2.72173e+6 
          14381       2.6237e+6 
          14524      2.52939e+6 
          14669      2.43803e+6 
          14815      2.35016e+6 
          14963      2.26508e+6 
          15112      2.18327e+6 
          15263      2.10409e+6 
          15415      2.02797e+6 
          15569      1.95431e+6 
          15724      1.88352e+6 
          15881      1.81504e+6 
          16039      1.74923e+6 
          16199       1.6856e+6 
          16360      1.62445e+6 
          16523      1.56534e+6 
          16688      1.50821e+6 
          16854      1.45334e+6 
          17022      1.40032e+6 
          17192       1.3491e+6 
          17363      1.29991e+6 
          17536      1.25241e+6 
          17711      1.20654e+6 
          17888      1.16226e+6 
          18066      1.11975e+6 
          18246      1.07872e+6 
          18428      1.03913e+6 
          18612      1.00093e+6 
          18798          964075 
          18985          928715 
          19174          894607 
          19365          861712 
          19558          829991 
          19753          799409 
          19950          769928 
          20149          741512 
          20350          714128 
          20553          687741 
          20758          662317 
          20965          637825 
          21174          614233 
          21385          591510 
          21598          569626 
          21813          548552 
          22031          528169 
          22251          508549 
          22473          489664 
          22697          471488 
          22923          453996 
          23152          437091 
          23383          420827 
          23616          405180 
          23852          390066 
          24090          375530 
          24330          361550 
          24573          348052 
          24818          335073 
          25066          322546 
          25316          310504 
          25569          298884 
          25824          287716 
          26082          276942 
          26342          266590 
          26605          256606 
          26871          246978 
          27139          237730 
          27410          228814 
          27684          220219 
          27960          211966 
          28239          204013 
          28521          196349 
          28806          188965 
          29094          181853 
          29384          175026 
          29677          168450 
          29973          162118 
          30272          156020 
          30574          150150 
          30879          144498 
          31187          139058 
          31498          133822 
          31812          128783 
          32130          123920 
          32451          119240 
          32775          114739 
          33102          110410 
          33433          106233 
          33767          102217 
          34104         98354.8 
          34445         94630.8 
          34789         91050.8 
          35136         87609.4 
          35487         84292.1 
          35841         81103.9 
          36199         78031.5 
          36560         75079.2 
          36925         72234.7 
          37294         69494.6 
          37666         66862.4 
          38042         64327.3 
          38422         61886.1 
          38806         59535.7 
          39194           57273 
          39585         55100.5 
          39980         53009.3 
          40379         50996.6 
          40782         49059.8 
          41189         47196.2 
          41600         45403.1 
          42016         43674.1 
          42436         42011.1 
          42860         40411.8 
          43288         38873.8 
          43720         37394.9 
          44157         35969.8 
          44598         34599.7 
          45043         33282.7 
          45493           32014 
          45947         30794.6 
          46406         29620.3 
          46870         28489.5 
          47338         27403.1 
          47811         26357.1 
          48289         25350.3 
          48771         24383.3 
          49258         23452.7 
          49750         22557.1 
          50247         21695.3 
          50749         20866.3 
          51256         20068.8 
          51768         19301.8 
          52285           18564 
          52807         17854.6 
          53335         17171.1 
          53868           16514 
          54406         15882.3 
          54950         15273.9 
          55499         14689.2 
          56053         14127.3 
          56613         13586.3 
          57179         13065.6 
          57750         12565.3 
          58327         12083.8 
          58910         11620.5 
          59499         11174.8 
          60093         10746.7 
          60693         10334.9 
          61299         9938.84 
          61911          9557.9 
          62530         9190.98 
          63155         8838.19 
          63786         8499.02 
          64423         8172.97 
          65067         7859.07 
          65717         7557.38 
          66374            7267 
          67037         6987.97 
          67707         6719.47 
          68384         6461.13 
          69067         6212.96 
          69757         5974.23 
          70454          5744.6 
          71158         5523.75 
          71869         5311.38 
          72587         5107.17 
          73312         4910.83 
          74045         4721.82 
          74785         4540.14 
          75532         4365.51 
          76287         4197.47 
          77049         4035.98 
          77819         3880.61 
          78597         3731.14 
          79382         3587.55 
          80175         3449.45 
          80976         3316.63 
          81785          3188.9 
          82602          3066.1 
          83428         2947.89 
          84262         2834.26 
          85104         2725.04 
          85955         2619.94 
          86814         2518.95 
          87682         2421.79 
          88558         2328.43 
          89443         2238.65 
          90337          2152.3 
          91240         2069.26 
          92152         1989.42 
          93073         1912.67 
          94003         1838.88 
          94943         1767.88 
          95892         1699.64 
          96850         1634.07 
          97818         1570.98 
          98796         1510.31 
          99783         1452.02 
         100780         1395.97 
         101787         1342.07 
         102804         1290.25 
         103832         1240.39 
         104870         1192.46 
         105918          1146.4 
         106977         1102.09 
         108046         1059.51 
         109126         1018.56 
         110217         979.181 
         111319         941.319 
         112432         904.919 
         113556         869.927 
         114691         836.292 
         115837         803.965 
         116995         772.869 
         118164         742.989 
         119345         714.253 
         120538         686.622 
         121743         660.056 
         122960         634.517 
         124189         609.968 
         125430         586.371 
         126684         563.675 
         127950         541.865 
         129229         520.891 
         130521         500.725 
         131826         481.336 
         133144         462.698 
         134475         444.782 
         135819         427.562 
         137177         411.002 
         138548         395.087 
         139933         379.785 
         141332         365.073 
         142745          350.93 
         144172         337.335 
         145613         324.268 
         147069         311.701 
         148539         299.625 
         150024         288.014 
         151524         276.851 
         153039         266.119 
         154569         255.804 
         156114          245.89 
         157675         236.357 
         159251         227.196 
         160843         218.388 
         162451          209.92 
         164075         201.781 
         165715         193.958 
         167372         186.435 
         169045         179.206 
         170735         172.256 
         172442         165.574 
         174166         159.151 
         175907         152.978 
         177666         147.043 
         179442         141.339 
         181236         135.855 
         183048         130.584 
         184878         125.517 
         186726         120.647 
         188593         115.965 
         190478         111.465 
         192382          107.14 
         194305         102.982 
         196248         98.9843 
         198210         95.1421 
         200192         91.4481 
         202193         87.8988 
         204214         84.4871 
         206256         81.2064 
         208318         78.0536 
         210401         75.0225 
         212505         72.1087 
         214630          69.308 
         216776         66.6163 
         218943         64.0296 
         221132         61.5427 
         223343         59.1523 
         225576         56.8547 
         227831         54.6466 
         230109         52.5237 
         232410          50.483 
         234734         48.5215 
         237081         46.6363 
         239451         44.8247 
         241845         43.0831 
         244263         41.4091 
         246705         39.8002 
         249172         38.2534 
         251663          36.767 
         254179         35.3383 
         256720         33.9651 
         259287         32.6449 
         261879         31.3763 
         264497         30.1569 
         267141          28.985 
         269812         27.8583 
         272510         26.7752 
         275235         25.7342 
         277987         24.7338 
         280766         23.7723 
         283573         22.8482 
         286408         21.9599 
         289272          21.106 
         292164         20.2854 
         295085         19.4967 
         298035         18.7387 
         301015           18.01 
         304025         17.3095 
         307065         16.6363 
         310135         15.9894 
         313236         15.3675 
         316368         14.7698 
         319531         14.1954 
         322726         13.6432 
         325953         13.1125 
         329212         12.6025 
         332504         12.1122 
         335829          11.641 
         339187         11.1881 
         342578         10.7529 
         346003         10.3346 
         349463         9.93251 
         352957         9.54609 
         356486         9.17469 
         360050         8.81776 
         363650         8.47467 
         367286         8.14492 
         370958         7.82802 
         374667         7.52342 
         378413         7.23067 
         382197         6.94927 
         386018         6.67887 
         389878         6.41893 
         393776         6.16914 
         397713         5.92906 
         401690         5.69829 
         405706         5.47653 
         409763         5.26335 
         413860         5.05849 
         417998          4.8616 
         422177         4.67239 
         426398         4.49053 
         430661         4.31575 
         434967         4.14775 
         439316          3.9863 
         443709          3.8311 
         448146         3.68194 
         452627          3.5386 
         457153         3.40083 
         461724         3.26843 
         466341         3.14117 
         471004         3.01887 
         475714         2.90132 
         480471         2.78834 
         485275         2.67978 
         490127         2.57544 
         495028         2.47515 
         499978         2.37877 
         504977         2.28614 
         510026         2.19712 
         515126         2.11156 
         520277         2.02933 
         525479          1.9503 
         530733         1.87435 
         536040         1.80136 
         541400          1.7312 
         546814         1.66377 
         552282         1.59897 
         557804          1.5367 
         563382         1.47684 
         569015         1.41932 
         574705         1.36404 
         580452          1.3109 
         586256         1.25984 
         592118         1.21077 
         598039          1.1636 
         604019         1.11828 
         610059         1.07471 
         616159         1.03285 
         622320        0.992615 
         628543        0.953945 
         634828        0.916782 
         641176        0.881066 
         647587        0.846743 
         654062        0.813758 
         660602        0.782055 
         667208        0.751585 
         673880        0.722301 
         680618        0.694161 
         687424        0.667114 
         694298        0.641122 
         701240        0.616144 
         708252        0.592136 
         715334        0.569065 
         722487        0.546891 
         729711        0.525583 
         737008        0.505103 
         744378         0.48542 
         751821        0.466506 
         759339        0.448327 
         766932        0.430856 
         774601        0.414066 
         782347         0.39793 
         790170        0.382423 
         798071        0.367521 
         806051        0.353199 
         814111        0.339434 
         822252        0.326206 
         830474        0.313493 
         838778        0.301276 
         847165        0.289535 
         855636        0.278251 
         864192        0.267407 
         872833        0.256986 
         881561         0.24697 
         890376        0.237344 
         899279        0.228094 
         908271        0.219204 
         917353        0.210661 
         926526         0.20245 
         935791        0.194559 
         945148        0.186976 
         954599        0.179688 
         964144        0.172684 
         973785        0.165954 
         983522        0.159485 
         993357        0.153268 
     1.00329e+6        0.147294 
     1.01332e+6        0.141553 
     1.02346e+6        0.136035 
     1.03369e+6        0.130732 
     1.04402e+6        0.125636 
     1.05446e+6        0.120738 
     1.06501e+6        0.116032 
     1.07566e+6        0.111509 
     1.08642e+6        0.107162 
     1.09728e+6        0.102984 
     1.10825e+6       0.0989695 
     1.11933e+6       0.0951113 
     1.13053e+6       0.0914034 
     1.14183e+6       0.0878401 
     1.15325e+6       0.0844156 
     1.16478e+6       0.0811246 
     1.17643e+6        0.077962 
     1.18819e+6       0.0749225 
     1.20007e+6       0.0720017 
     1.21207e+6       0.0691946 
     1.22419e+6        0.066497 
     1.23643e+6       0.0639046 
      1.2488e+6       0.0614131 
     1.26128e+6       0.0590188 
      1.2739e+6       0.0567178 
     1.28664e+6       0.0545066 
      1.2995e+6       0.0523814 
      1.3125e+6        0.050339 
     1.32562e+6       0.0483764 
     1.33888e+6       0.0464902 
     1.35226e+6       0.0446776 
     1.36579e+6       0.0429356 
     1.37944e+6       0.0412616 
     1.39324e+6       0.0396527 
     1.40717e+6       0.0381066 
     1.42124e+6       0.0366208 
     1.43545e+6       0.0351929 
     1.44981e+6       0.0338206 
      1.4643e+6       0.0325019 
     1.47895e+6       0.0312345 
     1.49374e+6       0.0300166 
     1.50867e+6       0.0288461 
     1.52376e+6       0.0277213 
       1.539e+6       0.0266404 
     1.55438e+6       0.0256016 
     1.56993e+6       0.0246033 
     1.58563e+6       0.0236439 
     1.60148e+6       0.0227219 
      1.6175e+6       0.0218359 
     1.63367e+6       0.0209844 
     1.65001e+6       0.0201661 
     1.66651e+6       0.0193797 
     1.68317e+6        0.018624 
         1.7e+6       0.0178977 
       1.717e+6       0.0171998 
     1.73417e+6        0.016529 
     1.75151e+6       0.0158845 
     1.76903e+6        0.015265 
     1.78672e+6       0.0146697 
     1.80459e+6       0.0140976 
     1.82263e+6       0.0135478 
     1.84086e+6       0.0130195 
     1.85926e+6       0.0125118 
     1.87786e+6       0.0120238 
     1.89664e+6       0.0115549 
      1.9156e+6       0.0111043 
     1.93476e+6       0.0106712 
      1.9541e+6       0.0102551 
     1.97364e+6      0.00985511 
     1.99338e+6      0.00947076 
     2.01331e+6      0.00910141 
     2.03345e+6      0.00874645 
     2.05378e+6      0.00840534 
     2.07432e+6      0.00807753 
     2.09506e+6       0.0077625 
     2.11601e+6      0.00745976 
     2.13717e+6      0.00716882 
     2.15854e+6      0.00688923 
     2.18013e+6      0.00662054 
     2.20193e+6      0.00636233 
     2.22395e+6      0.00611418 
     2.24619e+6      0.00587572 
     2.26865e+6      0.00564656 
     2.29133e+6      0.00542633 
     2.31425e+6      0.00521469 
     2.33739e+6       0.0050113 
     2.36076e+6      0.00481585 
     2.38437e+6      0.00462802 
     2.40821e+6      0.00444751 
     2.43229e+6      0.00427404 
     2.45662e+6      0.00410735 
     2.48118e+6      0.00394714 
     2.50599e+6      0.00379319 
     2.53105e+6      0.00364525 
     2.55636e+6      0.00350307 
     2.58192e+6      0.00336643 
     2.60774e+6      0.00323513 
     2.63382e+6      0.00310894 
     2.66016e+6      0.00298768 
     2.68676e+6      0.00287114 
     2.71363e+6      0.00275916 
     2.74076e+6      0.00265153 
     2.76817e+6      0.00254811 
     2.79585e+6      0.00244872 
     2.82381e+6      0.00235321 
     2.85205e+6      0.00226142 
     2.88057e+6      0.00217321 
     2.90937e+6      0.00208844 
     2.93846e+6      0.00200698 
     2.96785e+6       0.0019287 
     2.99753e+6      0.00185347 
      3.0275e+6      0.00178117 
     3.05778e+6      0.00171169 
     3.08835e+6      0.00164492 
     3.11924e+6      0.00158076 
     3.15043e+6       0.0015191 
     3.18193e+6      0.00145984 
     3.21375e+6       0.0014029 
     3.24589e+6      0.00134818 
     3.27835e+6      0.00129559 
     3.31113e+6      0.00124505 
     3.34424e+6      0.00119648 
     3.37768e+6      0.00114981 
     3.41146e+6      0.00110496 
     3.44557e+6      0.00106186 
     3.48003e+6      0.00102044 
     3.51483e+6     0.000980631 
     3.54998e+6     0.000942378 
     3.58547e+6     0.000905617 
     3.62133e+6     0.000870291 
     3.65754e+6     0.000836341 
     3.69412e+6     0.000803717 
     3.73106e+6     0.000772364 
     3.76837e+6     0.000742235 
     3.80605e+6     0.000713282 
     3.84411e+6     0.000685457 
     3.88255e+6     0.000658717 
     3.92138e+6     0.000633021 
     3.96059e+6     0.000608328 
     4.00019e+6     0.000584597 
      4.0402e+6     0.000561792 
      4.0806e+6     0.000539877 
      4.1214e+6     0.000518817 
     4.16262e+6     0.000498578 
     4.20424e+6     0.000479128 
     4.24628e+6     0.000460437 
     4.28874e+6     0.000442475 
     4.33163e+6     0.000425214 
     4.37495e+6     0.000408626 
      4.4187e+6     0.000392685 
     4.46288e+6     0.000377367 
     4.50751e+6     0.000362645 
     4.55259e+6     0.000348498 
     4.59811e+6     0.000334903 
     4.64409e+6     0.000321838 
     4.69053e+6     0.000309283 
     4.73744e+6     0.000297217 
     4.78481e+6     0.000285623 
     4.83266e+6      0.00027448 
     4.88098e+6     0.000263772 
     4.92979e+6     0.000253482 
     4.97909e+6     0.000243593 
     5.02888e+6     0.000234091 
     5.07917e+6     0.000224958 
     5.12996e+6     0.000216182 
     5.18126e+6     0.000207749 
     5.23307e+6     0.000199644 
      5.2854e+6     0.000191855 
     5.33826e+6     0.000184371 
     5.39164e+6     0.000177178 
     5.44555e+6     0.000170266 
     5.50001e+6     0.000163623 
     5.55501e+6      0.00015724 
     5.61056e+6     0.000151106 
     5.66666e+6     0.000145211 
     5.72333e+6     0.000139546 
     5.78056e+6     0.000134102 
     5.83837e+6      0.00012887 
     5.89675e+6     0.000123842 
     5.95572e+6     0.000119011 
     6.01527e+6     0.000114368 
     6.07543e+6     0.000109906 
     6.13618e+6     0.000105618 
     6.19754e+6     0.000101498 
     6.25952e+6       9.7538e-5 
     6.32211e+6      9.37327e-5 
     6.38533e+6      9.00758e-5 
     6.44918e+6      8.65616e-5 
     6.51368e+6      8.31846e-5 
     6.57881e+6      7.99393e-5 
      6.6446e+6      7.68205e-5 
     6.71105e+6      7.38235e-5 
     6.77816e+6      7.09433e-5 
     6.84594e+6      6.81756e-5 
      6.9144e+6      6.55158e-5 
     6.98354e+6      6.29598e-5 
     7.05337e+6      6.05034e-5 
     7.12391e+6       5.8143e-5 
     7.19515e+6      5.58746e-5 
      7.2671e+6      5.36947e-5 
     7.33977e+6      5.15998e-5 
     7.41316e+6      4.95867e-5 
      7.4873e+6      4.76521e-5 
     7.56217e+6       4.5793e-5 
     7.63779e+6      4.40064e-5 
     7.71416e+6      4.22895e-5 
     7.79131e+6      4.06396e-5 
     7.86922e+6      3.90541e-5 
     7.94791e+6      3.75304e-5 
     8.02739e+6      3.60662e-5 
     8.10766e+6      3.46591e-5 
     8.18874e+6      3.33069e-5 
     8.27063e+6      3.20074e-5 
     8.35333e+6      3.07586e-5 
     8.43686e+6      2.95586e-5 
     8.52123e+6      2.84054e-5 
     8.60644e+6      2.72971e-5 
     8.69251e+6      2.62321e-5 
     8.77943e+6      2.52087e-5 
     8.86723e+6      2.42251e-5 
      8.9559e+6        2.328e-5 
     9.04546e+6      2.23717e-5 
     9.13591e+6      2.14989e-5 
     9.22727e+6      2.06601e-5 
     9.31954e+6       1.9854e-5 
     9.41274e+6      1.90794e-5 
     9.50687e+6       1.8335e-5 
     9.60193e+6      1.76197e-5 
     9.69795e+6      1.69322e-5 
     9.79493e+6      1.62716e-5 
     9.89288e+6      1.56368e-5 
     9.99181e+6      1.50267e-5 
