# Black Body
# teff = 8100 K (value for the effective temperature for the model. Temperatures are given in K)
#
# column 1: WAVELENGTH (ANGSTROM), Wavelength in Angstrom
# column 2: FLUX (ERG/CM2/S/A), Flux in erg/cm2/s/A
              1               0 
              2               0 
              3               0 
              4               0 
              5               0 
              6               0 
              7               0 
              8               0 
              9               0 
             10               0 
             11               0 
             12               0 
             13               0 
             14               0 
             15               0 
             16               0 
             17               0 
             18               0 
             19               0 
             20               0 
             21               0 
             22               0 
             23               0 
             24               0 
             25               0 
             26    1.99426e-277 
             27    1.60978e-266 
             28    2.14687e-256 
             29    5.70025e-247 
             30     3.5417e-238 
             31    5.92768e-230 
             32    3.02265e-222 
             33    5.23255e-215 
             34    3.38313e-208 
             35    8.89042e-202 
             36    1.02366e-195 
             37     5.5224e-190 
             38    1.48208e-184 
             39     2.0881e-179 
             40    1.62105e-174 
             41    7.24398e-170 
             42    1.93848e-165 
             43    3.21967e-161 
             44     3.4291e-157 
             45    2.41245e-153 
             46     1.1519e-149 
             47    3.82662e-146 
             48    9.04749e-143 
             49    1.55459e-139 
             50    1.97885e-136 
             51    1.89933e-133 
             52    1.39724e-130 
             53    7.99792e-128 
             54    3.61233e-125 
             55    1.30415e-122 
             56    3.80909e-120 
             57     9.1018e-118 
             58     1.7979e-115 
             59     2.9645e-113 
             60    4.11734e-111 
             61    4.85778e-109 
             62     4.9074e-107 
             63    4.27639e-105 
             64    3.23693e-103 
             65    2.14214e-101 
             66     1.24706e-99 
             67     6.42308e-98 
             68      2.9429e-96 
             69     1.20559e-94 
             70     4.43716e-93 
             71     1.47388e-91 
             72     4.43748e-90 
             73     1.21586e-88 
             74      3.0435e-87 
             75     6.98518e-86 
             76     1.47499e-84 
             77     2.87492e-83 
             78     5.18833e-82 
             79       8.695e-81 
             80     1.35694e-79 
             81     1.97722e-78 
             82     2.69676e-77 
             83     3.45118e-76 
             84     4.15356e-75 
             85     4.71137e-74 
             86     5.04718e-73 
             87     5.11662e-72 
             88     4.91782e-71 
             89     4.48951e-70 
             90     3.89953e-69 
             91     3.22795e-68 
             92     2.55051e-67 
             93      1.9265e-66 
             94     1.39308e-65 
             95     9.65726e-65 
             96      6.4265e-64 
             97     4.11046e-63 
             98     2.53006e-62 
             99     1.50039e-61 
            100     8.58212e-61 
            101     4.73995e-60 
            102      2.5304e-59 
            103     1.30699e-58 
            104     6.53794e-58 
            105     3.17024e-57 
            106     1.49146e-56 
            107      6.8135e-56 
            108     3.02498e-55 
            109     1.30621e-54 
            110     5.48998e-54 
            111     2.24758e-53 
            112     8.96922e-53 
            113     3.49128e-52 
            114     1.32645e-51 
            115     4.92208e-51 
            116     1.78495e-50 
            117     6.32966e-50 
            118     2.19614e-49 
            119     7.45938e-49 
            120     2.48167e-48 
            121     8.09108e-48 
            122     2.58647e-47 
            123      8.1107e-47 
            124     2.49609e-46 
            125     7.54243e-46 
            126     2.23873e-45 
            127     6.53002e-45 
            128     1.87254e-44 
            129     5.28106e-44 
            130     1.46539e-43 
            131     4.00216e-43 
            132     1.07621e-42 
            133     2.85046e-42 
            134     7.43872e-42 
            135     1.91333e-41 
            136      4.8521e-41 
            137     1.21354e-40 
            138     2.99427e-40 
            139     7.29075e-40 
            140     1.75235e-39 
            141      4.1587e-39 
            142     9.74764e-39 
            143     2.25715e-38 
            144     5.16477e-38 
            145      1.1681e-37 
            146     2.61185e-37 
            147     5.77515e-37 
            148     1.26305e-36 
            149     2.73287e-36 
            150     5.85126e-36 
            151     1.23995e-35 
            152     2.60121e-35 
            153     5.40312e-35 
            154     1.11148e-34 
            155     2.26476e-34 
            156     4.57184e-34 
            157     9.14504e-34 
            158     1.81293e-33 
            159     3.56247e-33 
            160     6.94016e-33 
            161     1.34062e-32 
            162      2.5682e-32 
            163     4.87983e-32 
            164     9.19815e-32 
            165      1.7202e-31 
            166     3.19229e-31 
            167     5.87938e-31 
            168      1.0748e-30 
            169     1.95049e-30 
            170     3.51431e-30 
            171     6.28741e-30 
            172      1.1171e-29 
            173      1.9713e-29 
            174     3.45547e-29 
            175     6.01734e-29 
            176      1.0411e-28 
            177     1.78987e-28 
            178     3.05801e-28 
            179     5.19263e-28 
            180     8.76422e-28 
            181     1.47049e-27 
            182     2.45286e-27 
            183      4.0681e-27 
            184       6.709e-27 
            185      1.1003e-26 
            186     1.79469e-26 
            187     2.91162e-26 
            188     4.69875e-26 
            189     7.54344e-26 
            190     1.20485e-25 
            191     1.91472e-25 
            192     3.02777e-25 
            193     4.76453e-25 
            194     7.46156e-25 
            195     1.16301e-24 
            196     1.80432e-24 
            197     2.78645e-24 
            198     4.28378e-24 
            199     6.55648e-24 
            200     9.99105e-24 
            202     2.29032e-23 
            204     5.16307e-23 
            206     1.14514e-22 
            208     2.50006e-22 
            210      5.3751e-22 
            212     1.13856e-21 
            214     2.37706e-21 
            216     4.89346e-21 
            218     9.93697e-21 
            220     1.99121e-20 
            222      3.9388e-20 
            224     7.69389e-20 
            226      1.4846e-19 
            228     2.83072e-19 
            230     5.33511e-19 
            232     9.94219e-19 
            234     1.83248e-18 
            236     3.34148e-18 
            238     6.02973e-18 
            240     1.07704e-17 
            242     1.90482e-17 
            244     3.33632e-17 
            246     5.78869e-17 
            248     9.95153e-17 
            250     1.69549e-16 
            252     2.86344e-16 
            254      4.7947e-16 
            256     7.96167e-16 
            258     1.31129e-15 
            260     2.14256e-15 
            262     3.47362e-15 
            264     5.58891e-15 
            266      8.9257e-15 
            268     1.41514e-14 
            270     2.22779e-14 
            272     3.48282e-14 
            274     5.40802e-14 
            276     8.34183e-14 
            278     1.27839e-13 
            280     1.94672e-13 
            282     2.94608e-13 
            284     4.43142e-13 
            286     6.62603e-13 
            288     9.84992e-13 
            290      1.4559e-12 
            292     2.13996e-12 
            294     3.12826e-12 
            296     4.54852e-12 
            298     6.57896e-12 
            300     9.46695e-12 
            303     1.61882e-11 
            306     2.73784e-11 
            309      4.5812e-11 
            312     7.58661e-11 
            315     1.24379e-10 
            318     2.01928e-10 
            321      3.2473e-10 
            324     5.17417e-10 
            327     8.17074e-10 
            330      1.27907e-9 
            333      1.98537e-9 
            336      3.05635e-9 
            339      4.66744e-9 
            342      7.07228e-9 
            345      1.06349e-8 
            348      1.58743e-8 
            351      2.35244e-8 
            354      3.46172e-8 
            357      5.05929e-8 
            360      7.34495e-8 
            363      1.05941e-7 
            366      1.51839e-7 
            369      2.16279e-7 
            372      3.06215e-7 
            375      4.31005e-7 
            378      6.03176e-7 
            381      8.39404e-7 
            384      1.16177e-6 
            387      1.59939e-6 
            390      2.19038e-6 
            393       2.9845e-6 
            396      4.04636e-6 
            399       5.4594e-6 
            402      7.33098e-6 
            406      1.07826e-5 
            410      1.57328e-5 
            414      2.27778e-5 
            418      3.27297e-5 
            422      4.66865e-5 
            426      6.61227e-5 
            430      9.30053e-5 
            434     0.000129941 
            438     0.000180365 
            442     0.000248771 
            446     0.000341009 
            450     0.000464648 
            454     0.000629426 
            458     0.000847805 
            462      0.00113565 
            466      0.00151304 
            470      0.00200528 
            474      0.00264413 
            478      0.00346916 
            482      0.00452959 
            486      0.00588624 
            490      0.00761402 
            494      0.00980473 
            498       0.0125705 
            502       0.0160476 
            507        0.021649 
            512       0.0290212 
            517       0.0386658 
            522       0.0512095 
            527       0.0674311 
            532       0.0882939 
            537        0.114982 
            542        0.148946 
            547         0.19195 
            552        0.246134 
            557         0.31408 
            562        0.398889 
            567        0.504269 
            572        0.634637 
            577        0.795231 
            582        0.992239 
            587         1.23294 
            592         1.52588 
            597         1.88101 
            602         2.30996 
            608         2.94121 
            614         3.72553 
            620         4.69523 
            626         5.88843 
            632         7.34982 
            638         9.13165 
            644         11.2947 
            650         13.9094 
            656         17.0571 
            662         20.8313 
            668         25.3391 
            674         30.7028 
            680         37.0614 
            686         44.5727 
            692         53.4147 
            698         63.7882 
            704         75.9183 
            711         92.6283 
            718         112.525 
            725         136.118 
            732         163.984 
            739          196.77 
            746           235.2 
            753         280.083 
            760         332.317 
            767         392.898 
            774         462.928 
            781         543.617 
            788         636.298 
            795         742.427 
            802         863.596 
            810         1022.72 
            818         1206.59 
            826         1418.28 
            834         1661.18 
            842         1938.96 
            850         2255.61 
            858         2615.43 
            866         3023.06 
            874         3483.51 
            882          4002.1 
            890         4584.58 
            898         5237.03 
            906         5965.96 
            915         6885.98 
            924         7921.92 
            933         9084.82 
            942         10386.4 
            951         11839.1 
            960         13455.9 
            969         15250.5 
            978         17237.3 
            987         19431.3 
            996         21848.2 
           1005         24504.3 
           1015         27756.7 
           1025         31349.2 
           1035         35306.9 
           1045         39655.6 
           1055         44421.8 
           1065         49632.7 
           1075         55316.4 
           1085         61501.6 
           1095         68217.4 
           1105         75493.5 
           1116         84180.4 
           1127         93622.5 
           1138          103861 
           1149          114937 
           1160          126893 
           1171          139769 
           1182          153609 
           1193          168453 
           1204          184342 
           1216          202917 
           1228          222837 
           1240          244154 
           1252          266918 
           1264          291179 
           1276          316984 
           1288          344379 
           1300          373410 
           1313          406754 
           1326          442118 
           1339          479552 
           1352          519100 
           1365          560805 
           1378          604707 
           1391          650841 
           1404          699238 
           1418          753923 
           1432          811297 
           1446          871385 
           1460          934209 
           1474          999783 
           1488      1.06812e+6 
           1502      1.13922e+6 
           1517      1.21846e+6 
           1532      1.30088e+6 
           1547      1.38645e+6 
           1562      1.47516e+6 
           1577      1.56697e+6 
           1592      1.66186e+6 
           1607      1.75979e+6 
           1623      1.86755e+6 
           1639      1.97866e+6 
           1655      2.09305e+6 
           1671      2.21064e+6 
           1687      2.33137e+6 
           1703      2.45514e+6 
           1720      2.58988e+6 
           1737      2.72784e+6 
           1754      2.86891e+6 
           1771      3.01294e+6 
           1788      3.15982e+6 
           1805      3.30941e+6 
           1823       3.4706e+6 
           1841      3.63451e+6 
           1859      3.80096e+6 
           1877      3.96978e+6 
           1895      4.14078e+6 
           1913      4.31381e+6 
           1932      4.49844e+6 
           1951       4.6849e+6 
           1970      4.87298e+6 
           1989      5.06247e+6 
           2008      5.25317e+6 
           2028      5.45498e+6 
           2048      5.65766e+6 
           2068      5.86096e+6 
           2088      6.06466e+6 
           2108      6.26854e+6 
           2129      6.48255e+6 
           2150      6.69625e+6 
           2171      6.90941e+6 
           2192      7.12179e+6 
           2213      7.33316e+6 
           2235      7.55327e+6 
           2257      7.77179e+6 
           2279      7.98849e+6 
           2301      8.20314e+6 
           2324      8.42515e+6 
           2347      8.64446e+6 
           2370      8.86087e+6 
           2393      9.07418e+6 
           2416      9.28419e+6 
           2440      9.49963e+6 
           2464      9.71111e+6 
           2488      9.91846e+6 
           2512      1.01215e+7 
           2537      1.03283e+7 
           2562      1.05302e+7 
           2587      1.07269e+7 
           2612      1.09185e+7 
           2638      1.11121e+7 
           2664      1.12999e+7 
           2690      1.14818e+7 
           2716      1.16577e+7 
           2743      1.18340e+7 
           2770      1.20038e+7 
           2797      1.21671e+7 
           2824      1.23237e+7 
           2852      1.24792e+7 
           2880      1.26277e+7 
           2908      1.27691e+7 
           2937      1.29082e+7 
           2966      1.30399e+7 
           2995      1.31642e+7 
           3024      1.32812e+7 
           3054      1.33947e+7 
           3084      1.35006e+7 
           3114      1.35991e+7 
           3145      1.36931e+7 
           3176      1.37794e+7 
           3207      1.38582e+7 
           3239      1.39318e+7 
           3271      1.39978e+7 
           3303      1.40563e+7 
           3336       1.4109e+7 
           3369      1.41543e+7 
           3402      1.41922e+7 
           3436      1.42239e+7 
           3470      1.42483e+7 
           3504      1.42658e+7 
           3539      1.42767e+7 
           3574      1.42807e+7 
           3609      1.42781e+7 
           3645      1.42688e+7 
           3681       1.4253e+7 
           3717      1.42311e+7 
           3754      1.42024e+7 
           3791      1.41678e+7 
           3828      1.41276e+7 
           3866      1.40807e+7 
           3904      1.40285e+7 
           3943      1.39696e+7 
           3982      1.39057e+7 
           4021       1.3837e+7 
           4061       1.3762e+7 
           4101      1.36825e+7 
           4142      1.35968e+7 
           4183      1.35071e+7 
           4224      1.34137e+7 
           4266      1.33144e+7 
           4308      1.32118e+7 
           4351      1.31036e+7 
           4394      1.29924e+7 
           4437      1.28786e+7 
           4481      1.27595e+7 
           4525      1.26383e+7 
           4570      1.25121e+7 
           4615      1.23841e+7 
           4661      1.22515e+7 
           4707      1.21175e+7 
           4754      1.19792e+7 
           4801      1.18398e+7 
           4849      1.16966e+7 
           4897      1.15527e+7 
           4945      1.14082e+7 
           4994      1.12604e+7 
           5043      1.11125e+7 
           5093      1.09615e+7 
           5143      1.08107e+7 
           5194      1.06572e+7 
           5245      1.05042e+7 
           5297      1.03489e+7 
           5349      1.01944e+7 
           5402      1.00378e+7 
           5456      9.87945e+6 
           5510      9.72229e+6 
           5565      9.56359e+6 
           5620      9.40637e+6 
           5676      9.24792e+6 
           5732      9.09118e+6 
           5789      8.93348e+6 
           5846       8.7777e+6 
           5904      8.62122e+6 
           5963      8.46421e+6 
           6022      8.30943e+6 
           6082      8.15435e+6 
           6142      8.00165e+6 
           6203      7.84887e+6 
           6265      7.69616e+6 
           6327      7.54606e+6 
           6390      7.39622e+6 
           6453      7.24908e+6 
           6517      7.10238e+6 
           6582      6.95623e+6 
           6647      6.81294e+6 
           6713      6.67036e+6 
           6780      6.52858e+6 
           6847      6.38978e+6 
           6915      6.25191e+6 
           6984      6.11507e+6 
           7053      5.98128e+6 
           7123       5.8486e+6 
           7194      5.71714e+6 
           7265      5.58875e+6 
           7337      5.46164e+6 
           7410      5.33587e+6 
           7484      5.21153e+6 
           7558      5.09028e+6 
           7633       4.9705e+6 
           7709      4.85222e+6 
           7786      4.73551e+6 
           7863      4.62187e+6 
           7941       4.5098e+6 
           8020      4.39936e+6 
           8100      4.29056e+6 
           8181      4.18346e+6 
           8262      4.07935e+6 
           8344      3.97691e+6 
           8427      3.87617e+6 
           8511      3.77715e+6 
           8596      3.67986e+6 
           8681      3.58543e+6 
           8767       3.4927e+6 
           8854      3.40168e+6 
           8942      3.31237e+6 
           9031       3.2248e+6 
           9121      3.13895e+6 
           9212      3.05483e+6 
           9304      2.97245e+6 
           9397      2.89178e+6 
           9490      2.81367e+6 
           9584      2.73721e+6 
           9679       2.6624e+6 
           9775      2.58924e+6 
           9872      2.51771e+6 
           9970       2.4478e+6 
          10069      2.37949e+6 
          10169      2.31277e+6 
          10270      2.24762e+6 
          10372      2.18403e+6 
          10475      2.12198e+6 
          10579      2.06144e+6 
          10684      2.00240e+6 
          10790      1.94484e+6 
          10897      1.88873e+6 
          11005      1.83405e+6 
          11115       1.7803e+6 
          11226      1.72797e+6 
          11338      1.67703e+6 
          11451      1.62745e+6 
          11565      1.57922e+6 
          11680       1.5323e+6 
          11796      1.48666e+6 
          11913      1.44228e+6 
          12032      1.39878e+6 
          12152      1.35652e+6 
          12273      1.31545e+6 
          12395      1.27557e+6 
          12518      1.23683e+6 
          12643      1.19892e+6 
          12769      1.16213e+6 
          12896      1.12642e+6 
          13024      1.09178e+6 
          13154      1.05791e+6 
          13285      1.02508e+6 
          13417          993235 
          13551          962140 
          13686          932006 
          13822          902808 
          13960          874316 
          14099          846722 
          14239          819999 
          14381          793943 
          14524          768722 
          14669          744144 
          14815          720364 
          14963          697203 
          15112          674803 
          15263          652998 
          15415          631916 
          15569          611405 
          15724          591581 
          15881          572302 
          16039          553675 
          16199          535567 
          16360          518078 
          16523          501082 
          16688          484573 
          16854          468636 
          17022          453160 
          17192          438137 
          17363          423641 
          17536          409574 
          17711          395926 
          17888          382690 
          18066          369926 
          18246          357550 
          18428          345553 
          18612          333926 
          18798          322661 
          18985          311805 
          19174          301290 
          19365          291105 
          19558          281243 
          19753          271696 
          19950          262456 
          20149          253514 
          20350          244862 
          20553          236493 
          20758          228398 
          20965          220571 
          21174          213002 
          21385          205685 
          21598          198613 
          21813          191777 
          22031          185142 
          22251          178733 
          22473          172542 
          22697          166563 
          22923          160789 
          23152          155191 
          23383          149786 
          23616          144570 
          23852          139515 
          24090          134637 
          24330          129932 
          24573          125374 
          24818          120978 
          25066          116722 
          25316          112618 
          25569          108646 
          25824          104818 
          26082          101114 
          26342         97544.4 
          26605         94091.9 
          26871         90753.4 
          27139         87537.6 
          27410         84428.8 
          27684         81424.1 
          27960         78530.8 
          28239         75735.1 
          28521         73034.1 
          28806         70425.3 
          29094         67905.8 
          29384         65481.2 
          29677         63140.2 
          29973         60880.1 
          30272         58698.4 
          30574           56593 
          30879         54561.2 
          31187         52600.9 
          31498         50709.8 
          31812         48885.6 
          32130         47120.8 
          32451         45419.1 
          32775         43778.6 
          33102           42197 
          33433           40668 
          33767         39194.6 
          34104         37774.7 
          34445         36402.7 
          34789           35081 
          35136         33807.9 
          35487         32578.2 
          35841         31393.9 
          36199         30250.4 
          36560         29149.4 
          36925         28086.6 
          37294         27060.8 
          37666         26073.6 
          38042           25121 
          38422         24201.9 
          38806         23315.5 
          39194         22460.5 
          39585         21638.1 
          39980         20845.2 
          40379         20080.7 
          40782         19343.7 
          41189         18633.3 
          41600         17948.7 
          42016         17287.4 
          42436         16650.3 
          42860         16036.6 
          43288         15445.5 
          43720         14876.2 
          44157         14326.7 
          44598         13797.6 
          45043         13288.2 
          45493         12796.8 
          45947         12323.7 
          46406         11867.5 
          46870         11427.5 
          47338         11004.1 
          47811         10595.9 
          48289         10202.5 
          48771            9824 
          49258         9459.25 
          49750         9107.77 
          50247         8769.12 
          50749         8442.88 
          51256         8128.62 
          51768         7825.95 
          52285         7534.48 
          52807          7253.8 
          53335         6983.06 
          53868         6722.44 
          54406         6471.57 
          54950         6229.68 
          55499         5996.91 
          56053         5772.93 
          56613         5557.03 
          57179         5348.98 
          57750         5148.85 
          58327         4956.03 
          58910         4770.28 
          59499         4591.37 
          60093         4419.34 
          60693         4253.68 
          61299         4094.15 
          61911         3940.56 
          62530         3792.47 
          63155         3649.92 
          63786         3512.74 
          64423         3380.72 
          65067         3253.49 
          65717         3131.08 
          66374         3013.14 
          67037          2899.7 
          67707         2790.44 
          68384          2685.2 
          69067         2584.01 
          69757         2486.57 
          70454         2392.76 
          71158         2302.46 
          71869         2215.54 
          72587         2131.88 
          73312         2051.37 
          74045          1973.8 
          74785         1899.17 
          75532         1827.38 
          76287         1758.23 
          77049         1691.72 
          77819         1627.68 
          78597         1566.02 
          79382         1506.73 
          80175         1449.66 
          80976         1394.73 
          81785         1341.87 
          82602            1291 
          83428         1241.99 
          84262         1194.85 
          85104          1149.5 
          85955         1105.83 
          86814         1063.83 
          87682          1023.4 
          88558         984.522 
          89443         947.101 
          90337         911.087 
          91240         876.431 
          92152         843.086 
          93073         811.005 
          94003         780.143 
          94943         750.427 
          95892         721.847 
          96850         694.362 
          97818         667.907 
          98796         642.444 
          99783         617.966 
         100780         594.411 
         101787         571.748 
         102804         549.946 
         103832         528.953 
         104870         508.762 
         105918         489.345 
         106977         470.655 
         108046         452.685 
         109126         435.393 
         110217         418.754 
         111319         402.747 
         112432         387.348 
         113556         372.537 
         114691         358.292 
         115837         344.593 
         116995         331.409 
         118164         318.733 
         119345         306.536 
         120538         294.802 
         121743         283.514 
         122960         272.657 
         124189         262.215 
         125430         252.173 
         126684          242.51 
         127950         233.219 
         129229          224.28 
         130521          215.68 
         131826         207.409 
         133144         199.453 
         134475         191.803 
         135819         184.446 
         137177         177.367 
         138548         170.561 
         139933         164.015 
         141332         157.718 
         142745         151.661 
         144172         145.837 
         145613         140.236 
         147069         134.848 
         148539         129.667 
         150024         124.684 
         151524         119.892 
         153039         115.282 
         154569          110.85 
         156114         106.588 
         157675         102.489 
         159251         98.5473 
         160843         94.7565 
         162451         91.1108 
         164075          87.605 
         165715         84.2341 
         167372         80.9914 
         169045          77.874 
         170735         74.8758 
         172442         71.9925 
         174166         69.2199 
         175907         66.5541 
         177666         63.9898 
         179442         61.5248 
         181236         59.1541 
         183048         56.8744 
         184878         54.6825 
         186726          52.575 
         188593          50.548 
         190478         48.5996 
         192382         46.7259 
         194305         44.9243 
         196248         43.1912 
         198210         41.5252 
         200192         39.9229 
         202193          38.383 
         204214         36.9022 
         206256         35.4779 
         208318         34.1087 
         210401         32.7919 
         212505         31.5257 
         214630         30.3084 
         216776          29.138 
         218943         28.0129 
         221132          26.931 
         223343         25.8908 
         225576         24.8907 
         227831         23.9292 
         230109         23.0046 
         232410         22.1155 
         234734         21.2608 
         237081         20.4391 
         239451         19.6492 
         241845         18.8897 
         244263         18.1594 
         246705         17.4574 
         249172         16.7823 
         251663         16.1334 
         254179         15.5095 
         256720         14.9097 
         259287         14.3329 
         261879         13.7786 
         264497         13.2456 
         267141         12.7332 
         269812         12.2405 
         272510         11.7668 
         275235         11.3114 
         277987         10.8736 
         280766         10.4527 
         283573         10.0482 
         286408         9.65921 
         289272          9.2852 
         292164         8.92572 
         295085         8.58013 
         298035         8.24791 
         301015         7.92847 
         304025         7.62137 
         307065         7.32615 
         310135         7.04238 
         313236         6.76956 
         316368         6.50729 
         319531         6.25518 
         322726          6.0128 
         325953         5.77979 
         329212         5.55581 
         332504         5.34047 
         335829         5.13346 
         339187         4.93447 
         342578         4.74322 
         346003         4.55936 
         349463         4.38258 
         352957         4.21267 
         356486         4.04934 
         360050         3.89234 
         363650          3.7414 
         367286         3.59631 
         370958         3.45685 
         374667         3.32278 
         378413          3.1939 
         382197            3.07 
         386018         2.95093 
         389878         2.83644 
         393776          2.7264 
         397713         2.62063 
         401690         2.51894 
         405706          2.4212 
         409763         2.32724 
         413860         2.23693 
         417998         2.15012 
         422177         2.06668 
         426398         1.98647 
         430661         1.90937 
         434967         1.83525 
         439316         1.76401 
         443709         1.69552 
         448146         1.62969 
         452627         1.56642 
         457153          1.5056 
         461724         1.44713 
         466341         1.39094 
         471004         1.33692 
         475714           1.285 
         480471         1.23509 
         485275         1.18712 
         490127         1.14101 
         495028         1.09669 
         499978         1.05409 
         504977         1.01315 
         510026         0.97379 
         515126        0.935957 
         520277        0.899592 
         525479        0.864643 
         530733        0.831049 
         536040        0.798757 
         541400        0.767719 
         546814        0.737883 
         552282        0.709206 
         557804        0.681647 
         563382        0.655153 
         569015        0.629691 
         574705        0.605216 
         580452         0.58169 
         586256         0.55908 
         592118        0.537348 
         598039        0.516458 
         604019        0.496381 
         610059        0.477083 
         616159        0.458535 
         622320        0.440708 
         628543        0.423573 
         634828        0.407103 
         641176        0.391273 
         647587         0.37606 
         654062        0.361437 
         660602        0.347382 
         667208        0.333872 
         673880        0.320887 
         680618        0.308408 
         687424        0.296413 
         694298        0.284884 
         701240        0.273804 
         708252        0.263154 
         715334        0.252918 
         722487         0.24308 
         729711        0.233625 
         737008        0.224536 
         744378        0.215801 
         751821        0.207406 
         759339        0.199336 
         766932        0.191581 
         774601        0.184127 
         782347        0.176963 
         790170        0.170077 
         798071         0.16346 
         806051          0.1571 
         814111        0.150986 
         822252        0.145111 
         830474        0.139464 
         838778        0.134037 
         847165        0.128821 
         855636        0.123808 
         864192        0.118989 
         872833        0.114358 
         881561        0.109907 
         890376         0.10563 
         899279        0.101518 
         908271       0.0975671 
         917353       0.0937695 
         926526       0.0901195 
         935791       0.0866114 
         945148         0.08324 
         954599       0.0799997 
         964144       0.0768855 
         973785       0.0738924 
         983522       0.0710158 
         993357        0.068251 
     1.00329e+6       0.0655938 
     1.01332e+6       0.0630401 
     1.02346e+6       0.0605856 
     1.03369e+6       0.0582268 
     1.04402e+6       0.0559597 
     1.05446e+6       0.0537808 
     1.06501e+6       0.0516867 
     1.07566e+6       0.0496741 
     1.08642e+6       0.0477398 
     1.09728e+6       0.0458808 
     1.10825e+6       0.0440942 
     1.11933e+6       0.0423771 
     1.13053e+6       0.0407268 
     1.14183e+6       0.0391408 
     1.15325e+6       0.0376164 
     1.16478e+6       0.0361515 
     1.17643e+6       0.0347436 
     1.18819e+6       0.0333904 
     1.20007e+6         0.03209 
     1.21207e+6       0.0308402 
     1.22419e+6       0.0296391 
     1.23643e+6       0.0284847 
      1.2488e+6       0.0273752 
     1.26128e+6        0.026309 
      1.2739e+6       0.0252843 
     1.28664e+6       0.0242994 
      1.2995e+6       0.0233529 
      1.3125e+6       0.0224432 
     1.32562e+6        0.021569 
     1.33888e+6       0.0207288 
     1.35226e+6       0.0199213 
     1.36579e+6       0.0191452 
     1.37944e+6       0.0183995 
     1.39324e+6       0.0176827 
     1.40717e+6       0.0169938 
     1.42124e+6       0.0163317 
     1.43545e+6       0.0156955 
     1.44981e+6        0.015084 
      1.4643e+6       0.0144963 
     1.47895e+6       0.0139315 
     1.49374e+6       0.0133887 
     1.50867e+6       0.0128671 
     1.52376e+6       0.0123657 
       1.539e+6       0.0118839 
     1.55438e+6       0.0114209 
     1.56993e+6       0.0109759 
     1.58563e+6       0.0105482 
     1.60148e+6       0.0101372 
      1.6175e+6      0.00974223 
     1.63367e+6      0.00936262 
     1.65001e+6      0.00899779 
     1.66651e+6      0.00864717 
     1.68317e+6       0.0083102 
         1.7e+6      0.00798637 
       1.717e+6      0.00767514 
     1.73417e+6      0.00737604 
     1.75151e+6       0.0070886 
     1.76903e+6      0.00681235 
     1.78672e+6      0.00654686 
     1.80459e+6      0.00629172 
     1.82263e+6      0.00604653 
     1.84086e+6      0.00581088 
     1.85926e+6      0.00558441 
     1.87786e+6      0.00536677 
     1.89664e+6      0.00515761 
      1.9156e+6       0.0049566 
     1.93476e+6      0.00476341 
      1.9541e+6      0.00457776 
     1.97364e+6      0.00439933 
     1.99338e+6      0.00422787 
     2.01331e+6      0.00406308 
     2.03345e+6      0.00390472 
     2.05378e+6      0.00375252 
     2.07432e+6      0.00360626 
     2.09506e+6      0.00346569 
     2.11601e+6       0.0033306 
     2.13717e+6      0.00320078 
     2.15854e+6      0.00307602 
     2.18013e+6      0.00295612 
     2.20193e+6      0.00284089 
     2.22395e+6      0.00273014 
     2.24619e+6      0.00262372 
     2.26865e+6      0.00252145 
     2.29133e+6      0.00242316 
     2.31425e+6       0.0023287 
     2.33739e+6      0.00223792 
     2.36076e+6      0.00215068 
     2.38437e+6      0.00206684 
     2.40821e+6      0.00198627 
     2.43229e+6      0.00190884 
     2.45662e+6      0.00183442 
     2.48118e+6      0.00176291 
     2.50599e+6      0.00169418 
     2.53105e+6      0.00162813 
     2.55636e+6      0.00156466 
     2.58192e+6      0.00150366 
     2.60774e+6      0.00144504 
     2.63382e+6       0.0013887 
     2.66016e+6      0.00133456 
     2.68676e+6      0.00128253 
     2.71363e+6      0.00123253 
     2.74076e+6      0.00118447 
     2.76817e+6      0.00113829 
     2.79585e+6      0.00109391 
     2.82381e+6      0.00105126 
     2.85205e+6      0.00101027 
     2.88057e+6     0.000970885 
     2.90937e+6     0.000933031 
     2.93846e+6     0.000896653 
     2.96785e+6     0.000861692 
     2.99753e+6     0.000828094 
      3.0275e+6     0.000795806 
     3.05778e+6     0.000764776 
     3.08835e+6     0.000734957 
     3.11924e+6     0.000706299 
     3.15043e+6     0.000678759 
     3.18193e+6     0.000652293 
     3.21375e+6     0.000626858 
     3.24589e+6     0.000602415 
     3.27835e+6     0.000578926 
     3.31113e+6     0.000556351 
     3.34424e+6     0.000534657 
     3.37768e+6     0.000513809 
     3.41146e+6     0.000493773 
     3.44557e+6     0.000474519 
     3.48003e+6     0.000456016 
     3.51483e+6     0.000438233 
     3.54998e+6     0.000421144 
     3.58547e+6     0.000404722 
     3.62133e+6     0.000388939 
     3.65754e+6     0.000373772 
     3.69412e+6     0.000359197 
     3.73106e+6     0.000345189 
     3.76837e+6     0.000331728 
     3.80605e+6     0.000318792 
     3.84411e+6      0.00030636 
     3.88255e+6     0.000294413 
     3.92138e+6     0.000282931 
     3.96059e+6     0.000271898 
     4.00019e+6     0.000261294 
      4.0402e+6     0.000251105 
      4.0806e+6     0.000241312 
      4.1214e+6     0.000231901 
     4.16262e+6     0.000222857 
     4.20424e+6     0.000214166 
     4.24628e+6     0.000205814 
     4.28874e+6     0.000197787 
     4.33163e+6     0.000190074 
     4.37495e+6     0.000182661 
      4.4187e+6     0.000175537 
     4.46288e+6     0.000168691 
     4.50751e+6     0.000162112 
     4.55259e+6      0.00015579 
     4.59811e+6     0.000149714 
     4.64409e+6     0.000143875 
     4.69053e+6     0.000138264 
     4.73744e+6     0.000132871 
     4.78481e+6     0.000127689 
     4.83266e+6     0.000122709 
     4.88098e+6     0.000117923 
     4.92979e+6     0.000113324 
     4.97909e+6     0.000108904 
     5.02888e+6     0.000104657 
     5.07917e+6     0.000100575 
     5.12996e+6       9.6652e-5 
     5.18126e+6      9.28823e-5 
     5.23307e+6      8.92596e-5 
      5.2854e+6      8.57782e-5 
     5.33826e+6      8.24326e-5 
     5.39164e+6      7.92174e-5 
     5.44555e+6      7.61277e-5 
     5.50001e+6      7.31584e-5 
     5.55501e+6      7.03049e-5 
     5.61056e+6      6.75627e-5 
     5.66666e+6      6.49275e-5 
     5.72333e+6       6.2395e-5 
     5.78056e+6      5.99613e-5 
     5.83837e+6      5.76226e-5 
     5.89675e+6       5.5375e-5 
     5.95572e+6      5.32151e-5 
     6.01527e+6      5.11394e-5 
     6.07543e+6      4.91447e-5 
     6.13618e+6      4.72278e-5 
     6.19754e+6      4.53857e-5 
     6.25952e+6      4.36154e-5 
     6.32211e+6      4.19141e-5 
     6.38533e+6      4.02792e-5 
     6.44918e+6      3.87081e-5 
     6.51368e+6      3.71982e-5 
     6.57881e+6      3.57472e-5 
      6.6446e+6      3.43529e-5 
     6.71105e+6      3.30129e-5 
     6.77816e+6      3.17251e-5 
     6.84594e+6      3.04876e-5 
      6.9144e+6      2.92984e-5 
     6.98354e+6      2.81556e-5 
     7.05337e+6      2.70573e-5 
     7.12391e+6      2.60019e-5 
     7.19515e+6      2.49876e-5 
      7.2671e+6      2.40129e-5 
     7.33977e+6      2.30762e-5 
     7.41316e+6       2.2176e-5 
      7.4873e+6       2.1311e-5 
     7.56217e+6      2.04797e-5 
     7.63779e+6      1.96808e-5 
     7.71416e+6      1.89131e-5 
     7.79131e+6      1.81753e-5 
     7.86922e+6      1.74663e-5 
     7.94791e+6       1.6785e-5 
     8.02739e+6      1.61302e-5 
     8.10766e+6       1.5501e-5 
     8.18874e+6      1.48963e-5 
     8.27063e+6      1.43152e-5 
     8.35333e+6      1.37568e-5 
     8.43686e+6      1.32202e-5 
     8.52123e+6      1.27045e-5 
     8.60644e+6      1.22089e-5 
     8.69251e+6      1.17326e-5 
     8.77943e+6      1.12749e-5 
     8.86723e+6      1.08351e-5 
      8.9559e+6      1.04124e-5 
     9.04546e+6      1.00062e-5 
     9.13591e+6      9.61588e-6 
     9.22727e+6      9.24076e-6 
     9.31954e+6      8.88027e-6 
     9.41274e+6      8.53385e-6 
     9.50687e+6      8.20094e-6 
     9.60193e+6      7.88102e-6 
     9.69795e+6      7.57357e-6 
     9.79493e+6      7.27812e-6 
     9.89288e+6       6.9942e-6 
     9.99181e+6      6.72135e-6 
