# Black Body
# teff = 300 K (value for the effective temperature for the model. Temperatures are given in K)
#
# column 1: WAVELENGTH (ANGSTROM), Wavelength in Angstrom
# column 2: FLUX (ERG/CM2/S/A), Flux in erg/cm2/s/A
              1               0 
              2               0 
              3               0 
              4               0 
              5               0 
              6               0 
              7               0 
              8               0 
              9               0 
             10               0 
             11               0 
             12               0 
             13               0 
             14               0 
             15               0 
             16               0 
             17               0 
             18               0 
             19               0 
             20               0 
             21               0 
             22               0 
             23               0 
             24               0 
             25               0 
             26               0 
             27               0 
             28               0 
             29               0 
             30               0 
             31               0 
             32               0 
             33               0 
             34               0 
             35               0 
             36               0 
             37               0 
             38               0 
             39               0 
             40               0 
             41               0 
             42               0 
             43               0 
             44               0 
             45               0 
             46               0 
             47               0 
             48               0 
             49               0 
             50               0 
             51               0 
             52               0 
             53               0 
             54               0 
             55               0 
             56               0 
             57               0 
             58               0 
             59               0 
             60               0 
             61               0 
             62               0 
             63               0 
             64               0 
             65               0 
             66               0 
             67               0 
             68               0 
             69               0 
             70               0 
             71               0 
             72               0 
             73               0 
             74               0 
             75               0 
             76               0 
             77               0 
             78               0 
             79               0 
             80               0 
             81               0 
             82               0 
             83               0 
             84               0 
             85               0 
             86               0 
             87               0 
             88               0 
             89               0 
             90               0 
             91               0 
             92               0 
             93               0 
             94               0 
             95               0 
             96               0 
             97               0 
             98               0 
             99               0 
            100               0 
            101               0 
            102               0 
            103               0 
            104               0 
            105               0 
            106               0 
            107               0 
            108               0 
            109               0 
            110               0 
            111               0 
            112               0 
            113               0 
            114               0 
            115               0 
            116               0 
            117               0 
            118               0 
            119               0 
            120               0 
            121               0 
            122               0 
            123               0 
            124               0 
            125               0 
            126               0 
            127               0 
            128               0 
            129               0 
            130               0 
            131               0 
            132               0 
            133               0 
            134               0 
            135               0 
            136               0 
            137               0 
            138               0 
            139               0 
            140               0 
            141               0 
            142               0 
            143               0 
            144               0 
            145               0 
            146               0 
            147               0 
            148               0 
            149               0 
            150               0 
            151               0 
            152               0 
            153               0 
            154               0 
            155               0 
            156               0 
            157               0 
            158               0 
            159               0 
            160               0 
            161               0 
            162               0 
            163               0 
            164               0 
            165               0 
            166               0 
            167               0 
            168               0 
            169               0 
            170               0 
            171               0 
            172               0 
            173               0 
            174               0 
            175               0 
            176               0 
            177               0 
            178               0 
            179               0 
            180               0 
            181               0 
            182               0 
            183               0 
            184               0 
            185               0 
            186               0 
            187               0 
            188               0 
            189               0 
            190               0 
            191               0 
            192               0 
            193               0 
            194               0 
            195               0 
            196               0 
            197               0 
            198               0 
            199               0 
            200               0 
            202               0 
            204               0 
            206               0 
            208               0 
            210               0 
            212               0 
            214               0 
            216               0 
            218               0 
            220               0 
            222               0 
            224               0 
            226               0 
            228               0 
            230               0 
            232               0 
            234               0 
            236               0 
            238               0 
            240               0 
            242               0 
            244               0 
            246               0 
            248               0 
            250               0 
            252               0 
            254               0 
            256               0 
            258               0 
            260               0 
            262               0 
            264               0 
            266               0 
            268               0 
            270               0 
            272               0 
            274               0 
            276               0 
            278               0 
            280               0 
            282               0 
            284               0 
            286               0 
            288               0 
            290               0 
            292               0 
            294               0 
            296               0 
            298               0 
            300               0 
            303               0 
            306               0 
            309               0 
            312               0 
            315               0 
            318               0 
            321               0 
            324               0 
            327               0 
            330               0 
            333               0 
            336               0 
            339               0 
            342               0 
            345               0 
            348               0 
            351               0 
            354               0 
            357               0 
            360               0 
            363               0 
            366               0 
            369               0 
            372               0 
            375               0 
            378               0 
            381               0 
            384               0 
            387               0 
            390               0 
            393               0 
            396               0 
            399               0 
            402               0 
            406               0 
            410               0 
            414               0 
            418               0 
            422               0 
            426               0 
            430               0 
            434               0 
            438               0 
            442               0 
            446               0 
            450               0 
            454               0 
            458               0 
            462               0 
            466               0 
            470               0 
            474               0 
            478               0 
            482               0 
            486               0 
            490               0 
            494               0 
            498               0 
            502               0 
            507               0 
            512               0 
            517               0 
            522               0 
            527               0 
            532               0 
            537               0 
            542               0 
            547               0 
            552               0 
            557               0 
            562               0 
            567               0 
            572               0 
            577               0 
            582               0 
            587               0 
            592               0 
            597               0 
            602               0 
            608               0 
            614               0 
            620               0 
            626               0 
            632               0 
            638               0 
            644               0 
            650               0 
            656               0 
            662               0 
            668               0 
            674               0 
            680               0 
            686               0 
            692               0 
            698               0 
            704               0 
            711     7.4304e-281 
            718    5.07871e-278 
            725    3.05879e-275 
            732    1.62923e-272 
            739     7.7013e-270 
            746    3.24161e-267 
            753    1.21893e-264 
            760    4.10745e-262 
            767    1.24408e-259 
            774    3.39674e-257 
            781    8.38359e-255 
            788    1.87552e-252 
            795    3.81298e-250 
            802    7.06233e-248 
            810    2.46828e-245 
            818    7.68917e-243 
            826     2.1422e-240 
            834    5.35467e-238 
            842     1.2046e-235 
            850    2.44614e-233 
            858    4.49675e-231 
            866    7.50398e-229 
            874    1.13977e-226 
            882    1.57974e-224 
            890    2.00298e-222 
            898    2.32874e-220 
            906    2.48838e-218 
            915    4.32224e-216 
            924    6.78673e-214 
            933    9.66144e-212 
            942    1.25048e-209 
            951     1.4755e-207 
            960    1.59133e-205 
            969    1.57265e-203 
            978    1.42759e-201 
            987    1.19312e-199 
            996     9.2013e-198 
           1005    6.56204e-196 
           1015    6.87689e-194 
           1025    6.57832e-192 
           1035    5.75914e-190 
           1045    4.62624e-188 
           1055    3.41814e-186 
           1065    2.32846e-184 
           1075    1.46572e-182 
           1085    8.54444e-181 
           1095     4.6226e-179 
           1105    2.32562e-177 
           1116    1.59562e-175 
           1127    1.00755e-173 
           1138    5.86938e-172 
           1149    3.16167e-170 
           1160    1.57837e-168 
           1171    7.31813e-167 
           1182    3.15784e-165 
           1193     1.2707e-163 
           1204     4.7774e-162 
           1216    2.31649e-160 
           1228    1.04067e-158 
           1240    4.34121e-157 
           1252    1.68518e-155 
           1264    6.09973e-154 
           1276    2.06284e-152 
           1288    6.53035e-151 
           1300    1.93874e-149 
           1313    7.11601e-148 
           1326    2.43255e-146 
           1339    7.76064e-145 
           1352    2.31532e-143 
           1365    6.47194e-142 
           1378    1.69814e-140 
           1391    4.18984e-139 
           1404    9.73761e-138 
           1418    2.70135e-136 
           1432    7.01913e-135 
           1446    1.71154e-133 
           1460     3.9236e-132 
           1474    8.47122e-131 
           1488    1.72546e-129 
           1502    3.32104e-128 
           1517    7.42795e-127 
           1532    1.56252e-125 
           1547    3.09685e-124 
           1562    5.79297e-123 
           1577    1.02444e-121 
           1592     1.7154e-120 
           1607    2.72401e-119 
           1623    4.91399e-118 
           1639    8.37383e-117 
           1655     1.3502e-115 
           1671    2.06323e-114 
           1687    2.99252e-113 
           1703    4.12582e-112 
           1720    6.34984e-111 
           1737    9.25906e-110 
           1754    1.28117e-108 
           1771    1.68475e-107 
           1788    2.10858e-106 
           1805    2.51523e-105 
           1823    3.29915e-104 
           1841    4.11299e-103 
           1859    4.88077e-102 
           1877    5.52092e-101 
           1895    5.96105e-100 
           1913      6.1517e-99 
           1932     6.89103e-98 
           1951     7.36085e-97 
           1970     7.50803e-96 
           1989     7.32242e-95 
           2008     6.83705e-94 
           2028      6.8596e-93 
           2048     6.57597e-92 
           2068     6.03155e-91 
           2088     5.29979e-90 
           2108     4.46664e-89 
           2129     4.00925e-88 
           2150     3.44602e-87 
           2171     2.83983e-86 
           2192     2.24655e-85 
           2213     1.70803e-84 
           2235     1.37234e-83 
           2257     1.05822e-82 
           2279     7.84077e-82 
           2301     5.58869e-81 
           2324     4.18365e-80 
           2347     3.00922e-79 
           2370     2.08217e-78 
           2393     1.38748e-77 
           2416     8.91363e-77 
           2440     5.97807e-76 
           2464     3.86152e-75 
           2488     2.40504e-74 
           2512     1.44579e-73 
           2537     9.02955e-73 
           2562     5.43865e-72 
           2587     3.16257e-71 
           2612     1.77727e-70 
           2638     1.03317e-69 
           2664     5.80042e-69 
           2690     3.14817e-68 
           2716     1.65346e-67 
           2743      8.9489e-67 
           2770     4.68426e-66 
           2797     2.37372e-65 
           2824     1.16558e-64 
           2852     5.87787e-64 
           2880     2.87097e-63 
           2908     1.35947e-62 
           2937      6.5924e-62 
           2966     3.09814e-61 
           2995     1.41233e-60 
           3024      6.2508e-60 
           3054     2.82548e-59 
           3084     1.23964e-58 
           3114     5.28346e-58 
           3145     2.29457e-57 
           3176     9.67891e-57 
           3207     3.96881e-56 
           3239     1.65481e-55 
           3271     6.70646e-55 
           3303     2.64397e-54 
           3336     1.05793e-53 
           3369     4.11763e-53 
           3402     1.56021e-52 
           3436     5.98983e-52 
           3470     2.23865e-51 
           3504     8.15157e-51 
           3539      3.0028e-50 
           3574     1.07773e-49 
           3609     3.77159e-49 
           3645     1.33343e-48 
           3681     4.59706e-48 
           3717     1.54658e-47 
           3754     5.24999e-47 
           3791     1.73931e-46 
           3828     5.62771e-46 
           3866     1.83527e-45 
           3904     5.84612e-45 
           3943     1.87491e-44 
           3982     5.87445e-44 
           4021      1.7994e-43 
           4061     5.54426e-43 
           4101     1.67039e-42 
           4142      5.0577e-42 
           4183     1.49777e-41 
           4224     4.34088e-41 
           4266     1.26346e-40 
           4308      3.5999e-40 
           4351     1.02929e-39 
           4394     2.88169e-39 
           4437     7.90468e-39 
           4481     2.17469e-38 
           4525     5.86348e-38 
           4570     1.58458e-37 
           4615     4.19801e-37 
           4661     1.11409e-36 
           4707     2.89936e-36 
           4754     7.55441e-36 
           4801     1.93083e-35 
           4849     4.93849e-35 
           4897     1.23947e-34 
           4945     3.05432e-34 
           4994     7.52969e-34 
           5043     1.82313e-33 
           5093     4.41437e-33 
           5143     1.05014e-32 
           5194     2.49732e-32 
           5245     5.83687e-32 
           5297     1.36331e-31 
           5349      3.1307e-31 
           5402     7.18238e-31 
           5456     1.64544e-30 
           5510     3.70703e-30 
           5565     8.33786e-30 
           5620     1.84494e-29 
           5676     4.07477e-29 
           5732     8.85706e-29 
           5789     1.92126e-28 
           5846     4.10316e-28 
           5904     8.74359e-28 
           5963     1.85847e-27 
           6022      3.8904e-27 
           6082     8.12222e-27 
           6142     1.67071e-26 
           6203     3.42708e-26 
           6265     7.00848e-26 
           6327     1.41261e-25 
           6390     2.83839e-25 
           6453     5.62332e-25 
           6517     1.11055e-24 
           6582     2.18579e-24 
           6647     4.24342e-24 
           6713     8.20989e-24 
           6780     1.58264e-23 
           6847     3.01048e-23 
           6915     5.70579e-23 
           6984     1.07731e-22 
           7053     2.00795e-22 
           7123     3.72839e-22 
           7194     6.89562e-22 
           7265      1.2595e-21 
           7337     2.29153e-21 
           7410     4.15235e-21 
           7484     7.49285e-21 
           7558     1.33589e-20 
           7633     2.37196e-20 
           7709      4.1938e-20 
           7786     7.38287e-20 
           7863     1.28476e-19 
           7941     2.22626e-19 
           8020       3.841e-19 
           8100     6.59768e-19 
           8181     1.12818e-18 
           8262     1.90805e-18 
           8344     3.21286e-18 
           8427      5.3859e-18 
           8511     8.98793e-18 
           8596     1.49304e-17 
           8681     2.45446e-17 
           8767     4.01708e-17 
           8854     6.54505e-17 
           8942     1.06156e-16 
           9031     1.71391e-16 
           9121     2.75441e-16 
           9212     4.40607e-16 
           9304      7.0153e-16 
           9397     1.11174e-15 
           9490     1.74514e-15 
           9584     2.72704e-15 
           9679     4.24208e-15 
           9775     6.56881e-15 
           9872     1.01254e-14 
           9970     1.55363e-14 
          10069       2.373e-14 
          10169     3.60792e-14 
          10270     5.46045e-14 
          10372     8.22646e-14 
          10475     1.23371e-13 
          10579     1.84178e-13 
          10684     2.73706e-13 
          10790     4.04915e-13 
          10897     5.96322e-13 
          11005     8.74266e-13 
          11115     1.28042e-12 
          11226     1.86664e-12 
          11338     2.70884e-12 
          11451     3.91319e-12 
          11565     5.62751e-12 
          11680     8.05663e-12 
          11796      1.1483e-11 
          11913     1.62944e-11 
          12032     2.30874e-11 
          12152     3.25664e-11 
          12273     4.57338e-11 
          12395     6.39438e-11 
          12518     8.90161e-11 
          12643     1.23708e-10 
          12769      1.7117e-10 
          12896     2.35817e-10 
          13024      3.2349e-10 
          13154      4.4294e-10 
          13285     6.03898e-10 
          13417     8.19861e-10 
          13551      1.11089e-9 
          13686      1.49885e-9 
          13822      2.01387e-9 
          13960      2.70036e-9 
          14099       3.6058e-9 
          14239      4.79509e-9 
          14381      6.36333e-9 
          14524      8.41004e-9 
          14669      1.10913e-8 
          14815      1.45682e-8 
          14963      1.90932e-8 
          15112      2.49235e-8 
          15263      3.24619e-8 
          15415       4.2113e-8 
          15569      5.45107e-8 
          15724      7.02822e-8 
          15881      9.04117e-8 
          16039      1.15858e-7 
          16199      1.48128e-7 
          16360      1.88667e-7 
          16523      2.39753e-7 
          16688      3.03965e-7 
          16854      3.83937e-7 
          17022      4.83829e-7 
          17192      6.08287e-7 
          17363      7.61962e-7 
          17536      9.52245e-7 
          17711      1.18726e-6 
          17888      1.47679e-6 
          18066      1.83038e-6 
          18246      2.26333e-6 
          18428      2.79214e-6 
          18612      3.43638e-6 
          18798      4.21928e-6 
          18985      5.16276e-6 
          19174       6.3025e-6 
          19365      7.67593e-6 
          19558      9.32684e-6 
          19753      1.13064e-5 
          19950       1.3674e-5 
          20149       1.6499e-5 
          20350      1.98612e-5 
          20553      2.38529e-5 
          20758      2.85806e-5 
          20965      3.41661e-5 
          21174      4.07491e-5 
          21385       4.8489e-5 
          21598      5.75672e-5 
          21813      6.81897e-5 
          22031       8.0651e-5 
          22251      9.51718e-5 
          22473     0.000112052 
          22697     0.000131629 
          22923     0.000154281 
          23152     0.000180551 
          23383     0.000210822 
          23616     0.000245623 
          23852     0.000285721 
          24090      0.00033163 
          24330     0.000384074 
          24573     0.000444112 
          24818     0.000512418 
          25066     0.000590292 
          25316     0.000678538 
          25569     0.000778734 
          25824     0.000891821 
          26082       0.0010197 
          26342      0.00116347 
          26605       0.0013254 
          26871      0.00150744 
          27139      0.00171094 
          27410      0.00193883 
          27684      0.00219356 
          27960      0.00247671 
          28239      0.00279199 
          28521      0.00314242 
          28806      0.00353122 
          29094      0.00396185 
          29384      0.00443624 
          29677      0.00495967 
          29973      0.00553621 
          30272      0.00617013 
          30574      0.00686596 
          30879      0.00762843 
          31187      0.00846249 
          31498      0.00937331 
          31812       0.0103663 
          32130       0.0114505 
          32451       0.0126288 
          32775       0.0139072 
          33102       0.0152918 
          33433       0.0167938 
          33767       0.0184156 
          34104       0.0201639 
          34445       0.0220511 
          34789       0.0240793 
          35136       0.0262555 
          35487       0.0285936 
          35841       0.0310947 
          36199       0.0337735 
          36560       0.0366305 
          36925       0.0396814 
          37294       0.0429344 
          37666       0.0463886 
          38042       0.0500608 
          38422       0.0539591 
          38806       0.0580915 
          39194       0.0624659 
          39585       0.0670778 
          39980       0.0719455 
          40379        0.077076 
          40782        0.082476 
          41189       0.0881517 
          41600       0.0941089 
          42016        0.100368 
          42436        0.106921 
          42860         0.11377 
          43288        0.120921 
          43720        0.128376 
          44157        0.136155 
          44598        0.144244 
          45043        0.152644 
          45493        0.161374 
          45947        0.170417 
          46406         0.17979 
          46870        0.189494 
          47338        0.199506 
          47811        0.209845 
          48289        0.220506 
          48771        0.231464 
          49258        0.242735 
          49750        0.254314 
          50247        0.266195 
          50749        0.278368 
          51256        0.290826 
          51768        0.303559 
          52285        0.316558 
          52807         0.32981 
          53335         0.34333 
          53868        0.357079 
          54406        0.371043 
          54950        0.385235 
          55499        0.399614 
          56053        0.414163 
          56613        0.428892 
          57179        0.443785 
          57750        0.458797 
          58327        0.473936 
          58910        0.489185 
          59499        0.504523 
          60093        0.519905 
          60693        0.535337 
          61299        0.550798 
          61911        0.566269 
          62530        0.581752 
          63155        0.597202 
          63786        0.612598 
          64423        0.627918 
          65067        0.643165 
          65717        0.658294 
          66374        0.673307 
          67037        0.688159 
          67707        0.702853 
          68384        0.717367 
          69067        0.731659 
          69757        0.745731 
          70454        0.759562 
          71158        0.773134 
          71869        0.786427 
          72587        0.799423 
          73312        0.812104 
          74045        0.824471 
          74785        0.836488 
          75532        0.848142 
          76287        0.859431 
          77049        0.870327 
          77819        0.880831 
          78597        0.890927 
          79382        0.900593 
          80175        0.909828 
          80976        0.918623 
          81785        0.926967 
          82602        0.934852 
          83428        0.942278 
          84262        0.949229 
          85104          0.9557 
          85955        0.961691 
          86814        0.967191 
          87682        0.972204 
          88558        0.976721 
          89443        0.980745 
          90337        0.984275 
          91240         0.98731 
          92152        0.989851 
          93073          0.9919 
          94003        0.993459 
          94943        0.994532 
          95892        0.995121 
          96850        0.995232 
          97818        0.994869 
          98796        0.994038 
          99783        0.992746 
         100780           0.991 
         101787        0.988807 
         102804        0.986175 
         103832         0.98311 
         104870        0.979624 
         105918        0.975727 
         106977        0.971425 
         108046        0.966733 
         109126        0.961657 
         110217         0.95621 
         111319        0.950401 
         112432        0.944244 
         113556         0.93775 
         114691        0.930932 
         115837        0.923803 
         116995        0.916369 
         118164         0.90865 
         119345        0.900652 
         120538        0.892389 
         121743        0.883873 
         122960        0.875118 
         124189        0.866137 
         125430        0.856944 
         126684        0.847544 
         127950        0.837959 
         129229        0.828193 
         130521         0.81826 
         131826        0.808173 
         133144        0.797944 
         134475        0.787586 
         135819        0.777113 
         137177        0.766528 
         138548        0.755851 
         139933        0.745087 
         141332        0.734247 
         142745        0.723343 
         144172        0.712386 
         145613        0.701388 
         147069         0.69035 
         148539        0.679292 
         150024        0.668217 
         151524        0.657133 
         153039        0.646052 
         154569        0.634981 
         156114        0.623932 
         157675        0.612904 
         159251        0.601915 
         160843        0.590964 
         162451         0.58006 
         164075        0.569212 
         165715        0.558425 
         167372        0.547701 
         169045        0.537053 
         170735        0.526481 
         172442        0.515991 
         174166        0.505589 
         175907        0.495282 
         177666        0.485067 
         179442        0.474958 
         181236        0.464951 
         183048        0.455053 
         184878        0.445267 
         186726        0.435598 
         188593        0.426043 
         190478        0.416613 
         192382        0.407304 
         194305        0.398121 
         196248        0.389061 
         198210        0.380131 
         200192        0.371331 
         202193        0.362665 
         204214        0.354133 
         206256        0.345732 
         208318        0.337467 
         210401        0.329336 
         212505         0.32134 
         214630        0.313481 
         216776         0.30576 
         218943        0.298177 
         221132         0.29073 
         223343        0.283419 
         225576        0.276244 
         227831        0.269206 
         230109        0.262302 
         232410        0.255532 
         234734        0.248897 
         237081        0.242395 
         239451        0.236026 
         241845        0.229788 
         244263        0.223679 
         246705          0.2177 
         249172        0.211847 
         251663        0.206123 
         254179        0.200523 
         256720        0.195047 
         259287        0.189692 
         261879        0.184459 
         264497        0.179346 
         267141         0.17435 
         269812        0.169469 
         272510        0.164702 
         275235        0.160048 
         277987        0.155505 
         280766        0.151072 
         283573        0.146746 
         286408        0.142527 
         289272         0.13841 
         292164        0.134396 
         295085        0.130483 
         298035        0.126669 
         301015        0.122951 
         304025        0.119328 
         307065        0.115798 
         310135        0.112361 
         313236        0.109012 
         316368        0.105752 
         319531        0.102578 
         322726       0.0994884 
         325953       0.0964813 
         329212       0.0935554 
         332504       0.0907084 
         335829       0.0879388 
         339187       0.0852453 
         342578       0.0826264 
         346003       0.0800799 
         349463       0.0776037 
         352957       0.0751972 
         356486       0.0728582 
         360050       0.0705855 
         363650       0.0683771 
         367286       0.0662317 
         370958       0.0641479 
         374667       0.0621239 
         378413       0.0601585 
         382197       0.0582498 
         386018       0.0563973 
         389878       0.0545986 
         393776        0.052853 
         397713        0.051159 
         401690       0.0495149 
         405706         0.04792 
         409763       0.0463725 
         413860       0.0448716 
         417998       0.0434158 
         422177       0.0420041 
         426398       0.0406352 
         430661       0.0393079 
         434967       0.0380211 
         439316       0.0367736 
         443709       0.0355644 
         448146       0.0343924 
         452627       0.0332568 
         457153       0.0321564 
         461724       0.0310902 
         466341       0.0300573 
         471004       0.0290568 
         475714       0.0280876 
         480471        0.027149 
         485275       0.0262402 
         490127       0.0253601 
         495028       0.0245079 
         499978       0.0236828 
         504977       0.0228842 
         510026       0.0221112 
         515126       0.0213629 
         520277       0.0206387 
         525479       0.0199379 
         530733       0.0192597 
         536040       0.0186036 
         541400       0.0179687 
         546814       0.0173545 
         552282       0.0167604 
         557804       0.0161858 
         563382       0.0156299 
         569015       0.0150924 
         574705       0.0145726 
         580452       0.0140699 
         586256       0.0135839 
         592118        0.013114 
         598039       0.0126597 
         604019       0.0122205 
         610059        0.011796 
         616159       0.0113856 
         622320       0.0109891 
         628543       0.0106058 
         634828       0.0102354 
         641176      0.00987745 
         647587      0.00953163 
         654062       0.0091975 
         660602      0.00887467 
         667208      0.00856276 
         673880      0.00826146 
         680618      0.00797044 
         687424      0.00768932 
         694298       0.0074178 
         701240      0.00715559 
         708252      0.00690235 
         715334       0.0066578 
         722487      0.00642165 
         729711      0.00619364 
         737008      0.00597347 
         744378       0.0057609 
         751821       0.0055557 
         759339      0.00535759 
         766932      0.00516635 
         774601      0.00498175 
         782347      0.00480356 
         790170      0.00463159 
         798071      0.00446562 
         806051      0.00430544 
         814111      0.00415086 
         822252      0.00400167 
         830474      0.00385773 
         838778      0.00371884 
         847165      0.00358483 
         855636      0.00345554 
         864192      0.00333079 
         872833      0.00321045 
         881561      0.00309435 
         890376      0.00298236 
         899279      0.00287433 
         908271      0.00277013 
         917353      0.00266962 
         926526      0.00257268 
         935791      0.00247919 
         945148      0.00238902 
         954599      0.00230207 
         964144      0.00221822 
         973785      0.00213736 
         983522      0.00205938 
         993357       0.0019842 
     1.00329e+6      0.00191171 
     1.01332e+6      0.00184182 
     1.02346e+6      0.00177443 
     1.03369e+6      0.00170946 
     1.04402e+6      0.00164683 
     1.05446e+6      0.00158645 
     1.06501e+6      0.00152825 
     1.07566e+6      0.00147214 
     1.08642e+6      0.00141806 
     1.09728e+6      0.00136592 
     1.10825e+6      0.00131568 
     1.11933e+6      0.00126725 
     1.13053e+6      0.00122057 
     1.14183e+6      0.00117559 
     1.15325e+6      0.00113223 
     1.16478e+6      0.00109045 
     1.17643e+6      0.00105019 
     1.18819e+6      0.00101139 
     1.20007e+6     0.000973999 
     1.21207e+6     0.000937972 
     1.22419e+6     0.000903258 
     1.23643e+6      0.00086981 
      1.2488e+6     0.000837581 
     1.26128e+6     0.000806531 
      1.2739e+6     0.000776614 
     1.28664e+6     0.000747792 
      1.2995e+6     0.000720024 
      1.3125e+6     0.000693271 
     1.32562e+6     0.000667501 
     1.33888e+6     0.000642675 
     1.35226e+6      0.00061876 
     1.36579e+6     0.000595724 
     1.37944e+6     0.000573534 
     1.39324e+6      0.00055216 
     1.40717e+6     0.000531572 
     1.42124e+6     0.000511742 
     1.43545e+6     0.000492643 
     1.44981e+6     0.000474248 
      1.4643e+6     0.000456531 
     1.47895e+6     0.000439468 
     1.49374e+6     0.000423035 
     1.50867e+6      0.00040721 
     1.52376e+6     0.000391971 
       1.539e+6     0.000377294 
     1.55438e+6     0.000363162 
     1.56993e+6     0.000349553 
     1.58563e+6     0.000336448 
     1.60148e+6     0.000323829 
      1.6175e+6     0.000311678 
     1.63367e+6     0.000299979 
     1.65001e+6     0.000288714 
     1.66651e+6     0.000277868 
     1.68317e+6     0.000267424 
         1.7e+6      0.00025737 
       1.717e+6     0.000247689 
     1.73417e+6     0.000238369 
     1.75151e+6     0.000229396 
     1.76903e+6     0.000220758 
     1.78672e+6     0.000212442 
     1.80459e+6     0.000204436 
     1.82263e+6      0.00019673 
     1.84086e+6      0.00018931 
     1.85926e+6     0.000182169 
     1.87786e+6     0.000175294 
     1.89664e+6     0.000168677 
      1.9156e+6     0.000162307 
     1.93476e+6     0.000156175 
      1.9541e+6     0.000150273 
     1.97364e+6     0.000144592 
     1.99338e+6     0.000139124 
     2.01331e+6     0.000133862 
     2.03345e+6     0.000128796 
     2.05378e+6     0.000123921 
     2.07432e+6     0.000119229 
     2.09506e+6     0.000114713 
     2.11601e+6     0.000110367 
     2.13717e+6     0.000106184 
     2.15854e+6     0.000102158 
     2.18013e+6      9.82842e-5 
     2.20193e+6      9.45559e-5 
     2.22395e+6       9.0968e-5 
     2.24619e+6      8.75152e-5 
     2.26865e+6      8.41926e-5 
     2.29133e+6      8.09952e-5 
     2.31425e+6      7.79184e-5 
     2.33739e+6      7.49576e-5 
     2.36076e+6      7.21085e-5 
     2.38437e+6       6.9367e-5 
     2.40821e+6      6.67291e-5 
     2.43229e+6      6.41907e-5 
     2.45662e+6      6.17483e-5 
     2.48118e+6      5.93981e-5 
     2.50599e+6      5.71369e-5 
     2.53105e+6      5.49612e-5 
     2.55636e+6      5.28678e-5 
     2.58192e+6      5.08536e-5 
     2.60774e+6      4.89157e-5 
     2.63382e+6      4.70512e-5 
     2.66016e+6      4.52573e-5 
     2.68676e+6      4.35314e-5 
     2.71363e+6      4.18709e-5 
     2.74076e+6      4.02734e-5 
     2.76817e+6      3.87365e-5 
     2.79585e+6      3.72579e-5 
     2.82381e+6      3.58354e-5 
     2.85205e+6      3.44669e-5 
     2.88057e+6      3.31504e-5 
     2.90937e+6      3.18839e-5 
     2.93846e+6      3.06656e-5 
     2.96785e+6      2.94935e-5 
     2.99753e+6       2.8366e-5 
      3.0275e+6      2.72813e-5 
     3.05778e+6      2.62379e-5 
     3.08835e+6      2.52342e-5 
     3.11924e+6      2.42688e-5 
     3.15043e+6        2.334e-5 
     3.18193e+6      2.24466e-5 
     3.21375e+6      2.15873e-5 
     3.24589e+6      2.07607e-5 
     3.27835e+6      1.99656e-5 
     3.31113e+6      1.92008e-5 
     3.34424e+6      1.84651e-5 
     3.37768e+6      1.77576e-5 
     3.41146e+6      1.70769e-5 
     3.44557e+6      1.64223e-5 
     3.48003e+6      1.57927e-5 
     3.51483e+6       1.5187e-5 
     3.54998e+6      1.46045e-5 
     3.58547e+6      1.40443e-5 
     3.62133e+6      1.35054e-5 
     3.65754e+6      1.29871e-5 
     3.69412e+6      1.24887e-5 
     3.73106e+6      1.20093e-5 
     3.76837e+6      1.15482e-5 
     3.80605e+6      1.11047e-5 
     3.84411e+6      1.06782e-5 
     3.88255e+6       1.0268e-5 
     3.92138e+6      9.87354e-6 
     3.96059e+6      9.49415e-6 
     4.00019e+6      9.12928e-6 
      4.0402e+6      8.77838e-6 
      4.0806e+6      8.44092e-6 
      4.1214e+6      8.11637e-6 
     4.16262e+6      7.80426e-6 
     4.20424e+6       7.5041e-6 
     4.24628e+6      7.21545e-6 
     4.28874e+6      6.93786e-6 
     4.33163e+6      6.67091e-6 
     4.37495e+6      6.41419e-6 
      4.4187e+6      6.16732e-6 
     4.46288e+6      5.92992e-6 
     4.50751e+6      5.70163e-6 
     4.55259e+6      5.48209e-6 
     4.59811e+6      5.27098e-6 
     4.64409e+6      5.06797e-6 
     4.69053e+6      4.87276e-6 
     4.73744e+6      4.68504e-6 
     4.78481e+6      4.50453e-6 
     4.83266e+6      4.33095e-6 
     4.88098e+6      4.16403e-6 
     4.92979e+6      4.00354e-6 
     4.97909e+6      3.84921e-6 
     5.02888e+6      3.70081e-6 
     5.07917e+6      3.55811e-6 
     5.12996e+6       3.4209e-6 
     5.18126e+6      3.28896e-6 
     5.23307e+6       3.1621e-6 
      5.2854e+6      3.04012e-6 
     5.33826e+6      2.92283e-6 
     5.39164e+6      2.81005e-6 
     5.44555e+6      2.70161e-6 
     5.50001e+6      2.59734e-6 
     5.55501e+6      2.49709e-6 
     5.61056e+6      2.40069e-6 
     5.66666e+6      2.30801e-6 
     5.72333e+6       2.2189e-6 
     5.78056e+6      2.13321e-6 
     5.83837e+6      2.05083e-6 
     5.89675e+6      1.97162e-6 
     5.95572e+6      1.89546e-6 
     6.01527e+6      1.82224e-6 
     6.07543e+6      1.75184e-6 
     6.13618e+6      1.68415e-6 
     6.19754e+6      1.61907e-6 
     6.25952e+6       1.5565e-6 
     6.32211e+6      1.49634e-6 
     6.38533e+6       1.4385e-6 
     6.44918e+6      1.38289e-6 
     6.51368e+6      1.32943e-6 
     6.57881e+6      1.27802e-6 
      6.6446e+6       1.2286e-6 
     6.71105e+6      1.18109e-6 
     6.77816e+6      1.13541e-6 
     6.84594e+6       1.0915e-6 
      6.9144e+6      1.04928e-6 
     6.98354e+6      1.00868e-6 
     7.05337e+6      9.69659e-7 
     7.12391e+6      9.32141e-7 
     7.19515e+6      8.96071e-7 
      7.2671e+6      8.61394e-7 
     7.33977e+6      8.28057e-7 
     7.41316e+6      7.96007e-7 
      7.4873e+6      7.65195e-7 
     7.56217e+6      7.35573e-7 
     7.63779e+6      7.07096e-7 
     7.71416e+6      6.79719e-7 
     7.79131e+6        6.534e-7 
     7.86922e+6      6.28098e-7 
     7.94791e+6      6.03774e-7 
     8.02739e+6       5.8039e-7 
     8.10766e+6       5.5791e-7 
     8.18874e+6      5.36299e-7 
     8.27063e+6      5.15524e-7 
     8.35333e+6      4.95552e-7 
     8.43686e+6      4.76353e-7 
     8.52123e+6      4.57896e-7 
     8.60644e+6      4.40153e-7 
     8.69251e+6      4.23096e-7 
     8.77943e+6      4.06699e-7 
     8.86723e+6      3.90936e-7 
      8.9559e+6      3.75784e-7 
     9.04546e+6      3.61217e-7 
     9.13591e+6      3.47215e-7 
     9.22727e+6      3.33754e-7 
     9.31954e+6      3.20814e-7 
     9.41274e+6      3.08376e-7 
     9.50687e+6      2.96418e-7 
     9.60193e+6      2.84924e-7 
     9.69795e+6      2.73875e-7 
     9.79493e+6      2.63253e-7 
     9.89288e+6      2.53043e-7 
     9.99181e+6      2.43228e-7 
