# Black Body
# teff = 167000 K (value for the effective temperature for the model. Temperatures are given in K)
#
# column 1: WAVELENGTH (ANGSTROM), Wavelength in Angstrom
# column 2: FLUX (ERG/CM2/S/A), Flux in erg/cm2/s/A
              1               0 
              2     3.0837e-162 
              3    9.31504e-101 
              4     3.34792e-70 
              5     5.60268e-52 
              6     6.67733e-40 
              7     2.50335e-31 
              8     6.16668e-25 
              9     5.38273e-20 
             10     4.56653e-16 
             11     7.14675e-13 
             12     3.16036e-10 
             13      5.30164e-8 
             14      4.16226e-6 
             15     0.000178338 
             16      0.00467858 
             17       0.0820485 
             18          1.0297 
             19         9.75772 
             20         72.8798 
             21         444.146 
             22         2271.89 
             23         9984.21 
             24         38435.2 
             25          131732 
             26          407531 
             27      1.15134e+6 
             28      3.00026e+6 
             29      7.27362e+6 
             30      1.65275e+7 
             31      3.54268e+7 
             32      7.20395e+7 
             33       1.3966e+8 
             34      2.59255e+8 
             35      4.62598e+8 
             36      7.96135e+8 
             37      1.32554e+9 
             38      2.14094e+9 
             39      3.36257e+9 
             40      5.14686e+9 
             41      7.69257e+9 
             42     1.12468e+10 
             43     1.61106e+10 
             44     2.26438e+10 
             45     3.12696e+10 
             46     4.24767e+10 
             47     5.68217e+10 
             48      7.4929e+10 
             49     9.74898e+10 
             50     1.25259e+11 
             51     1.59052e+11 
             52     1.99738e+11 
             53     2.48234e+11 
             54     3.05497e+11 
             55     3.72514e+11 
             56     4.50296e+11 
             57     5.39862e+11 
             58     6.42236e+11 
             59     7.58429e+11 
             60     8.89436e+11 
             61     1.03622e+12 
             62     1.19971e+12 
             63     1.38078e+12 
             64     1.58025e+12 
             65     1.79888e+12 
             66     2.03735e+12 
             67     2.29629e+12 
             68     2.57621e+12 
             69     2.87757e+12 
             70     3.20072e+12 
             71     3.54594e+12 
             72      3.9134e+12 
             73     4.30319e+12 
             74     4.71531e+12 
             75     5.14968e+12 
             76     5.60611e+12 
             77     6.08436e+12 
             78     6.58407e+12 
             79     7.10484e+12 
             80     7.64617e+12 
             81     8.20751e+12 
             82     8.78823e+12 
             83     9.38766e+12 
             84     1.00051e+13 
             85     1.06396e+13 
             86     1.12906e+13 
             87     1.19570e+13 
             88     1.26381e+13 
             89     1.33328e+13 
             90     1.40402e+13 
             91     1.47594e+13 
             92     1.54893e+13 
             93      1.6229e+13 
             94     1.69774e+13 
             95     1.77336e+13 
             96     1.84966e+13 
             97     1.92652e+13 
             98     2.00387e+13 
             99     2.08159e+13 
            100     2.15959e+13 
            101     2.23778e+13 
            102     2.31607e+13 
            103     2.39435e+13 
            104     2.47255e+13 
            105     2.55058e+13 
            106     2.62835e+13 
            107     2.70578e+13 
            108      2.7828e+13 
            109     2.85932e+13 
            110     2.93529e+13 
            111     3.01062e+13 
            112     3.08525e+13 
            113     3.15912e+13 
            114     3.23218e+13 
            115     3.30435e+13 
            116     3.37559e+13 
            117     3.44584e+13 
            118     3.51507e+13 
            119     3.58322e+13 
            120     3.65026e+13 
            121     3.71614e+13 
            122     3.78083e+13 
            123      3.8443e+13 
            124     3.90652e+13 
            125     3.96745e+13 
            126     4.02708e+13 
            127     4.08538e+13 
            128     4.14233e+13 
            129     4.19792e+13 
            130     4.25212e+13 
            131     4.30494e+13 
            132     4.35635e+13 
            133     4.40635e+13 
            134     4.45492e+13 
            135     4.50208e+13 
            136     4.54781e+13 
            137     4.59211e+13 
            138     4.63498e+13 
            139     4.67643e+13 
            140     4.71645e+13 
            141     4.75506e+13 
            142     4.79225e+13 
            143     4.82804e+13 
            144     4.86244e+13 
            145     4.89545e+13 
            146     4.92709e+13 
            147     4.95736e+13 
            148     4.98628e+13 
            149     5.01387e+13 
            150     5.04013e+13 
            151     5.06508e+13 
            152     5.08875e+13 
            153     5.11114e+13 
            154     5.13227e+13 
            155     5.15216e+13 
            156     5.17082e+13 
            157     5.18828e+13 
            158     5.20456e+13 
            159     5.21966e+13 
            160     5.23362e+13 
            161     5.24646e+13 
            162     5.25818e+13 
            163     5.26882e+13 
            164     5.27839e+13 
            165     5.28691e+13 
            166     5.29440e+13 
            167     5.30089e+13 
            168      5.3064e+13 
            169     5.31093e+13 
            170     5.31452e+13 
            171     5.31719e+13 
            172     5.31896e+13 
            173     5.31984e+13 
            174     5.31985e+13 
            175     5.31903e+13 
            176     5.31738e+13 
            177     5.31493e+13 
            178     5.31169e+13 
            179      5.3077e+13 
            180     5.30295e+13 
            181     5.29748e+13 
            182     5.29131e+13 
            183     5.28445e+13 
            184     5.27692e+13 
            185     5.26874e+13 
            186     5.25993e+13 
            187     5.25051e+13 
            188     5.24049e+13 
            189     5.22989e+13 
            190     5.21873e+13 
            191     5.20702e+13 
            192     5.19479e+13 
            193     5.18204e+13 
            194      5.1688e+13 
            195     5.15508e+13 
            196     5.14089e+13 
            197     5.12626e+13 
            198     5.11119e+13 
            199      5.0957e+13 
            200     5.07981e+13 
            202     5.04687e+13 
            204     5.01247e+13 
            206     4.97673e+13 
            208     4.93975e+13 
            210     4.90162e+13 
            212     4.86243e+13 
            214     4.82228e+13 
            216     4.78125e+13 
            218     4.73942e+13 
            220     4.69688e+13 
            222     4.65368e+13 
            224     4.60991e+13 
            226     4.56563e+13 
            228     4.52090e+13 
            230     4.47579e+13 
            232     4.43035e+13 
            234     4.38464e+13 
            236      4.3387e+13 
            238     4.29258e+13 
            240     4.24634e+13 
            242         4.2e+13 
            244     4.15362e+13 
            246     4.10723e+13 
            248     4.06087e+13 
            250     4.01457e+13 
            252     3.96836e+13 
            254     3.92227e+13 
            256     3.87633e+13 
            258     3.83057e+13 
            260     3.78501e+13 
            262     3.73966e+13 
            264     3.69456e+13 
            266     3.64973e+13 
            268     3.60517e+13 
            270     3.56091e+13 
            272     3.51696e+13 
            274     3.47333e+13 
            276     3.43005e+13 
            278     3.38711e+13 
            280     3.34454e+13 
            282     3.30234e+13 
            284     3.26052e+13 
            286     3.21909e+13 
            288     3.17805e+13 
            290     3.13741e+13 
            292     3.09718e+13 
            294     3.05737e+13 
            296     3.01797e+13 
            298     2.97899e+13 
            300     2.94044e+13 
            303     2.88341e+13 
            306     2.82734e+13 
            309     2.77224e+13 
            312     2.71812e+13 
            315     2.66497e+13 
            318     2.61278e+13 
            321     2.56156e+13 
            324     2.51131e+13 
            327     2.46200e+13 
            330     2.41365e+13 
            333     2.36624e+13 
            336     2.31975e+13 
            339     2.27419e+13 
            342     2.22953e+13 
            345     2.18578e+13 
            348     2.14290e+13 
            351     2.10091e+13 
            354     2.05977e+13 
            357     2.01948e+13 
            360     1.98002e+13 
            363     1.94139e+13 
            366     1.90356e+13 
            369     1.86652e+13 
            372     1.83026e+13 
            375     1.79477e+13 
            378     1.76002e+13 
            381     1.72601e+13 
            384     1.69273e+13 
            387     1.66015e+13 
            390     1.62826e+13 
            393     1.59706e+13 
            396     1.56652e+13 
            399     1.53663e+13 
            402     1.50738e+13 
            406     1.46935e+13 
            410      1.4324e+13 
            414     1.39651e+13 
            418     1.36163e+13 
            422     1.32775e+13 
            426     1.29482e+13 
            430     1.26284e+13 
            434     1.23175e+13 
            438     1.20155e+13 
            442      1.1722e+13 
            446     1.14368e+13 
            450     1.11596e+13 
            454     1.08903e+13 
            458     1.06284e+13 
            462      1.0374e+13 
            466     1.01266e+13 
            470     9.88612e+12 
            474     9.65234e+12 
            478     9.42503e+12 
            482     9.20402e+12 
            486      8.9891e+12 
            490      8.7801e+12 
            494     8.57683e+12 
            498     8.37912e+12 
            502      8.1868e+12 
            507     7.95373e+12 
            512     7.72852e+12 
            517     7.51088e+12 
            522     7.30053e+12 
            527     7.09718e+12 
            532     6.90057e+12 
            537     6.71046e+12 
            542     6.52661e+12 
            547     6.34877e+12 
            552     6.17674e+12 
            557     6.01028e+12 
            562      5.8492e+12 
            567      5.6933e+12 
            572      5.5424e+12 
            577      5.3963e+12 
            582     5.25483e+12 
            587     5.11783e+12 
            592     4.98513e+12 
            597     4.85658e+12 
            602     4.73203e+12 
            608     4.58765e+12 
            614     4.44859e+12 
            620     4.31462e+12 
            626     4.18553e+12 
            632     4.06112e+12 
            638     3.94118e+12 
            644     3.82553e+12 
            650     3.71399e+12 
            656      3.6064e+12 
            662      3.5026e+12 
            668     3.40242e+12 
            674     3.30573e+12 
            680     3.21237e+12 
            686     3.12223e+12 
            692     3.03516e+12 
            698     2.95105e+12 
            704     2.86978e+12 
            711      2.7784e+12 
            718     2.69057e+12 
            725     2.60612e+12 
            732     2.52491e+12 
            739     2.44678e+12 
            746     2.37161e+12 
            753     2.29925e+12 
            760     2.22959e+12 
            767     2.16252e+12 
            774      2.0979e+12 
            781     2.03565e+12 
            788     1.97566e+12 
            795     1.91784e+12 
            802     1.86208e+12 
            810     1.80079e+12 
            818     1.74197e+12 
            826      1.6855e+12 
            834     1.63127e+12 
            842     1.57918e+12 
            850     1.52913e+12 
            858     1.48103e+12 
            866     1.43478e+12 
            874      1.3903e+12 
            882     1.34752e+12 
            890     1.30635e+12 
            898     1.26673e+12 
            906     1.22858e+12 
            915     1.18735e+12 
            924     1.14782e+12 
            933     1.10990e+12 
            942     1.07353e+12 
            951     1.03862e+12 
            960      1.0051e+12 
            969     9.72919e+11 
            978     9.42002e+11 
            987     9.12294e+11 
            996     8.83738e+11 
           1005     8.56283e+11 
           1015     8.27007e+11 
           1025     7.98962e+11 
           1035     7.72088e+11 
           1045     7.46327e+11 
           1055     7.21624e+11 
           1065     6.97927e+11 
           1075      6.7519e+11 
           1085     6.53365e+11 
           1095     6.32409e+11 
           1105     6.12282e+11 
           1116     5.91053e+11 
           1127      5.7073e+11 
           1138     5.51269e+11 
           1149     5.32626e+11 
           1160      5.1476e+11 
           1171     4.97633e+11 
           1182     4.81209e+11 
           1193     4.65453e+11 
           1204     4.50334e+11 
           1216      4.3453e+11 
           1228     4.19411e+11 
           1240      4.0494e+11 
           1252     3.91085e+11 
           1264     3.77816e+11 
           1276     3.65102e+11 
           1288     3.52916e+11 
           1300     3.41232e+11 
           1313     3.29112e+11 
           1326     3.17524e+11 
           1339      3.0644e+11 
           1352     2.95833e+11 
           1365     2.85679e+11 
           1378     2.75956e+11 
           1391     2.66642e+11 
           1404     2.57715e+11 
           1418     2.48515e+11 
           1432      2.3972e+11 
           1446      2.3131e+11 
           1460     2.23264e+11 
           1474     2.15563e+11 
           1488     2.08191e+11 
           1502     2.01131e+11 
           1517     1.93894e+11 
           1532     1.86978e+11 
           1547     1.80368e+11 
           1562     1.74046e+11 
           1577     1.67998e+11 
           1592      1.6221e+11 
           1607     1.56668e+11 
           1623     1.51015e+11 
           1639     1.45614e+11 
           1655     1.40451e+11 
           1671     1.35515e+11 
           1687     1.30793e+11 
           1703     1.26275e+11 
           1720     1.21685e+11 
           1737     1.17302e+11 
           1754     1.13114e+11 
           1771      1.0911e+11 
           1788     1.05282e+11 
           1805      1.0162e+11 
           1823     9.79144e+10 
           1841     9.43756e+10 
           1859      9.0995e+10 
           1877     8.77641e+10 
           1895     8.46751e+10 
           1913     8.17206e+10 
           1932     7.87402e+10 
           1951     7.58941e+10 
           1970     7.31753e+10 
           1989      7.0577e+10 
           2008     6.80928e+10 
           2028     6.55946e+10 
           2048     6.32098e+10 
           2068     6.09322e+10 
           2088     5.87562e+10 
           2108     5.66762e+10 
           2129     5.45903e+10 
           2150     5.25993e+10 
           2171     5.06981e+10 
           2192      4.8882e+10 
           2213     4.71463e+10 
           2235     4.54098e+10 
           2257     4.37523e+10 
           2279     4.21697e+10 
           2301      4.0658e+10 
           2324     3.91491e+10 
           2347     3.77096e+10 
           2370     3.63355e+10 
           2393     3.50234e+10 
           2416     3.37699e+10 
           2440     3.25210e+10 
           2464     3.13294e+10 
           2488     3.01917e+10 
           2512     2.91052e+10 
           2537     2.80248e+10 
           2562      2.6994e+10 
           2587     2.60102e+10 
           2612     2.50707e+10 
           2638     2.41382e+10 
           2664     2.32486e+10 
           2690     2.23996e+10 
           2716     2.15889e+10 
           2743     2.07855e+10 
           2770     2.00191e+10 
           2797     1.92876e+10 
           2824     1.85892e+10 
           2852      1.7898e+10 
           2880     1.72386e+10 
           2908     1.66093e+10 
           2937     1.59875e+10 
           2966     1.53945e+10 
           2995     1.48287e+10 
           3024     1.42886e+10 
           3054     1.37555e+10 
           3084     1.32471e+10 
           3114     1.27619e+10 
           3145     1.22836e+10 
           3176     1.18275e+10 
           3207     1.13924e+10 
           3239      1.0964e+10 
           3271     1.05555e+10 
           3303     1.01659e+10 
           3336      9.78274e+9 
           3369      9.41745e+9 
           3402      9.06904e+9 
           3436      8.72676e+9 
           3470      8.40047e+9 
           3504      8.08928e+9 
           3539      7.78383e+9 
           3574      7.49266e+9 
           3609      7.21497e+9 
           3645      6.94263e+9 
           3681      6.68302e+9 
           3717      6.43542e+9 
           3754      6.19278e+9 
           3791      5.96145e+9 
           3828      5.74083e+9 
           3866      5.52476e+9 
           3904      5.31875e+9 
           3943      5.11721e+9 
           3982      4.92512e+9 
           4021      4.74196e+9 
           4061      4.56285e+9 
           4101      4.39212e+9 
           4142      4.22533e+9 
           4183      4.06637e+9 
           4224      3.91482e+9 
           4266      3.76682e+9 
           4308      3.62575e+9 
           4351      3.48809e+9 
           4394       3.3569e+9 
           4437      3.23182e+9 
           4481       3.1098e+9 
           4525      2.99348e+9 
           4570      2.88009e+9 
           4615      2.77201e+9 
           4661      2.66672e+9 
           4707      2.56639e+9 
           4754      2.46869e+9 
           4801       2.3756e+9 
           4849      2.28502e+9 
           4897       2.1987e+9 
           4945      2.11643e+9 
           4994      2.03637e+9 
           5043      1.96006e+9 
           5093      1.88584e+9 
           5143       1.8151e+9 
           5194      1.74633e+9 
           5245      1.68078e+9 
           5297      1.61709e+9 
           5349      1.55638e+9 
           5402      1.49741e+9 
           5456      1.44017e+9 
           5510      1.38563e+9 
           5565      1.33272e+9 
           5620      1.28230e+9 
           5676       1.2334e+9 
           5732       1.1868e+9 
           5789      1.14161e+9 
           5846      1.09855e+9 
           5904       1.0568e+9 
           5963      1.01634e+9 
           6022      9.77802e+8 
           6082      9.40463e+8 
           6142       9.0489e+8 
           6203      8.70431e+8 
           6265      8.37072e+8 
           6327      8.05295e+8 
           6390      7.74535e+8 
           6453      7.45229e+8 
           6517      7.16864e+8 
           6582      6.89423e+8 
           6647      6.63282e+8 
           6713      6.37995e+8 
           6780      6.13545e+8 
           6847      5.90255e+8 
           6915      5.67736e+8 
           6984      5.45973e+8 
           7053      5.25242e+8 
           7123      5.05207e+8 
           7194      4.85852e+8 
           7265      4.67415e+8 
           7337      4.49602e+8 
           7410        4.324e+8 
           7484      4.15794e+8 
           7558      3.99977e+8 
           7633      3.84706e+8 
           7709      3.69968e+8 
           7786      3.55749e+8 
           7863      3.42206e+8 
           7941      3.29138e+8 
           8020      3.16532e+8 
           8100      3.04375e+8 
           8181      2.92655e+8 
           8262      2.81494e+8 
           8344      2.70732e+8 
           8427      2.60357e+8 
           8511      2.50358e+8 
           8596      2.40724e+8 
           8681      2.31549e+8 
           8767      2.22706e+8 
           8854      2.14186e+8 
           8942      2.05979e+8 
           9031      1.98074e+8 
           9121      1.90462e+8 
           9212      1.83134e+8 
           9304       1.7608e+8 
           9397      1.69291e+8 
           9490      1.62826e+8 
           9584      1.56602e+8 
           9679      1.50611e+8 
           9775      1.44845e+8 
           9872      1.39297e+8 
           9970      1.33958e+8 
          10069      1.28823e+8 
          10169      1.23883e+8 
          10270      1.19131e+8 
          10372      1.14561e+8 
          10475      1.10167e+8 
          10579      1.05942e+8 
          10684       1.0188e+8 
          10790       9.7974e+7 
          10897      9.42196e+7 
          11005      9.06107e+7 
          11115      8.71109e+7 
          11226      8.37488e+7 
          11338      8.05192e+7 
          11451      7.74171e+7 
          11565      7.44374e+7 
          11680      7.15753e+7 
          11796      6.88264e+7 
          11913      6.61862e+7 
          12032      6.36294e+7 
          12152      6.11749e+7 
          12273      5.88186e+7 
          12395      5.65566e+7 
          12518      5.43851e+7 
          12643       5.2284e+7 
          12769      5.02677e+7 
          12896      4.83329e+7 
          13024      4.64761e+7 
          13154      4.46806e+7 
          13285      4.29582e+7 
          13417      4.13058e+7 
          13551      3.97087e+7 
          13686      3.81771e+7 
          13822      3.67081e+7 
          13960      3.52889e+7 
          14099      3.39282e+7 
          14239      3.26233e+7 
          14381      3.13632e+7 
          14524      3.01551e+7 
          14669      2.89889e+7 
          14815      2.78711e+7 
          14963      2.67925e+7 
          15112      2.57587e+7 
          15263      2.47614e+7 
          15415      2.38058e+7 
          15569      2.28842e+7 
          15724      2.20012e+7 
          15881      2.11498e+7 
          16039      2.03341e+7 
          16199      1.95478e+7 
          16360      1.87945e+7 
          16523      1.80685e+7 
          16688       1.7369e+7 
          16854       1.6699e+7 
          17022      1.60536e+7 
          17192      1.54318e+7 
          17363      1.48365e+7 
          17536      1.42632e+7 
          17711      1.37111e+7 
          17888      1.31796e+7 
          18066      1.26708e+7 
          18246      1.21811e+7 
          18428      1.17097e+7 
          18612      1.12561e+7 
          18798      1.08197e+7 
          18985       1.0402e+7 
          19174      1.00001e+7 
          19365      9.61355e+6 
          19558       9.2417e+6 
          19753      8.88408e+6 
          19950      8.54019e+6 
          20149      8.20953e+6 
          20350      7.89164e+6 
          20553      7.58604e+6 
          20758       7.2923e+6 
          20965      7.00998e+6 
          21174      6.73866e+6 
          21385      6.47792e+6 
          21598      6.22738e+6 
          21813      5.98665e+6 
          22031      5.75432e+6 
          22251      5.53117e+6 
          22473      5.31686e+6 
          22697      5.11102e+6 
          22923      4.91335e+6 
          23152       4.7227e+6 
          23383      4.53967e+6 
          23616      4.36394e+6 
          23852      4.19454e+6 
          24090      4.03194e+6 
          24330      3.87588e+6 
          24573      3.72548e+6 
          24818      3.58116e+6 
          25066      3.44211e+6 
          25316      3.30871e+6 
          25569      3.18023e+6 
          25824      3.05697e+6 
          26082      2.93829e+6 
          26342      2.82445e+6 
          26605      2.71485e+6 
          26871      2.60936e+6 
          27139      2.50821e+6 
          27410      2.41086e+6 
          27684      2.31718e+6 
          27960      2.22738e+6 
          28239      2.14097e+6 
          28521      2.05786e+6 
          28806      1.97792e+6 
          29094      1.90104e+6 
          29384      1.82736e+6 
          29677      1.75651e+6 
          29973      1.68839e+6 
          30272       1.6229e+6 
          30574      1.55994e+6 
          30879      1.49942e+6 
          31187      1.44126e+6 
          31498      1.38537e+6 
          31812      1.33166e+6 
          32130      1.27989e+6 
          32451      1.23016e+6 
          32775      1.18238e+6 
          33102       1.1365e+6 
          33433       1.0923e+6 
          33767      1.04985e+6 
          34104       1.0091e+6 
          34445          969846 
          34789          932167 
          35136          895995 
          35487          861174 
          35841          827751 
          36199          795583 
          36560          764713 
          36925          735008 
          37294          706429 
          37666          679010 
          38042          652634 
          38422          627267 
          38806          602872 
          39194          579415 
          39585          556920 
          39980          535293 
          40379          514502 
          40782          494517 
          41189          475308 
          41600          456848 
          42016          439068 
          42436          421985 
          42860          405573 
          43288          389808 
          43720          374666 
          44157          360088 
          44598          346089 
          45043          332645 
          45493          319708 
          45947          307287 
          46406          295336 
          46870          283840 
          47338          272805 
          47811          262192 
          48289          251987 
          48771          242193 
          49258          232777 
          49750          223724 
          50247          215021 
          50749          206656 
          51256          198617 
          51768          190891 
          52285          183467 
          52807          176334 
          53335          169468 
          53868          162873 
          54406          156538 
          54950          150442 
          55499          144589 
          56053          138967 
          56613          133560 
          57179          128360 
          57750          123367 
          58327          118566 
          58910          113950 
          59499          109512 
          60093          105254 
          60693          101160 
          61299         97225.8 
          61911         93444.5 
          62530         89805.2 
          63155         86308.6 
          63786         82949.3 
          64423         79722.2 
          65067         76617.7 
          65717         73635.9 
          66374           70768 
          67037           68014 
          67707         65365.7 
          68384         62819.4 
          69067         60374.9 
          69757         58024.9 
          70454           55766 
          71158         53594.9 
          71869         51508.4 
          72587         49503.4 
          73312         47576.9 
          74045         45723.4 
          74785         43942.9 
          75532         42232.5 
          76287         40587.6 
          77049         39007.8 
          77819         37488.8 
          78597         36028.3 
          79382         34626.1 
          80175         33278.1 
          80976         31982.5 
          81785         30737.3 
          82602         29540.7 
          83428         28389.6 
          84262         27283.6 
          85104         26221.1 
          85955         25199.2 
          86814         24217.8 
          87682         23274.1 
          88558         22367.9 
          89443         21496.7 
          90337         20659.3 
          91240         19854.4 
          92152         19080.9 
          93073         18337.7 
          94003         17623.5 
          94943         16936.6 
          95892         16276.8 
          96850           15643 
          97818         15033.5 
          98796         14447.7 
          99783         13885.1 
         100780         13344.3 
         101787         12824.5 
         102804         12325.1 
         103832         11844.7 
         104870         11383.1 
         105918         10939.7 
         106977         10513.3 
         108046         10103.8 
         109126         9710.06 
         110217         9331.63 
         111319         8967.92 
         112432         8618.38 
         113556          8282.5 
         114691         7959.78 
         115837         7649.71 
         116995         7351.59 
         118164         7065.22 
         119345         6789.93 
         120538         6525.31 
         121743            6271 
         122960          6026.6 
         124189         5791.76 
         125430         5566.12 
         126684         5349.16 
         127950         5140.75 
         129229          4940.4 
         130521         4747.82 
         131826         4562.74 
         133144         4384.88 
         134475         4213.98 
         135819         4049.77 
         137177         3891.89 
         138548         3740.23 
         139933         3594.45 
         141332         3454.33 
         142745         3319.68 
         144172         3190.28 
         145613         3065.95 
         147069         2946.41 
         148539         2831.58 
         150024          2721.2 
         151524         2615.11 
         153039         2513.15 
         154569         2415.18 
         156114         2321.05 
         157675         2230.55 
         159251         2143.61 
         160843         2060.05 
         162451         1979.74 
         164075         1902.57 
         165715         1828.41 
         167372         1757.12 
         169045         1688.63 
         170735          1622.8 
         172442         1559.53 
         174166         1498.73 
         175907          1440.3 
         177666         1384.14 
         179442         1330.18 
         181236         1278.32 
         183048         1228.48 
         184878         1180.59 
         186726         1134.56 
         188593         1090.32 
         190478         1047.83 
         192382         1006.98 
         194305         967.723 
         196248         929.985 
         198210         893.725 
         200192         858.872 
         202193         825.392 
         204214         793.217 
         206256         762.284 
         208318         732.563 
         210401         703.995 
         212505         676.539 
         214630         650.155 
         216776         624.802 
         218943         600.442 
         221132         577.029 
         223343         554.528 
         225576         532.904 
         227831         512.127 
         230109         492.156 
         232410         472.962 
         234734         454.516 
         237081         436.791 
         239451         419.761 
         241845         403.393 
         244263         387.662 
         246705         372.546 
         249172         358.016 
         251663         344.056 
         254179          330.64 
         256720         317.748 
         259287         305.356 
         261879         293.449 
         264497         282.007 
         267141         271.012 
         269812         260.442 
         272510         250.285 
         275235         240.523 
         277987         231.142 
         280766         222.129 
         283573         213.467 
         286408         205.143 
         289272         197.141 
         292164         189.454 
         295085         182.065 
         298035         174.966 
         301015         168.142 
         304025         161.584 
         307065         155.281 
         310135         149.226 
         313236         143.406 
         316368         137.812 
         319531         132.438 
         322726         127.273 
         325953         122.308 
         329212         117.538 
         332504         112.954 
         335829         108.548 
         339187         104.314 
         342578         100.246 
         346003         96.3363 
         349463         92.5785 
         352957         88.9678 
         356486         85.4979 
         360050         82.1636 
         363650          78.959 
         367286         75.8793 
         370958         72.9201 
         374667          70.076 
         378413         67.3429 
         382197          64.716 
         386018         62.1921 
         389878         59.7662 
         393776         57.4352 
         397713         55.1951 
         401690         53.0421 
         405706         50.9734 
         409763          48.985 
         413860         47.0744 
         417998         45.2383 
         422177         43.4739 
         426398         41.7783 
         430661         40.1489 
         434967         38.5829 
         439316          37.078 
         443709         35.6316 
         448146         34.2417 
         452627          32.906 
         457153         31.6224 
         461724         30.3889 
         466341         29.2035 
         471004         28.0643 
         475714         26.9695 
         480471         25.9174 
         485275         24.9065 
         490127          23.935 
         495028         23.0013 
         499978         22.1041 
         504977         21.2419 
         510026         20.4134 
         515126          19.617 
         520277         18.8518 
         525479         18.1164 
         530733         17.4098 
         536040         16.7306 
         541400          16.078 
         546814         15.4508 
         552282          14.848 
         557804         14.2688 
         563382         13.7122 
         569015         13.1773 
         574705         12.6632 
         580452         12.1692 
         586256         11.6945 
         592118         11.2383 
         598039         10.7999 
         604019         10.3786 
         610059          9.9737 
         616159         9.58463 
         622320         9.21074 
         628543         8.85142 
         634828         8.50612 
         641176         8.17428 
         647587         7.85541 
         654062         7.54899 
         660602          7.2545 
         667208         6.97148 
         673880          6.6995 
         680618         6.43816 
         687424         6.18699 
         694298         5.94562 
         701240         5.71369 
         708252         5.49079 
         715334         5.27659 
         722487         5.07074 
         729711         4.87293 
         737008         4.68282 
         744378         4.50013 
         751821         4.32458 
         759339         4.15586 
         766932         3.99373 
         774601         3.83793 
         782347         3.68819 
         790170         3.54431 
         798071         3.40604 
         806051         3.27317 
         814111         3.14547 
         822252         3.02276 
         830474         2.90483 
         838778         2.79151 
         847165         2.68261 
         855636         2.57796 
         864192         2.47738 
         872833         2.38074 
         881561         2.28786 
         890376          2.1986 
         899279         2.11283 
         908271         2.03041 
         917353         1.95119 
         926526         1.87507 
         935791         1.80192 
         945148         1.73162 
         954599         1.66407 
         964144         1.59915 
         973785         1.53676 
         983522         1.47681 
         993357         1.41919 
     1.00329e+6         1.36382 
     1.01332e+6         1.31062 
     1.02346e+6         1.25948 
     1.03369e+6         1.21035 
     1.04402e+6         1.16313 
     1.05446e+6         1.11775 
     1.06501e+6         1.07414 
     1.07566e+6         1.03223 
     1.08642e+6        0.991962 
     1.09728e+6         0.95326 
     1.10825e+6        0.916071 
     1.11933e+6        0.880331 
     1.13053e+6        0.845985 
     1.14183e+6        0.812979 
     1.15325e+6         0.78126 
     1.16478e+6         0.75078 
     1.17643e+6        0.721489 
     1.18819e+6         0.69334 
     1.20007e+6        0.666291 
     1.21207e+6        0.640296 
     1.22419e+6        0.615316 
     1.23643e+6         0.59131 
      1.2488e+6         0.56824 
     1.26128e+6        0.546071 
      1.2739e+6        0.524767 
     1.28664e+6        0.504294 
      1.2995e+6        0.484619 
      1.3125e+6         0.46571 
     1.32562e+6        0.447541 
     1.33888e+6         0.43008 
     1.35226e+6        0.413301 
     1.36579e+6        0.397176 
     1.37944e+6         0.38168 
     1.39324e+6        0.366789 
     1.40717e+6        0.352478 
     1.42124e+6        0.338726 
     1.43545e+6        0.325511 
     1.44981e+6        0.312811 
      1.4643e+6        0.300606 
     1.47895e+6        0.288877 
     1.49374e+6        0.277607 
     1.50867e+6        0.266775 
     1.52376e+6        0.256367 
       1.539e+6        0.246365 
     1.55438e+6        0.236753 
     1.56993e+6        0.227516 
     1.58563e+6        0.218639 
     1.60148e+6        0.210109 
      1.6175e+6        0.201911 
     1.63367e+6        0.194034 
     1.65001e+6        0.186464 
     1.66651e+6        0.179188 
     1.68317e+6        0.172197 
         1.7e+6        0.165479 
       1.717e+6        0.159022 
     1.73417e+6        0.152817 
     1.75151e+6        0.146855 
     1.76903e+6        0.141125 
     1.78672e+6        0.135619 
     1.80459e+6        0.130328 
     1.82263e+6        0.125243 
     1.84086e+6        0.120356 
     1.85926e+6         0.11566 
     1.87786e+6        0.111148 
     1.89664e+6        0.106811 
      1.9156e+6        0.102644 
     1.93476e+6       0.0986389 
      1.9541e+6       0.0947903 
     1.97364e+6       0.0910918 
     1.99338e+6       0.0875377 
     2.01331e+6       0.0841223 
     2.03345e+6       0.0808401 
     2.05378e+6        0.077686 
     2.07432e+6        0.074655 
     2.09506e+6       0.0717422 
     2.11601e+6        0.068943 
     2.13717e+6        0.066253 
     2.15854e+6       0.0636681 
     2.18013e+6       0.0611839 
     2.20193e+6       0.0587967 
     2.22395e+6       0.0565026 
     2.24619e+6       0.0542981 
     2.26865e+6       0.0521795 
     2.29133e+6       0.0501436 
     2.31425e+6       0.0481872 
     2.33739e+6       0.0463071 
     2.36076e+6       0.0445003 
     2.38437e+6        0.042764 
     2.40821e+6       0.0410955 
     2.43229e+6       0.0394921 
     2.45662e+6       0.0379512 
     2.48118e+6       0.0364705 
     2.50599e+6       0.0350475 
     2.53105e+6       0.0336801 
     2.55636e+6        0.032366 
     2.58192e+6       0.0311031 
     2.60774e+6       0.0298896 
     2.63382e+6       0.0287233 
     2.66016e+6       0.0276026 
     2.68676e+6       0.0265256 
     2.71363e+6       0.0254907 
     2.74076e+6       0.0244961 
     2.76817e+6       0.0235403 
     2.79585e+6       0.0226218 
     2.82381e+6       0.0217392 
     2.85205e+6        0.020891 
     2.88057e+6       0.0200759 
     2.90937e+6       0.0192925 
     2.93846e+6       0.0185398 
     2.96785e+6       0.0178164 
     2.99753e+6       0.0171213 
      3.0275e+6       0.0164532 
     3.05778e+6       0.0158113 
     3.08835e+6       0.0151944 
     3.11924e+6       0.0146015 
     3.15043e+6       0.0140318 
     3.18193e+6       0.0134843 
     3.21375e+6       0.0129582 
     3.24589e+6       0.0124526 
     3.27835e+6       0.0119667 
     3.31113e+6       0.0114998 
     3.34424e+6       0.0110511 
     3.37768e+6       0.0106199 
     3.41146e+6       0.0102055 
     3.44557e+6      0.00980733 
     3.48003e+6      0.00942467 
     3.51483e+6      0.00905694 
     3.54998e+6      0.00870355 
     3.58547e+6      0.00836396 
     3.62133e+6      0.00803762 
     3.65754e+6        0.007724 
     3.69412e+6      0.00742263 
     3.73106e+6      0.00713301 
     3.76837e+6      0.00685469 
     3.80605e+6      0.00658724 
     3.84411e+6      0.00633022 
     3.88255e+6      0.00608322 
     3.92138e+6      0.00584586 
     3.96059e+6      0.00561777 
     4.00019e+6      0.00539858 
      4.0402e+6      0.00518794 
      4.0806e+6      0.00498552 
      4.1214e+6      0.00479099 
     4.16262e+6      0.00460406 
     4.20424e+6      0.00442441 
     4.24628e+6      0.00425178 
     4.28874e+6      0.00408588 
     4.33163e+6      0.00392646 
     4.37495e+6      0.00377325 
      4.4187e+6      0.00362603 
     4.46288e+6      0.00348455 
     4.50751e+6      0.00334859 
     4.55259e+6      0.00321793 
     4.59811e+6      0.00309237 
     4.64409e+6      0.00297171 
     4.69053e+6      0.00285576 
     4.73744e+6      0.00274434 
     4.78481e+6      0.00263725 
     4.83266e+6      0.00253435 
     4.88098e+6      0.00243547 
     4.92979e+6      0.00234044 
     4.97909e+6      0.00224912 
     5.02888e+6      0.00216136 
     5.07917e+6      0.00207703 
     5.12996e+6      0.00199599 
     5.18126e+6      0.00191811 
     5.23307e+6      0.00184327 
      5.2854e+6      0.00177134 
     5.33826e+6      0.00170223 
     5.39164e+6      0.00163581 
     5.44555e+6      0.00157198 
     5.50001e+6      0.00151065 
     5.55501e+6       0.0014517 
     5.61056e+6      0.00139506 
     5.66666e+6      0.00134063 
     5.72333e+6      0.00128832 
     5.78056e+6      0.00123805 
     5.83837e+6      0.00118974 
     5.89675e+6      0.00114332 
     5.95572e+6      0.00109871 
     6.01527e+6      0.00105584 
     6.07543e+6      0.00101464 
     6.13618e+6     0.000975051 
     6.19754e+6     0.000937006 
     6.25952e+6     0.000900446 
     6.32211e+6     0.000865311 
     6.38533e+6     0.000831548 
     6.44918e+6     0.000799102 
     6.51368e+6     0.000767922 
     6.57881e+6     0.000737959 
      6.6446e+6     0.000709164 
     6.71105e+6     0.000681493 
     6.77816e+6     0.000654902 
     6.84594e+6     0.000629349 
      6.9144e+6     0.000604792 
     6.98354e+6     0.000581194 
     7.05337e+6     0.000558517 
     7.12391e+6     0.000536724 
     7.19515e+6     0.000515782 
      7.2671e+6     0.000495656 
     7.33977e+6     0.000476317 
     7.41316e+6     0.000457731 
      7.4873e+6     0.000439871 
     7.56217e+6     0.000422708 
     7.63779e+6     0.000406215 
     7.71416e+6     0.000390365 
     7.79131e+6     0.000375133 
     7.86922e+6     0.000360496 
     7.94791e+6     0.000346429 
     8.02739e+6     0.000332912 
     8.10766e+6     0.000319922 
     8.18874e+6     0.000307439 
     8.27063e+6     0.000295443 
     8.35333e+6     0.000283915 
     8.43686e+6     0.000272837 
     8.52123e+6     0.000262192 
     8.60644e+6     0.000251961 
     8.69251e+6      0.00024213 
     8.77943e+6     0.000232682 
     8.86723e+6     0.000223603 
      8.9559e+6     0.000214878 
     9.04546e+6     0.000206494 
     9.13591e+6     0.000198437 
     9.22727e+6     0.000190694 
     9.31954e+6     0.000183253 
     9.41274e+6     0.000176103 
     9.50687e+6     0.000169232 
     9.60193e+6     0.000162628 
     9.69795e+6     0.000156283 
     9.79493e+6     0.000150185 
     9.89288e+6     0.000144325 
     9.99181e+6     0.000138693 
