# Black Body
# teff = 8150 K (value for the effective temperature for the model. Temperatures are given in K)
#
# column 1: WAVELENGTH (ANGSTROM), Wavelength in Angstrom
# column 2: FLUX (ERG/CM2/S/A), Flux in erg/cm2/s/A
              1               0 
              2               0 
              3               0 
              4               0 
              5               0 
              6               0 
              7               0 
              8               0 
              9               0 
             10               0 
             11               0 
             12               0 
             13               0 
             14               0 
             15               0 
             16               0 
             17               0 
             18               0 
             19               0 
             20               0 
             21               0 
             22               0 
             23               0 
             24               0 
             25               0 
             26    1.31836e-275 
             27    9.11175e-265 
             28    1.05206e-254 
             29    2.44256e-245 
             30    1.33895e-236 
             31    1.99319e-228 
             32    9.10634e-221 
             33    1.42184e-213 
             34    8.34214e-207 
             35    2.00037e-200 
             36    2.11244e-194 
             37    1.05009e-188 
             38      2.608e-183 
             39    3.41392e-178 
             40     2.4715e-173 
             41    1.03344e-168 
             42    2.59587e-164 
             43     4.0591e-160 
             44    4.08117e-156 
             45    2.71744e-152 
             46    1.23099e-148 
             47    3.88834e-145 
             48    8.75989e-142 
             49    1.43702e-138 
             50    1.74962e-135 
             51    1.60906e-132 
             52    1.13605e-129 
             53    6.25074e-127 
             54    2.71772e-124 
             55    9.45825e-122 
             56    2.66649e-119 
             57     6.1577e-117 
             58     1.1769e-114 
             59    1.87973e-112 
             60    2.53159e-110 
             61    2.89924e-108 
             62    2.84566e-106 
             63    2.41153e-104 
             64    1.77669e-102 
             65    1.14538e-100 
             66     6.50062e-99 
             67     3.26671e-97 
             68     1.46135e-95 
             69     5.84914e-94 
             70     2.10474e-92 
             71     6.83966e-91 
             72     2.01581e-89 
             73     5.40996e-88 
             74     1.32715e-86 
             75     2.98675e-85 
             76      6.1874e-84 
             77     1.18374e-82 
             78     2.09787e-81 
             79     3.45414e-80 
             80     5.29839e-79 
             81      7.5916e-78 
             82     1.01858e-76 
             83     1.28282e-75 
             84     1.51996e-74 
             85     1.69797e-73 
             86     1.79208e-72 
             87     1.79047e-71 
             88     1.69658e-70 
             89     1.52742e-69 
             90     1.30877e-68 
             91     1.06905e-67 
             92      8.3377e-67 
             93     6.21807e-66 
             94      4.4407e-65 
             95     3.04109e-64 
             96     1.99968e-63 
             97     1.26414e-62 
             98     7.69228e-62 
             99     4.51076e-61 
            100     2.55188e-60 
            101     1.39429e-59 
            102     7.36503e-59 
            103     3.76491e-58 
            104     1.86425e-57 
            105     8.94998e-57 
            106     4.16956e-56 
            107     1.88658e-55 
            108     8.29721e-55 
            109     3.54978e-54 
            110     1.47847e-53 
            111     5.99903e-53 
            112     2.37309e-52 
            113     9.15806e-52 
            114     3.45013e-51 
            115     1.26965e-50 
            116     4.56683e-50 
            117      1.6065e-49 
            118     5.53009e-49 
            119     1.86383e-48 
            120     6.15364e-48 
            121     1.99129e-47 
            122     6.31874e-47 
            123      1.9671e-46 
            124     6.01072e-46 
            125     1.80353e-45 
            126     5.31629e-45 
            127     1.54016e-44 
            128     4.38702e-44 
            129     1.22912e-43 
            130     3.38848e-43 
            131      9.1953e-43 
            132     2.45715e-42 
            133     6.46777e-42 
            134     1.67757e-41 
            135     4.28901e-41 
            136     1.08123e-40 
            137     2.68845e-40 
            138     6.59534e-40 
            139      1.5968e-39 
            140     3.81652e-39 
            141     9.00756e-39 
            142     2.09983e-38 
            143     4.83632e-38 
            144      1.1008e-37 
            145     2.47667e-37 
            146     5.50939e-37 
            147     1.21203e-36 
            148     2.63752e-36 
            149     5.67867e-36 
            150     1.20993e-35 
            151     2.55168e-35 
            152     5.32763e-35 
            153     1.10146e-34 
            154     2.25536e-34 
            155     4.57462e-34 
            156      9.1932e-34 
            157     1.83075e-33 
            158      3.6134e-33 
            159     7.06973e-33 
            160     1.37139e-32 
            161     2.63791e-32 
            162     5.03232e-32 
            163     9.52252e-32 
            164     1.78763e-31 
            165     3.32971e-31 
            166     6.15463e-31 
            167     1.12908e-30 
            168     2.05604e-30 
            169     3.71691e-30 
            170     6.67163e-30 
            171     1.18915e-29 
            172     2.10497e-29 
            173     3.70098e-29 
            174     6.46397e-29 
            175     1.12161e-28 
            176     1.93372e-28 
            177     3.31287e-28 
            178      5.6405e-28 
            179     9.54512e-28 
            180     1.60561e-27 
            181     2.68494e-27 
            182     4.46385e-27 
            183     7.37916e-27 
            184     1.21302e-26 
            185     1.98303e-26 
            186     3.22429e-26 
            187     5.21457e-26 
            188     8.38918e-26 
            189     1.34269e-25 
            190     2.13805e-25 
            191     3.38757e-25 
            192     5.34091e-25 
            193     8.37984e-25 
            194     1.30852e-24 
            195     2.03369e-24 
            196     3.14613e-24 
            197     4.84494e-24 
            198     7.42764e-24 
            199     1.13369e-23 
            200     1.72284e-23 
            202     3.92814e-23 
            204     8.80847e-23 
            206     1.94356e-22 
            208     4.22165e-22 
            210     9.03132e-22 
            212     1.90368e-21 
            214     3.95541e-21 
            216     8.10439e-21 
            218     1.63813e-20 
            220     3.26767e-20 
            222     6.43497e-20 
            224     1.25148e-19 
            226     2.40447e-19 
            228      4.5653e-19 
            230     8.56863e-19 
            232     1.59029e-18 
            234     2.91937e-18 
            236     5.30243e-18 
            238     9.53123e-18 
            240       1.696e-17 
            242     2.98826e-17 
            244      5.2147e-17 
            246     9.01498e-17 
            248     1.54427e-16 
            250     2.62181e-16 
            252     4.41257e-16 
            254     7.36354e-16 
            256     1.21863e-15 
            258     2.00049e-15 
            260     3.25805e-15 
            262     5.26524e-15 
            264      8.4449e-15 
            266      1.3445e-14 
            268     2.12517e-14 
            270     3.33548e-14 
            272     5.19907e-14 
            274      8.0494e-14 
            276     1.23804e-13 
            278     1.89192e-13 
            280     2.87295e-13 
            282      4.3358e-13 
            284     6.50407e-13 
            286     9.69909e-13 
            288     1.43801e-12 
            290     2.11996e-12 
            292     3.10802e-12 
            294     4.53186e-12 
            296      6.5729e-12 
            298     9.48356e-12 
            300     1.36134e-11 
            303     2.31949e-11 
            306     3.90904e-11 
            309     6.51837e-11 
            312     1.07581e-10 
            315     1.75788e-10 
            318     2.84461e-10 
            321     4.55993e-10 
            324     7.24286e-10 
            327      1.14023e-9 
            330      1.77954e-9 
            333      2.75399e-9 
            336      4.22724e-9 
            339      6.43702e-9 
            342      9.72615e-9 
            345      1.45852e-8 
            348      2.17115e-8 
            351      3.20887e-8 
            354      4.70958e-8 
            357      6.86526e-8 
            360       9.9415e-8 
            363      1.43034e-7 
            366      2.04498e-7 
            369      2.90583e-7 
            372      4.10439e-7 
            375       5.7635e-7 
            378      8.04723e-7 
            381      1.11735e-6 
            384      1.54301e-6 
            387      2.11955e-6 
            390      2.89647e-6 
            393      3.93819e-6 
            396      5.32814e-6 
            399      7.17394e-6 
            402      9.61369e-6 
            406      1.41023e-5 
            410      2.05228e-5 
            414      2.96365e-5 
            418       4.2478e-5 
            422      6.04421e-5 
            426      8.53976e-5 
            430     0.000119831 
            434      0.00016703 
            438     0.000231315 
            442     0.000318327 
            446     0.000435391 
            450     0.000591963 
            454     0.000800182 
            458      0.00107555 
            462      0.00143774 
            466      0.00191165 
            470      0.00252855 
            474      0.00332757 
            478      0.00435747 
            482      0.00567867 
            486      0.00736577 
            490       0.0095104 
            494       0.0122247 
            498       0.0156454 
            502       0.0199382 
            507       0.0268401 
            512       0.0359046 
            517       0.0477384 
            522       0.0630978 
            527        0.082921 
            532        0.108365 
            537        0.140852 
            542        0.182115 
            547        0.234265 
            552        0.299853 
            557        0.381951 
            562        0.484243 
            567        0.611126 
            572        0.767829 
            577        0.960539 
            582         1.19656 
            587         1.48446 
            592         1.83427 
            597          2.2577 
            602         2.76834 
            608         3.51857 
            614         4.44904 
            620         5.59745 
            626         7.00811 
            632         8.73294 
            638         10.8325 
            644         13.3772 
            650         16.4482 
            656         20.1396 
            662         24.5588 
            668         29.8291 
            674         36.0907 
            680         43.5031 
            686         52.2466 
            692         62.5248 
            698         74.5664 
            704         88.6281 
            711         107.971 
            718         130.967 
            725         158.195 
            732         190.307 
            739         228.035 
            746         272.194 
            753         323.696 
            760         383.552 
            767          452.88 
            774         532.916 
            781         625.015 
            788         730.667 
            795         851.499 
            802         989.285 
            810            1170 
            818         1378.52 
            826          1618.3 
            834         1893.06 
            842         2206.87 
            850         2564.14 
            858         2969.63 
            866         3428.44 
            874         3946.08 
            882         4528.42 
            890         5181.74 
            898         5912.73 
            906         6728.48 
            915         7756.91 
            924         8913.52 
            933         10210.4 
            942         11660.2 
            951         13276.5 
            960         15073.4 
            969         17065.7 
            978           19269 
            987         21699.6 
            996         24374.4 
           1005         27310.8 
           1015         30902.6 
           1025         34865.8 
           1035         39227.1 
           1045         44014.2 
           1055         49255.5 
           1065         54980.2 
           1075           61218 
           1085         67999.4 
           1095         75355.6 
           1105           83318 
           1116         92815.1 
           1127          103127 
           1138          114298 
           1149          126372 
           1160          139391 
           1171          153401 
           1182          168444 
           1193          184564 
           1204          201805 
           1216          221941 
           1228          243515 
           1240          266582 
           1252          291192 
           1264          317396 
           1276          345245 
           1288          374784 
           1300          406060 
           1313          441953 
           1326          479987 
           1339          520212 
           1352          562673 
           1365          607412 
           1378          654470 
           1391          703879 
           1404          755672 
           1418          814147 
           1432          875446 
           1446          939593 
           1460      1.00661e+6 
           1474       1.0765e+6 
           1488      1.14928e+6 
           1502      1.22494e+6 
           1517      1.30921e+6 
           1532      1.39678e+6 
           1547      1.48764e+6 
           1562      1.58175e+6 
           1577      1.67908e+6 
           1592       1.7796e+6 
           1607      1.88327e+6 
           1623      1.99725e+6 
           1639      2.11469e+6 
           1655       2.2355e+6 
           1671      2.35962e+6 
           1687      2.48694e+6 
           1703      2.61738e+6 
           1720      2.75928e+6 
           1737      2.90447e+6 
           1754      3.05281e+6 
           1771      3.20417e+6 
           1788      3.35840e+6 
           1805      3.51538e+6 
           1823      3.68440e+6 
           1841      3.85615e+6 
           1859      4.03044e+6 
           1877      4.20709e+6 
           1895      4.38591e+6 
           1913       4.5667e+6 
           1932      4.75949e+6 
           1951      4.95405e+6 
           1970      5.15016e+6 
           1989      5.34762e+6 
           2008      5.54618e+6 
           2028      5.75617e+6 
           2048      5.96691e+6 
           2068      6.17815e+6 
           2088      6.38965e+6 
           2108      6.60119e+6 
           2129      6.82308e+6 
           2150       7.0445e+6 
           2171      7.26519e+6 
           2192      7.48491e+6 
           2213      7.70342e+6 
           2235      7.93081e+6 
           2257      8.15639e+6 
           2279      8.37992e+6 
           2301      8.60117e+6 
           2324      8.82982e+6 
           2347      9.05552e+6 
           2370      9.27805e+6 
           2393      9.49722e+6 
           2416      9.71283e+6 
           2440      9.93383e+6 
           2464      1.01506e+7 
           2488      1.03629e+7 
           2512      1.05707e+7 
           2537      1.07820e+7 
           2562      1.09882e+7 
           2587       1.1189e+7 
           2612      1.13842e+7 
           2638      1.15814e+7 
           2664      1.17724e+7 
           2690      1.19572e+7 
           2716      1.21357e+7 
           2743      1.23144e+7 
           2770      1.24863e+7 
           2797      1.26513e+7 
           2824      1.28095e+7 
           2852      1.29663e+7 
           2880      1.31157e+7 
           2908      1.32578e+7 
           2937      1.33974e+7 
           2966      1.35292e+7 
           2995      1.36534e+7 
           3024        1.377e+7 
           3054      1.38828e+7 
           3084      1.39878e+7 
           3114      1.40851e+7 
           3145      1.41776e+7 
           3176      1.42623e+7 
           3207      1.43392e+7 
           3239      1.44106e+7 
           3271      1.44742e+7 
           3303      1.45301e+7 
           3336      1.45799e+7 
           3369      1.46221e+7 
           3402      1.46568e+7 
           3436      1.46849e+7 
           3470      1.47057e+7 
           3504      1.47194e+7 
           3539      1.47262e+7 
           3574       1.4726e+7 
           3609      1.47191e+7 
           3645      1.47052e+7 
           3681      1.46848e+7 
           3717      1.46582e+7 
           3754      1.46246e+7 
           3791       1.4585e+7 
           3828      1.45397e+7 
           3866      1.44875e+7 
           3904        1.443e+7 
           3943      1.43656e+7 
           3982      1.42961e+7 
           4021      1.42219e+7 
           4061      1.41412e+7 
           4101       1.4056e+7 
           4142      1.39645e+7 
           4183       1.3869e+7 
           4224      1.37697e+7 
           4266      1.36645e+7 
           4308       1.3556e+7 
           4351      1.34418e+7 
           4394      1.33246e+7 
           4437      1.32049e+7 
           4481      1.30799e+7 
           4525      1.29527e+7 
           4570      1.28205e+7 
           4615      1.26866e+7 
           4661      1.25480e+7 
           4707      1.24081e+7 
           4754      1.22639e+7 
           4801      1.21187e+7 
           4849      1.19696e+7 
           4897      1.18199e+7 
           4945      1.16698e+7 
           4994      1.15163e+7 
           5043      1.13628e+7 
           5093      1.12062e+7 
           5143      1.10499e+7 
           5194       1.0891e+7 
           5245      1.07327e+7 
           5297       1.0572e+7 
           5349      1.04122e+7 
           5402      1.02505e+7 
           5456      1.00869e+7 
           5510       9.9247e+6 
           5565      9.76098e+6 
           5620      9.59886e+6 
           5676      9.43555e+6 
           5732      9.27407e+6 
           5789      9.11168e+6 
           5846      8.95133e+6 
           5904      8.79033e+6 
           5963      8.62884e+6 
           6022      8.46971e+6 
           6082      8.31033e+6 
           6142      8.15346e+6 
           6203      7.99656e+6 
           6265      7.83978e+6 
           6327      7.68573e+6 
           6390        7.532e+6 
           6453       7.3811e+6 
           6517      7.23068e+6 
           6582      7.08089e+6 
           6647      6.93406e+6 
           6713        6.788e+6 
           6780      6.64282e+6 
           6847      6.50071e+6 
           6915       6.3596e+6 
           6984      6.21958e+6 
           7053      6.08271e+6 
           7123      5.94702e+6 
           7194       5.8126e+6 
           7265      5.68136e+6 
           7337      5.55146e+6 
           7410      5.42296e+6 
           7484      5.29595e+6 
           7558      5.17213e+6 
           7633      5.04982e+6 
           7709      4.92908e+6 
           7786      4.80997e+6 
           7863      4.69401e+6 
           7941      4.57968e+6 
           8020      4.46703e+6 
           8100      4.35609e+6 
           8181      4.24689e+6 
           8262      4.14076e+6 
           8344      4.03636e+6 
           8427       3.9337e+6 
           8511      3.83282e+6 
           8596      3.73372e+6 
           8681      3.63754e+6 
           8767      3.54311e+6 
           8854      3.45044e+6 
           8942      3.35954e+6 
           9031       3.2704e+6 
           9121      3.18304e+6 
           9212      3.09746e+6 
           9304      3.01364e+6 
           9397       2.9316e+6 
           9490      2.85215e+6 
           9584      2.77441e+6 
           9679      2.69835e+6 
           9775      2.62398e+6 
           9872      2.55127e+6 
           9970      2.48022e+6 
          10069       2.4108e+6 
          10169      2.34302e+6 
          10270      2.27684e+6 
          10372      2.21224e+6 
          10475      2.14922e+6 
          10579      2.08775e+6 
          10684       2.0278e+6 
          10790      1.96936e+6 
          10897       1.9124e+6 
          11005       1.8569e+6 
          11115      1.80235e+6 
          11226      1.74924e+6 
          11338      1.69755e+6 
          11451      1.64725e+6 
          11565      1.59832e+6 
          11680      1.55072e+6 
          11796      1.50444e+6 
          11913      1.45944e+6 
          12032      1.41532e+6 
          12152      1.37247e+6 
          12273      1.33084e+6 
          12395       1.2904e+6 
          12518      1.25114e+6 
          12643      1.21271e+6 
          12769      1.17542e+6 
          12896      1.13924e+6 
          13024      1.10414e+6 
          13154      1.06983e+6 
          13285      1.03656e+6 
          13417      1.00430e+6 
          13551          972807 
          13686          942287 
          13822          912716 
          13960          883863 
          14099          855922 
          14239          828865 
          14381          802485 
          14524          776952 
          14669          752073 
          14815          728002 
          14963          704561 
          15112          681890 
          15263          659824 
          15415          638491 
          15569          617737 
          15724          597680 
          15881          578174 
          16039          559331 
          16199          541014 
          16360          523323 
          16523          506133 
          16688          489436 
          16854          473319 
          17022          457669 
          17192          442478 
          17363          427820 
          17536          413597 
          17711          399800 
          17888          386418 
          18066          373515 
          18246          361005 
          18428          348878 
          18612          337126 
          18798          325741 
          18985          314770 
          19174          304143 
          19365          293851 
          19558          283887 
          19753          274240 
          19950          264904 
          20149          255870 
          20350          247129 
          20553          238674 
          20758          230497 
          20965          222590 
          21174          214945 
          21385          207555 
          21598          200412 
          21813          193508 
          22031          186808 
          22251          180335 
          22473          174083 
          22697          168046 
          22923          162216 
          23152          156563 
          23383          151106 
          23616          145840 
          23852          140736 
          24090          135812 
          24330          131062 
          24573          126461 
          24818          122024 
          25066          117728 
          25316          113586 
          25569          109577 
          25824          105713 
          26082          101975 
          26342         98372.4 
          26605         94888.2 
          26871         91519.2 
          27139         88274.1 
          27410         85137.1 
          27684         82105.2 
          27960         79185.9 
          28239         76365.1 
          28521           73640 
          28806         71007.8 
          29094         68465.9 
          29384         66019.9 
          29677         63658.2 
          29973         61378.2 
          30272         59177.5 
          30574         57053.6 
          30879         55004.2 
          31187         53026.9 
          31498         51119.4 
          31812         49279.4 
          32130         47499.5 
          32451         45783.2 
          32775         44128.7 
          33102         42533.7 
          33433         40991.7 
          33767         39505.7 
          34104         38073.9 
          34445         36690.3 
          34789         35357.6 
          35136         34073.8 
          35487         32833.8 
          35841         31639.7 
          36199         30486.7 
          36560         29376.6 
          36925           28305 
          37294         27270.8 
          37666         26275.5 
          38042         25315.1 
          38422         24388.5 
          38806         23494.8 
          39194         22632.9 
          39585         21803.9 
          39980         21004.6 
          40379         20233.9 
          40782           19491 
          41189         18774.9 
          41600         18084.8 
          42016         17418.3 
          42436         16776.1 
          42860         16157.6 
          43288         15561.8 
          43720           14988 
          44157         14434.1 
          44598         13900.9 
          45043         13387.5 
          45493         12892.2 
          45947         12415.5 
          46406         11955.6 
          46870         11512.2 
          47338         11085.6 
          47811         10674.2 
          48289         10277.7 
          48771         9896.36 
          49258         9528.81 
          49750         9174.63 
          50247         8833.39 
          50749         8504.65 
          51256            8188 
          51768         7883.03 
          52285         7589.33 
          52807         7306.53 
          53335         7033.74 
          53868         6771.15 
          54406         6518.39 
          54950         6274.69 
          55499         6040.17 
          56053         5814.51 
          56613            5597 
          57179         5387.39 
          57750         5185.78 
          58327         4991.52 
          58910         4804.39 
          59499         4624.15 
          60093         4450.85 
          60693         4283.96 
          61299         4123.26 
          61911         3968.54 
          62530         3819.36 
          63155         3675.77 
          63786         3537.58 
          64423         3404.59 
          65067         3276.44 
          65717         3153.14 
          66374         3034.34 
          67037         2920.08 
          67707         2810.02 
          68384         2704.02 
          69067          2602.1 
          69757         2503.96 
          70454         2409.48 
          71158         2318.52 
          71869         2230.97 
          72587         2146.72 
          73312         2065.63 
          74045         1987.51 
          74785         1912.34 
          75532         1840.04 
          76287          1770.4 
          77049         1703.41 
          77819         1638.92 
          78597         1576.82 
          79382         1517.11 
          80175         1459.64 
          80976         1404.32 
          81785         1351.08 
          82602         1299.85 
          83428          1250.5 
          84262         1203.03 
          85104         1157.36 
          85955         1113.38 
          86814         1071.09 
          87682         1030.38 
          88558         991.229 
          89443         953.547 
          90337         917.282 
          91240         882.385 
          92152         848.808 
          93073         816.504 
          94003         785.428 
          94943         755.506 
          95892         726.728 
          96850         699.054 
          97818         672.415 
          98796         646.777 
          99783          622.13 
         100780         598.413 
         101787         575.594 
         102804         553.642 
         103832         532.505 
         104870         512.176 
         105918         492.626 
         106977         473.808 
         108046         455.716 
         109126         438.305 
         110217         421.553 
         111319         405.436 
         112432         389.933 
         113556         375.021 
         114691         360.679 
         115837         346.887 
         116995         333.614 
         118164         320.852 
         119345         308.573 
         120538          296.76 
         121743         285.395 
         122960         274.465 
         124189         263.952 
         125430         253.843 
         126684         244.114 
         127950         234.761 
         129229         225.762 
         130521         217.104 
         131826         208.777 
         133144         200.768 
         134475         193.066 
         135819          185.66 
         137177         178.534 
         138548         171.683 
         139933         165.093 
         141332         158.754 
         142745         152.657 
         144172         146.794 
         145613         141.156 
         147069         135.732 
         148539         130.517 
         150024         125.501 
         151524         120.676 
         153039         116.036 
         154569         111.575 
         156114         107.285 
         157675         103.157 
         159251         99.1902 
         160843         95.3743 
         162451         91.7045 
         164075         88.1756 
         165715         84.7825 
         167372         81.5183 
         169045         78.3804 
         170735         75.3625 
         172442         72.4602 
         174166         69.6693 
         175907          66.986 
         177666         64.4049 
         179442         61.9237 
         181236         59.5374 
         183048         57.2428 
         184878         55.0365 
         186726         52.9152 
         188593          50.875 
         190478         48.9138 
         192382         47.0279 
         194305         45.2144 
         196248         43.4701 
         198210         41.7932 
         200192         40.1805 
         202193         38.6305 
         204214         37.1401 
         206256         35.7064 
         208318         34.3283 
         210401          33.003 
         212505         31.7286 
         214630         30.5033 
         216776         29.3253 
         218943          28.193 
         221132         27.1041 
         223343          26.057 
         225576         25.0504 
         227831         24.0827 
         230109         23.1521 
         232410         22.2573 
         234734         21.3971 
         237081           20.57 
         239451          19.775 
         241845         19.0106 
         244263         18.2756 
         246705         17.5691 
         249172         16.8896 
         251663         16.2365 
         254179         15.6086 
         256720          15.005 
         259287         14.4245 
         261879         13.8666 
         264497         13.3301 
         267141         12.8145 
         269812         12.3186 
         272510         11.8418 
         275235         11.3835 
         277987         10.9428 
         280766         10.5193 
         283573         10.1121 
         286408          9.7207 
         289272         9.34429 
         292164         8.98251 
         295085          8.6347 
         298035         8.30035 
         301015         7.97888 
         304025         7.66981 
         307065          7.3727 
         310135         7.08711 
         313236         6.81254 
         316368         6.54859 
         319531         6.29488 
         322726         6.05094 
         325953         5.81645 
         329212         5.59104 
         332504         5.37433 
         335829         5.16599 
         339187         4.96574 
         342578         4.77327 
         346003         4.58824 
         349463         4.41033 
         352957         4.23934 
         356486         4.07496 
         360050         3.91697 
         363650         3.76507 
         367286         3.61905 
         370958         3.47871 
         374667         3.34378 
         378413         3.21409 
         382197          3.0894 
         386018         2.96956 
         389878         2.85435 
         393776         2.74361 
         397713         2.63717 
         401690         2.53483 
         405706         2.43648 
         409763         2.34192 
         413860         2.25103 
         417998         2.16367 
         422177          2.0797 
         426398         1.99899 
         430661          1.9214 
         434967         1.84682 
         439316         1.77512 
         443709          1.7062 
         448146         1.63995 
         452627         1.57628 
         457153         1.51507 
         461724         1.45624 
         466341         1.39969 
         471004         1.34533 
         475714         1.29308 
         480471         1.24285 
         485275         1.19458 
         490127         1.14819 
         495028         1.10358 
         499978         1.06071 
         504977         1.01951 
         510026        0.979906 
         515126        0.941835 
         520277        0.905241 
         525479        0.870071 
         530733        0.836265 
         536040         0.80377 
         541400        0.772536 
         546814        0.742512 
         552282        0.713655 
         557804        0.685922 
         563382        0.659261 
         569015         0.63364 
         574705         0.60901 
         580452        0.585336 
         586256        0.562584 
         592118        0.540715 
         598039        0.519694 
         604019         0.49949 
         610059        0.480071 
         616159        0.461407 
         622320        0.443468 
         628543        0.426224 
         634828        0.409652 
         641176        0.393722 
         647587        0.378413 
         654062        0.363699 
         660602        0.349556 
         667208        0.335961 
         673880        0.322894 
         680618        0.310337 
         687424        0.298266 
         694298        0.286665 
         701240        0.275516 
         708252        0.264799 
         715334        0.254499 
         722487        0.244599 
         729711        0.235085 
         737008        0.225939 
         744378        0.217149 
         751821        0.208701 
         759339        0.200581 
         766932        0.192777 
         774601        0.185277 
         782347        0.178067 
         790170        0.171139 
         798071         0.16448 
         806051         0.15808 
         814111        0.151929 
         822252        0.146016 
         830474        0.140334 
         838778        0.134873 
         847165        0.129624 
         855636         0.12458 
         864192        0.119731 
         872833        0.115071 
         881561        0.110593 
         890376        0.106288 
         899279        0.102151 
         908271       0.0981753 
         917353        0.094354 
         926526       0.0906812 
         935791       0.0871511 
         945148       0.0837587 
         954599       0.0804981 
         964144       0.0773645 
         973785       0.0743527 
         983522       0.0714581 
         993357       0.0686761 
     1.00329e+6       0.0660023 
     1.01332e+6       0.0634327 
     1.02346e+6       0.0609629 
     1.03369e+6       0.0585893 
     1.04402e+6       0.0563081 
     1.05446e+6       0.0541156 
     1.06501e+6       0.0520085 
     1.07566e+6       0.0499832 
     1.08642e+6       0.0480369 
     1.09728e+6       0.0461663 
     1.10825e+6       0.0443686 
     1.11933e+6       0.0426408 
     1.13053e+6       0.0409802 
     1.14183e+6       0.0393843 
     1.15325e+6       0.0378504 
     1.16478e+6       0.0363764 
     1.17643e+6       0.0349597 
     1.18819e+6       0.0335981 
     1.20007e+6       0.0322896 
     1.21207e+6        0.031032 
     1.22419e+6       0.0298234 
     1.23643e+6       0.0286618 
      1.2488e+6       0.0275454 
     1.26128e+6       0.0264726 
      1.2739e+6       0.0254414 
     1.28664e+6       0.0244505 
      1.2995e+6        0.023498 
      1.3125e+6       0.0225827 
     1.32562e+6        0.021703 
     1.33888e+6       0.0208576 
     1.35226e+6       0.0200451 
     1.36579e+6       0.0192642 
     1.37944e+6       0.0185138 
     1.39324e+6       0.0177925 
     1.40717e+6       0.0170993 
     1.42124e+6       0.0164332 
     1.43545e+6        0.015793 
     1.44981e+6       0.0151777 
      1.4643e+6       0.0145863 
     1.47895e+6        0.014018 
     1.49374e+6       0.0134719 
     1.50867e+6        0.012947 
     1.52376e+6       0.0124425 
       1.539e+6       0.0119577 
     1.55438e+6       0.0114918 
     1.56993e+6        0.011044 
     1.58563e+6       0.0106137 
     1.60148e+6       0.0102001 
      1.6175e+6      0.00980269 
     1.63367e+6      0.00942073 
     1.65001e+6      0.00905364 
     1.66651e+6      0.00870083 
     1.68317e+6      0.00836177 
         1.7e+6      0.00803592 
       1.717e+6      0.00772276 
     1.73417e+6       0.0074218 
     1.75151e+6      0.00713258 
     1.76903e+6      0.00685461 
     1.78672e+6      0.00658748 
     1.80459e+6      0.00633075 
     1.82263e+6      0.00608403 
     1.84086e+6      0.00584692 
     1.85926e+6      0.00561905 
     1.87786e+6      0.00540006 
     1.89664e+6       0.0051896 
      1.9156e+6      0.00498734 
     1.93476e+6      0.00479295 
      1.9541e+6      0.00460614 
     1.97364e+6      0.00442661 
     1.99338e+6      0.00425408 
     2.01331e+6      0.00408827 
     2.03345e+6      0.00392892 
     2.05378e+6      0.00377578 
     2.07432e+6      0.00362861 
     2.09506e+6      0.00348717 
     2.11601e+6      0.00335125 
     2.13717e+6      0.00322062 
     2.15854e+6      0.00309508 
     2.18013e+6      0.00297444 
     2.20193e+6      0.00285849 
     2.22395e+6      0.00274706 
     2.24619e+6      0.00263998 
     2.26865e+6      0.00253707 
     2.29133e+6      0.00243817 
     2.31425e+6      0.00234313 
     2.33739e+6      0.00225179 
     2.36076e+6      0.00216401 
     2.38437e+6      0.00207965 
     2.40821e+6      0.00199858 
     2.43229e+6      0.00192066 
     2.45662e+6      0.00184579 
     2.48118e+6      0.00177383 
     2.50599e+6      0.00170468 
     2.53105e+6      0.00163822 
     2.55636e+6      0.00157435 
     2.58192e+6      0.00151298 
     2.60774e+6      0.00145399 
     2.63382e+6       0.0013973 
     2.66016e+6      0.00134283 
     2.68676e+6      0.00129047 
     2.71363e+6      0.00124016 
     2.74076e+6      0.00119181 
     2.76817e+6      0.00114534 
     2.79585e+6      0.00110069 
     2.82381e+6      0.00105777 
     2.85205e+6      0.00101653 
     2.88057e+6     0.000976897 
     2.90937e+6     0.000938808 
     2.93846e+6     0.000902204 
     2.96785e+6     0.000867027 
     2.99753e+6     0.000833221 
      3.0275e+6     0.000800733 
     3.05778e+6     0.000769511 
     3.08835e+6     0.000739506 
     3.11924e+6     0.000710672 
     3.15043e+6     0.000682961 
     3.18193e+6     0.000656331 
     3.21375e+6     0.000630738 
     3.24589e+6     0.000606144 
     3.27835e+6     0.000582509 
     3.31113e+6     0.000559795 
     3.34424e+6     0.000537966 
     3.37768e+6     0.000516989 
     3.41146e+6     0.000496829 
     3.44557e+6     0.000477456 
     3.48003e+6     0.000458838 
     3.51483e+6     0.000440945 
     3.54998e+6      0.00042375 
     3.58547e+6     0.000407226 
     3.62133e+6     0.000391346 
     3.65754e+6     0.000376085 
     3.69412e+6     0.000361419 
     3.73106e+6     0.000347325 
     3.76837e+6     0.000333781 
     3.80605e+6     0.000320764 
     3.84411e+6     0.000308255 
     3.88255e+6     0.000296234 
     3.92138e+6     0.000284682 
     3.96059e+6      0.00027358 
     4.00019e+6     0.000262911 
      4.0402e+6     0.000252658 
      4.0806e+6     0.000242805 
      4.1214e+6     0.000233336 
     4.16262e+6     0.000224236 
     4.20424e+6     0.000215491 
     4.24628e+6     0.000207087 
     4.28874e+6     0.000199011 
     4.33163e+6     0.000191249 
     4.37495e+6     0.000183791 
      4.4187e+6     0.000176623 
     4.46288e+6     0.000169735 
     4.50751e+6     0.000163115 
     4.55259e+6     0.000156753 
     4.59811e+6      0.00015064 
     4.64409e+6     0.000144765 
     4.69053e+6     0.000139119 
     4.73744e+6     0.000133693 
     4.78481e+6     0.000128479 
     4.83266e+6     0.000123468 
     4.88098e+6     0.000118652 
     4.92979e+6     0.000114025 
     4.97909e+6     0.000109577 
     5.02888e+6     0.000105304 
     5.07917e+6     0.000101197 
     5.12996e+6      9.72497e-5 
     5.18126e+6      9.34567e-5 
     5.23307e+6      8.98116e-5 
      5.2854e+6      8.63086e-5 
     5.33826e+6      8.29423e-5 
     5.39164e+6      7.97072e-5 
     5.44555e+6      7.65983e-5 
     5.50001e+6      7.36107e-5 
     5.55501e+6      7.07396e-5 
     5.61056e+6      6.79804e-5 
     5.66666e+6      6.53289e-5 
     5.72333e+6      6.27808e-5 
     5.78056e+6       6.0332e-5 
     5.83837e+6      5.79788e-5 
     5.89675e+6      5.57173e-5 
     5.95572e+6      5.35441e-5 
     6.01527e+6      5.14556e-5 
     6.07543e+6      4.94485e-5 
     6.13618e+6      4.75198e-5 
     6.19754e+6      4.56662e-5 
     6.25952e+6       4.3885e-5 
     6.32211e+6      4.21732e-5 
     6.38533e+6      4.05282e-5 
     6.44918e+6      3.89473e-5 
     6.51368e+6      3.74281e-5 
     6.57881e+6      3.59682e-5 
      6.6446e+6      3.45652e-5 
     6.71105e+6      3.32169e-5 
     6.77816e+6      3.19212e-5 
     6.84594e+6      3.06761e-5 
      6.9144e+6      2.94795e-5 
     6.98354e+6      2.83296e-5 
     7.05337e+6      2.72245e-5 
     7.12391e+6      2.61626e-5 
     7.19515e+6       2.5142e-5 
      7.2671e+6      2.41613e-5 
     7.33977e+6      2.32188e-5 
     7.41316e+6      2.23131e-5 
      7.4873e+6      2.14427e-5 
     7.56217e+6      2.06063e-5 
     7.63779e+6      1.98025e-5 
     7.71416e+6        1.903e-5 
     7.79131e+6      1.82877e-5 
     7.86922e+6      1.75743e-5 
     7.94791e+6      1.68887e-5 
     8.02739e+6      1.62299e-5 
     8.10766e+6      1.55968e-5 
     8.18874e+6      1.49884e-5 
     8.27063e+6      1.44037e-5 
     8.35333e+6      1.38418e-5 
     8.43686e+6      1.33019e-5 
     8.52123e+6       1.2783e-5 
     8.60644e+6      1.22843e-5 
     8.69251e+6      1.18051e-5 
     8.77943e+6      1.13446e-5 
     8.86723e+6       1.0902e-5 
      8.9559e+6      1.04767e-5 
     9.04546e+6       1.0068e-5 
     9.13591e+6      9.67529e-6 
     9.22727e+6      9.29785e-6 
     9.31954e+6      8.93514e-6 
     9.41274e+6      8.58658e-6 
     9.50687e+6      8.25161e-6 
     9.60193e+6      7.92971e-6 
     9.69795e+6      7.62037e-6 
     9.79493e+6      7.32309e-6 
     9.89288e+6      7.03741e-6 
     9.99181e+6      6.76287e-6 
