# Black Body
# teff = 7150 K (value for the effective temperature for the model. Temperatures are given in K)
#
# column 1: WAVELENGTH (ANGSTROM), Wavelength in Angstrom
# column 2: FLUX (ERG/CM2/S/A), Flux in erg/cm2/s/A
              1               0 
              2               0 
              3               0 
              4               0 
              5               0 
              6               0 
              7               0 
              8               0 
              9               0 
             10               0 
             11               0 
             12               0 
             13               0 
             14               0 
             15               0 
             16               0 
             17               0 
             18               0 
             19               0 
             20               0 
             21               0 
             22               0 
             23               0 
             24               0 
             25               0 
             26               0 
             27               0 
             28               0 
             29               0 
             30    2.41886e-272 
             31    5.12152e-263 
             32    2.81927e-254 
             33    4.56116e-246 
             34    2.41657e-238 
             35    4.61446e-231 
             36    3.45798e-224 
             37    1.09721e-217 
             38    1.57771e-211 
             39    1.09275e-205 
             40    3.85118e-200 
             41    7.25699e-195 
             42    7.64644e-190 
             43    4.69186e-185 
             44    1.73961e-180 
             45     4.0308e-176 
             46    6.01867e-172 
             47    5.95641e-168 
             48    4.00892e-164 
             49    1.87888e-160 
             50    6.26687e-157 
             51    1.51771e-153 
             52    2.71861e-150 
             53    3.66401e-147 
             54    3.77483e-144 
             55    3.01679e-141 
             56    1.89592e-138 
             57    9.48925e-136 
             58    3.82739e-133 
             59     1.2578e-130 
             60    3.40264e-128 
             61    7.65038e-126 
             62    1.44248e-123 
             63    2.30008e-121 
             64    3.12613e-119 
             65    3.64846e-117 
             66    3.68185e-115 
             67     3.2338e-113 
             68    2.48723e-111 
             69    1.68496e-109 
             70    1.01089e-107 
             71    5.39875e-106 
             72     2.5791e-104 
             73     1.1072e-102 
             74    4.28996e-101 
             75     1.50639e-99 
             76     4.81247e-98 
             77     1.40395e-96 
             78     3.75329e-95 
             79     9.22551e-94 
             80     2.09151e-92 
             81      4.3866e-91 
             82     8.53557e-90 
             83     1.54509e-88 
             84     2.60867e-87 
             85     4.11813e-86 
             86     6.09277e-85 
             87     8.46723e-84 
             88     1.10766e-82 
             89      1.3668e-81 
             90     1.59396e-80 
             91     1.76012e-79 
             92     1.84361e-78 
             93     1.83487e-77 
             94     1.73805e-76 
             95     1.56934e-75 
             96     1.35277e-74 
             97     1.11483e-73 
             98     8.79576e-73 
             99     6.65259e-72 
            100     4.82963e-71 
            101     3.36957e-70 
            102     2.26195e-69 
            103      1.4626e-68 
            104     9.11966e-68 
            105     5.48899e-67 
            106     3.19229e-66 
            107     1.79568e-65 
            108     9.77863e-65 
            109     5.15984e-64 
            110     2.64046e-63 
            111      1.3115e-62 
            112     6.32782e-62 
            113     2.96804e-61 
            114     1.35439e-60 
            115     6.01704e-60 
            116     2.60432e-59 
            117     1.09893e-58 
            118     4.52365e-58 
            119     1.81772e-57 
            120     7.13417e-57 
            121     2.73651e-56 
            122     1.02643e-55 
            123      3.7669e-55 
            124     1.35328e-54 
            125     4.76175e-54 
            126     1.64185e-53 
            127     5.55009e-53 
            128     1.84021e-52 
            129     5.98732e-52 
            130     1.91243e-51 
            131     5.99944e-51 
            132     1.84921e-50 
            133     5.60259e-50 
            134      1.6691e-49 
            135     4.89141e-49 
            136     1.41059e-48 
            137     4.00437e-48 
            138      1.1194e-47 
            139     3.08249e-47 
            140     8.36413e-47 
            141     2.23707e-46 
            142     5.89949e-46 
            143     1.53445e-45 
            144     3.93747e-45 
            145     9.97088e-45 
            146     2.49241e-44 
            147     6.15165e-44 
            148     1.49955e-43 
            149     3.61109e-43 
            150     8.59269e-43 
            151     2.02086e-42 
            152     4.69855e-42 
            153     1.08021e-41 
            154      2.4562e-41 
            155     5.52491e-41 
            156     1.22966e-40 
            157     2.70848e-40 
            158     5.90529e-40 
            159     1.27471e-39 
            160      2.7247e-39 
            161     5.76826e-39 
            162     1.20967e-38 
            163     2.51337e-38 
            164     5.17482e-38 
            165     1.05597e-37 
            166     2.13597e-37 
            167     4.28349e-37 
            168     8.51776e-37 
            169     1.67974e-36 
            170     3.28561e-36 
            171     6.37538e-36 
            172     1.22737e-35 
            173     2.34467e-35 
            174     4.44515e-35 
            175     8.36458e-35 
            176     1.56247e-34 
            177     2.89763e-34 
            178     5.33569e-34 
            179     9.75682e-34 
            180     1.77193e-33 
            181     3.19635e-33 
            182     5.72771e-33 
            183      1.0197e-32 
            184     1.80376e-32 
            185     3.17061e-32 
            186     5.53872e-32 
            187     9.61662e-32 
            188     1.65968e-31 
            189     2.84746e-31 
            190     4.85694e-31 
            191      8.2372e-31 
            192     1.38915e-30 
            193     2.32973e-30 
            194     3.88588e-30 
            195      6.4467e-30 
            196     1.06386e-29 
            197      1.7465e-29 
            198     2.85247e-29 
            199      4.6353e-29 
            200     7.49499e-29 
            202     1.93107e-28 
            204     4.88151e-28 
            206     1.21139e-27 
            208      2.9527e-27 
            210     7.07272e-27 
            212     1.66571e-26 
            214     3.85895e-26 
            216     8.79819e-26 
            218     1.97499e-25 
            220     4.36688e-25 
            222     9.51461e-25 
            224      2.0436e-24 
            226     4.32865e-24 
            228      9.0453e-24 
            230     1.86535e-23 
            232     3.79766e-23 
            234     7.63544e-23 
            236     1.51654e-22 
            238     2.97652e-22 
            240     5.77474e-22 
            242     1.10777e-21 
            244     2.10174e-21 
            246     3.94497e-21 
            248     7.32747e-21 
            250     1.34717e-20 
            252     2.45219e-20 
            254     4.42033e-20 
            256     7.89264e-20 
            258     1.39623e-19 
            260     2.44764e-19 
            262     4.25295e-19 
            264     7.32609e-19 
            266     1.25135e-18 
            268     2.11979e-18 
            270     3.56202e-18 
            272     5.93836e-18 
            274     9.82379e-18 
            276     1.61291e-17 
            278     2.62862e-17 
            280     4.25308e-17 
            282     6.83292e-17 
            284     1.09019e-16 
            286     1.72762e-16 
            288     2.71967e-16 
            290     4.25364e-16 
            292     6.61061e-16 
            294     1.02098e-15 
            296     1.56726e-15 
            298     2.39148e-15 
            300     3.62786e-15 
            303     6.70603e-15 
            306     1.22416e-14 
            309     2.20765e-14 
            312     3.93454e-14 
            315     6.93232e-14 
            318     1.20789e-13 
            321     2.08198e-13 
            324     3.55107e-13 
            327     5.99518e-13 
            330     1.00214e-12 
            333     1.65905e-12 
            336     2.72084e-12 
            339     4.42154e-12 
            342     7.12158e-12 
            345     1.13714e-11 
            348     1.80046e-11 
            351     2.82737e-11 
            354     4.40455e-11 
            357     6.80818e-11 
            360     1.04437e-10 
            363     1.59023e-10 
            366     2.40394e-10 
            369     3.60847e-10 
            372     5.37943e-10 
            375     7.96589e-10 
            378      1.17189e-9 
            381      1.71303e-9 
            384      2.48848e-9 
            387        3.593e-9 
            390      5.15698e-9 
            393      7.35887e-9 
            396      1.04415e-8 
            399      1.47334e-8 
            402      2.06771e-8 
            406      3.22234e-8 
            410      4.97603e-8 
            414      7.61629e-8 
            418      1.15576e-7 
            422      1.73923e-7 
            426       2.5961e-7 
            430      3.84469e-7 
            434      5.65028e-7 
            438      8.24219e-7 
            442      1.19362e-6 
            446      1.71645e-6 
            450      2.45142e-6 
            454      3.47781e-6 
            458      4.90201e-6 
            462       6.8659e-6 
            466      9.55756e-6 
            470      1.32249e-5 
            474      1.81929e-5 
            478      2.48851e-5 
            482      3.38508e-5 
            486      4.57984e-5 
            490      6.16371e-5 
            494      8.25281e-5 
            498     0.000109947 
            502     0.000145761 
            507      0.00020597 
            512     0.000288952 
            517     0.000402529 
            522     0.000556942 
            527     0.000765508 
            532      0.00104544 
            537      0.00141885 
            542      0.00191401 
            547      0.00256678 
            552      0.00342252 
            557      0.00453819 
            562      0.00598502 
            567      0.00785161 
            572       0.0102476 
            577       0.0133082 
            582        0.017199 
            587       0.0221223 
            592        0.028324 
            597       0.0361017 
            602       0.0458141 
            608        0.060635 
            614       0.0797735 
            620        0.104348 
            626        0.135728 
            632        0.175587 
            638        0.225952 
            644        0.289274 
            650        0.368498 
            656        0.467149 
            662        0.589423 
            668        0.740301 
            674        0.925665 
            680         1.15243 
            686         1.42872 
            692         1.76398 
            698         2.16922 
            704         2.65721 
            711         3.35087 
            718         4.20451 
            725         5.25009 
            732         6.52488 
            739         8.07222 
            746         9.94228 
            753         12.1929 
            760         14.8905 
            767         18.1112 
            774         21.9414 
            781         26.4797 
            788         31.8375 
            795         38.1404 
            802         45.5298 
            810         55.5092 
            818         67.3815 
            826          81.448 
            834         98.0479 
            842         117.562 
            850         140.417 
            858         167.087 
            866         198.099 
            874         234.037 
            882         275.545 
            890         323.333 
            898         378.178 
            906         440.929 
            915         522.134 
            924         615.967 
            933         724.009 
            942         847.987 
            951          989.78 
            960         1151.43 
            969         1335.13 
            978         1543.28 
            987         1778.42 
            996          2043.3 
           1005         2340.85 
           1015         2713.61 
           1025         3135.15 
           1035         3610.38 
           1045         4144.52 
           1055          4743.1 
           1065         5411.98 
           1075         6157.37 
           1085         6985.79 
           1095         7904.07 
           1105         8919.42 
           1116         10157.4 
           1127         11532.3 
           1138           13055 
           1149           14737 
           1160         16589.9 
           1171           18626 
           1182         20857.8 
           1193         23298.4 
           1204           25961 
           1216         29135.1 
           1228         32607.8 
           1240         36397.9 
           1252         40524.1 
           1264         45005.6 
           1276         49862.1 
           1288           55113 
           1300         60778.2 
           1313         67406.3 
           1326         74569.3 
           1339         82292.8 
           1352           90602 
           1365           99522 
           1378          109078 
           1391          119294 
           1404          130194 
           1418          142725 
           1432          156106 
           1446          170364 
           1460          185528 
           1474          201622 
           1488          218672 
           1502          236702 
           1517          257132 
           1532          278737 
           1547          301542 
           1562          325570 
           1577          350839 
           1592          377368 
           1607          405173 
           1623          436254 
           1639          468816 
           1655          502870 
           1671          538424 
           1687          575485 
           1703          614054 
           1720          656686 
           1737          701017 
           1754          747039 
           1771          794741 
           1788          844110 
           1805          895127 
           1823          950920 
           1841      1.00851e+6 
           1859      1.06786e+6 
           1877      1.12895e+6 
           1895      1.19172e+6 
           1913      1.25615e+6 
           1932      1.32589e+6 
           1951      1.39737e+6 
           1970      1.47052e+6 
           1989      1.54527e+6 
           2008      1.62157e+6 
           2028      1.70348e+6 
           2048      1.78695e+6 
           2068      1.87189e+6 
           2088      1.95822e+6 
           2108      2.04585e+6 
           2129      2.13917e+6 
           2150      2.23372e+6 
           2171      2.32939e+6 
           2192      2.42609e+6 
           2213      2.52371e+6 
           2235      2.62685e+6 
           2257      2.73077e+6 
           2279      2.83534e+6 
           2301      2.94044e+6 
           2324      3.05076e+6 
           2347      3.16142e+6 
           2370      3.27226e+6 
           2393      3.38318e+6 
           2416      3.49404e+6 
           2440      3.60954e+6 
           2464      3.72472e+6 
           2488      3.83944e+6 
           2512      3.95359e+6 
           2537      4.07176e+6 
           2562      4.18904e+6 
           2587      4.30532e+6 
           2612      4.42047e+6 
           2638      4.53891e+6 
           2664      4.65589e+6 
           2690      4.77131e+6 
           2716      4.88504e+6 
           2743      5.00127e+6 
           2770      5.11548e+6 
           2797      5.22758e+6 
           2824      5.33747e+6 
           2852      5.44902e+6 
           2880      5.55804e+6 
           2908      5.66444e+6 
           2937      5.77183e+6 
           2966      5.87629e+6 
           2995      5.97775e+6 
           3024      6.07618e+6 
           3054      6.17477e+6 
           3084      6.27004e+6 
           3114      6.36195e+6 
           3145      6.45338e+6 
           3176       6.5412e+6 
           3207       6.6254e+6 
           3239      6.70852e+6 
           3271       6.7878e+6 
           3303      6.86325e+6 
           3336      6.93708e+6 
           3369      7.00689e+6 
           3402      7.07273e+6 
           3436      7.13646e+6 
           3470      7.19608e+6 
           3504      7.25165e+6 
           3539       7.3047e+6 
           3574      7.35359e+6 
           3609      7.39843e+6 
           3645      7.44039e+6 
           3681      7.47824e+6 
           3717      7.51208e+6 
           3754      7.54278e+6 
           3791      7.56946e+6 
           3828      7.59223e+6 
           3866      7.61168e+6 
           3904      7.62726e+6 
           3943      7.63935e+6 
           3982      7.64764e+6 
           4021      7.65227e+6 
           4061      7.65334e+6 
           4101      7.65085e+6 
           4142      7.64475e+6 
           4183       7.6352e+6 
           4224      7.62236e+6 
           4266      7.60595e+6 
           4308       7.5864e+6 
           4351       7.5633e+6 
           4394      7.53722e+6 
           4437      7.50834e+6 
           4481      7.47602e+6 
           4525      7.44109e+6 
           4570       7.4028e+6 
           4615      7.36209e+6 
           4661      7.31813e+6 
           4707      7.27195e+6 
           4754      7.22264e+6 
           4801      7.17134e+6 
           4849      7.11704e+6 
           4897      7.06097e+6 
           4945      7.00328e+6 
           4994      6.94285e+6 
           5043      6.88103e+6 
           5093      6.81663e+6 
           5143      6.75105e+6 
           5194      6.68307e+6 
           5245      6.61413e+6 
           5297      6.54296e+6 
           5349      6.47105e+6 
           5402       6.3971e+6 
           5456      6.32119e+6 
           5510      6.24483e+6 
           5565      6.16671e+6 
           5620      6.08834e+6 
           5676      6.00839e+6 
           5732      5.92839e+6 
           5789      5.84699e+6 
           5846      5.76572e+6 
           5904      5.68323e+6 
           5963      5.59963e+6 
           6022       5.5164e+6 
           6082      5.43223e+6 
           6142       5.3486e+6 
           6203      5.26418e+6 
           6265      5.17908e+6 
           6327      5.09473e+6 
           6390      5.00985e+6 
           6453      4.92584e+6 
           6517      4.84145e+6 
           6582      4.75675e+6 
           6647      4.67311e+6 
           6713      4.58929e+6 
           6780      4.50538e+6 
           6847      4.42268e+6 
           6915         4.34e+6 
           6984      4.25742e+6 
           7053      4.17616e+6 
           7123      4.09511e+6 
           7194      4.01432e+6 
           7265      3.93496e+6 
           7337      3.85595e+6 
           7410      3.77734e+6 
           7484       3.6992e+6 
           7558      3.62261e+6 
           7633      3.54654e+6 
           7709      3.47106e+6 
           7786       3.3962e+6 
           7863      3.32296e+6 
           7941      3.25039e+6 
           8020      3.17853e+6 
           8100      3.10743e+6 
           8181      3.03712e+6 
           8262      2.96847e+6 
           8344      2.90063e+6 
           8427      2.83364e+6 
           8511      2.76752e+6 
           8596      2.70229e+6 
           8681      2.63872e+6 
           8767      2.57605e+6 
           8854       2.5143e+6 
           8942       2.4535e+6 
           9031      2.39364e+6 
           9121      2.33476e+6 
           9212      2.27686e+6 
           9304      2.21994e+6 
           9397      2.16403e+6 
           9490      2.10969e+6 
           9584      2.05634e+6 
           9679      2.00396e+6 
           9775      1.95258e+6 
           9872      1.90218e+6 
           9970      1.85277e+6 
          10069      1.80434e+6 
          10169      1.75691e+6 
          10270      1.71045e+6 
          10372      1.66497e+6 
          10475      1.62047e+6 
          10579      1.57693e+6 
          10684      1.53435e+6 
          10790      1.49272e+6 
          10897      1.45204e+6 
          11005      1.41229e+6 
          11115      1.37311e+6 
          11226      1.33487e+6 
          11338      1.29755e+6 
          11451      1.26115e+6 
          11565      1.22564e+6 
          11680      1.19102e+6 
          11796      1.15726e+6 
          11913      1.12436e+6 
          12032      1.09204e+6 
          12152      1.06057e+6 
          12273      1.02992e+6 
          12395      1.00009e+6 
          12518          971051 
          12643          942574 
          12769          914879 
          12896          887948 
          13024          861766 
          13154          836121 
          13285          811205 
          13417          787000 
          13551          763316 
          13686          740322 
          13822          718000 
          13960          696179 
          14099          675008 
          14239          654470 
          14381          634409 
          14524          614957 
          14669          595970 
          14815          577568 
          14963          559616 
          15112          542226 
          15263          525271 
          15415          508852 
          15569          492853 
          15724          477367 
          15881          462283 
          16039          447688 
          16199          433480 
          16360          419736 
          16523          406362 
          16688          393353 
          16854          380777 
          17022          368548 
          17192          356661 
          17363          345176 
          17536          334016 
          17711          323175 
          17888          312647 
          18066          302483 
          18246          292614 
          18428          283037 
          18612          273744 
          18798          264729 
          18985          256032 
          19174          247598 
          19365          239419 
          19558          231492 
          19753          223808 
          19950          216364 
          20149          209151 
          20350          202166 
          20553          195402 
          20758          188852 
          20965          182512 
          21174          176376 
          21385          170438 
          21598          164693 
          21813          159135 
          22031          153734 
          22251          148513 
          22473          143465 
          22697          138585 
          22923          133868 
          23152          129290 
          23383          124867 
          23616          120595 
          23852          116450 
          24090          112448 
          24330          108584 
          24573          104838 
          24818          101222 
          25066         97718.3 
          25316         94337.4 
          25569         91062.6 
          25824         87903.6 
          26082         84844.7 
          26342         81894.9 
          26605         79039.5 
          26871         76276.3 
          27139         73612.8 
          27410         71035.9 
          27684         68543.6 
          27960         66142.1 
          28239         63819.9 
          28521         61574.9 
          28806           59405 
          29094           57308 
          29384         55288.7 
          29677         53337.6 
          29973         51452.8 
          30272         49632.3 
          30574         47874.2 
          30879         46176.6 
          31187         44537.8 
          31498         42955.7 
          31812         41428.8 
          32130         39950.7 
          32451         38524.7 
          32775         37149.1 
          33102         35822.2 
          33433         34538.7 
          33767         33301.1 
          34104         32107.8 
          34445         30954.2 
          34789         29842.3 
          35136         28770.6 
          35487           27735 
          35841         26737.1 
          36199           25773 
          36560         24844.4 
          36925         23947.5 
          37294         23081.4 
          37666         22247.5 
          38042         21442.4 
          38422         20665.3 
          38806         19915.4 
          39194         19191.8 
          39585         18495.5 
          39980         17823.8 
          40379         17175.8 
          40782           16551 
          41189         15948.4 
          41600         15367.5 
          42016         14806.1 
          42436           14265 
          42860         13743.6 
          43288         13241.1 
          43720           12757 
          44157         12289.5 
          44598         11839.2 
          45043         11405.5 
          45493           10987 
          45947         10583.9 
          46406           10195 
          46870         9819.78 
          47338         9458.65 
          47811         9110.34 
          48289         8774.47 
          48771         8451.29 
          49258          8139.7 
          49750         7839.35 
          50247         7549.86 
          50749         7270.87 
          51256         7002.05 
          51768         6743.05 
          52285         6493.54 
          52807         6253.21 
          53335          6021.3 
          53868         5797.99 
          54406         5582.97 
          54950         5375.58 
          55499         5175.95 
          56053         4983.79 
          56613         4798.52 
          57179         4619.93 
          57750         4448.09 
          58327         4282.47 
          58910         4122.88 
          59499         3969.11 
          60093         3821.23 
          60693         3678.77 
          61299         3541.56 
          61911         3409.42 
          62530         3281.96 
          63155         3159.26 
          63786         3041.13 
          64423         2927.42 
          65067         2817.81 
          65717         2712.33 
          66374         2610.68 
          67037         2512.87 
          67707         2418.64 
          68384         2327.87 
          69067         2240.56 
          69757         2156.47 
          70454         2075.49 
          71158         1997.52 
          71869         1922.46 
          72587         1850.19 
          73312         1780.63 
          74045          1713.6 
          74785         1649.09 
          75532         1587.02 
          76287         1527.22 
          77049         1469.69 
          77819         1414.29 
          78597         1360.93 
          79382         1309.62 
          80175         1260.21 
          80976         1212.65 
          81785         1166.87 
          82602         1122.81 
          83428         1080.35 
          84262          1039.5 
          85104          1000.2 
          85955         962.339 
          86814         925.926 
          87682         890.863 
          88558         857.143 
          89443          824.68 
          90337         793.432 
          91240         763.357 
          92152         734.414 
          93073         706.564 
          94003         679.768 
          94943         653.962 
          95892         629.138 
          96850         605.262 
          97818         582.276 
          98796         560.149 
          99783         538.874 
         100780         518.398 
         101787         498.695 
         102804         479.736 
         103832         461.479 
         104870         443.917 
         105918         427.025 
         106977         410.764 
         108046         395.126 
         109126         380.076 
         110217         365.592 
         111319         351.656 
         112432         338.249 
         113556         325.351 
         114691         312.944 
         115837         301.011 
         116995         289.526 
         118164         278.481 
         119345         267.852 
         120538         257.626 
         121743         247.786 
         122960         238.321 
         124189         229.217 
         125430         220.461 
         126684         212.033 
         127950          203.93 
         129229         196.132 
         130521          188.63 
         131826         181.413 
         133144          174.47 
         134475         167.793 
         135819         161.372 
         137177         155.193 
         138548         149.251 
         139933         143.535 
         141332         138.036 
         142745         132.747 
         144172          127.66 
         145613         122.768 
         147069         118.061 
         148539         113.535 
         150024         109.181 
         151524         104.992 
         153039         100.964 
         154569         97.0899 
         156114         93.3646 
         157675         89.7803 
         159251         86.3344 
         160843         83.0197 
         162451         79.8316 
         164075         76.7656 
         165715         73.8172 
         167372         70.9807 
         169045         68.2536 
         170735         65.6305 
         172442         63.1076 
         174166         60.6815 
         175907         58.3486 
         177666         56.1043 
         179442         53.9467 
         181236         51.8715 
         183048         49.8758 
         184878         47.9567 
         186726         46.1115 
         188593         44.3366 
         190478         42.6303 
         192382         40.9894 
         194305         39.4114 
         196248         37.8933 
         198210         36.4339 
         200192         35.0303 
         202193          33.681 
         204214         32.3836 
         206256         31.1355 
         208318         29.9356 
         210401         28.7816 
         212505         27.6719 
         214630         26.6048 
         216776         25.5789 
         218943         24.5926 
         221132         23.6441 
         223343         22.7321 
         225576         21.8551 
         227831          21.012 
         230109         20.2012 
         232410         19.4215 
         234734         18.6719 
         237081         17.9511 
         239451         17.2583 
         241845          16.592 
         244263         15.9513 
         246705         15.3354 
         249172         14.7431 
         251663         14.1737 
         254179         13.6263 
         256720         13.0999 
         259287         12.5938 
         261879         12.1072 
         264497         11.6394 
         267141         11.1897 
         269812         10.7572 
         272510         10.3413 
         275235         9.94152 
         277987         9.55715 
         280766         9.18768 
         283573         8.83243 
         286408          8.4909 
         289272         8.16246 
         292164         7.84678 
         295085         7.54326 
         298035         7.25149 
         301015         6.97092 
         304025         6.70118 
         307065         6.44185 
         310135         6.19257 
         313236          5.9529 
         316368         5.72249 
         319531         5.50099 
         322726         5.28803 
         325953          5.0833 
         329212         4.88649 
         332504         4.69726 
         335829         4.51534 
         339187         4.34047 
         342578         4.17239 
         346003         4.01079 
         349463         3.85542 
         352957         3.70607 
         356486          3.5625 
         360050         3.42449 
         363650         3.29181 
         367286         3.16425 
         370958         3.04164 
         374667         2.92377 
         378413         2.81046 
         382197         2.70152 
         386018         2.59681 
         389878         2.49614 
         393776         2.39938 
         397713         2.30636 
         401690         2.21693 
         405706         2.13098 
         409763         2.04834 
         413860         1.96891 
         417998         1.89255 
         422177         1.81916 
         426398          1.7486 
         430661         1.68078 
         434967         1.61559 
         439316         1.55291 
         443709         1.49266 
         448146         1.43475 
         452627         1.37908 
         457153         1.32556 
         461724         1.27412 
         466341         1.22468 
         471004         1.17715 
         475714         1.13146 
         480471         1.08754 
         485275         1.04533 
         490127         1.00475 
         495028        0.965749 
         499978        0.928255 
         504977         0.89222 
         510026        0.857581 
         515126        0.824282 
         520277        0.792275 
         525479        0.761512 
         530733        0.731942 
         536040        0.703516 
         541400        0.676194 
         546814        0.649929 
         552282        0.624684 
         557804        0.600422 
         563382        0.577097 
         569015        0.554681 
         574705        0.533132 
         580452        0.512419 
         586256        0.492511 
         592118        0.473376 
         598039        0.454983 
         604019        0.437304 
         610059        0.420311 
         616159        0.403978 
         622320         0.38828 
         628543         0.37319 
         634828        0.358686 
         641176        0.344745 
         647587        0.331347 
         654062        0.318468 
         660602         0.30609 
         667208        0.294191 
         673880        0.282754 
         680618        0.271763 
         687424        0.261198 
         694298        0.251043 
         701240        0.241283 
         708252        0.231902 
         715334        0.222885 
         722487        0.214219 
         729711         0.20589 
         737008        0.197883 
         744378        0.190188 
         751821        0.182792 
         759339        0.175683 
         766932        0.168851 
         774601        0.162283 
         782347        0.155971 
         790170        0.149905 
         798071        0.144074 
         806051        0.138471 
         814111        0.133084 
         822252        0.127907 
         830474        0.122932 
         838778         0.11815 
         847165        0.113553 
         855636        0.109136 
         864192         0.10489 
         872833        0.100809 
         881561       0.0968867 
         890376       0.0931171 
         899279        0.089494 
         908271       0.0860119 
         917353       0.0826651 
         926526       0.0794484 
         935791       0.0763566 
         945148       0.0733853 
         954599       0.0705295 
         964144       0.0677848 
         973785       0.0651467 
         983522       0.0626114 
         993357       0.0601745 
     1.00329e+6       0.0578324 
     1.01332e+6       0.0555816 
     1.02346e+6       0.0534181 
     1.03369e+6       0.0513389 
     1.04402e+6       0.0493406 
     1.05446e+6       0.0474199 
     1.06501e+6        0.045574 
     1.07566e+6       0.0437999 
     1.08642e+6       0.0420948 
     1.09728e+6        0.040456 
     1.10825e+6       0.0388811 
     1.11933e+6       0.0373674 
     1.13053e+6       0.0359126 
     1.14183e+6       0.0345144 
     1.15325e+6       0.0331706 
     1.16478e+6       0.0318791 
     1.17643e+6       0.0306379 
     1.18819e+6        0.029445 
     1.20007e+6       0.0282985 
     1.21207e+6       0.0271966 
     1.22419e+6       0.0261376 
     1.23643e+6       0.0251199 
      1.2488e+6       0.0241417 
     1.26128e+6       0.0232016 
      1.2739e+6       0.0222981 
     1.28664e+6       0.0214298 
      1.2995e+6       0.0205952 
      1.3125e+6       0.0197931 
     1.32562e+6       0.0190223 
     1.33888e+6       0.0182815 
     1.35226e+6       0.0175695 
     1.36579e+6       0.0168852 
     1.37944e+6       0.0162276 
     1.39324e+6       0.0155955 
     1.40717e+6       0.0149881 
     1.42124e+6       0.0144043 
     1.43545e+6       0.0138432 
     1.44981e+6        0.013304 
      1.4643e+6       0.0127858 
     1.47895e+6       0.0122877 
     1.49374e+6       0.0118091 
     1.50867e+6       0.0113491 
     1.52376e+6        0.010907 
       1.539e+6       0.0104821 
     1.55438e+6       0.0100738 
     1.56993e+6      0.00968132 
     1.58563e+6      0.00930416 
     1.60148e+6      0.00894168 
      1.6175e+6      0.00859334 
     1.63367e+6      0.00825856 
     1.65001e+6      0.00793681 
     1.66651e+6      0.00762758 
     1.68317e+6      0.00733039 
         1.7e+6      0.00704479 
       1.717e+6      0.00677031 
     1.73417e+6      0.00650651 
     1.75151e+6        0.006253 
     1.76903e+6      0.00600935 
     1.78672e+6       0.0057752 
     1.80459e+6      0.00555017 
     1.82263e+6      0.00533391 
     1.84086e+6      0.00512606 
     1.85926e+6      0.00492632 
     1.87786e+6      0.00473436 
     1.89664e+6      0.00454987 
      1.9156e+6      0.00437257 
     1.93476e+6      0.00420217 
      1.9541e+6      0.00403842 
     1.97364e+6      0.00388104 
     1.99338e+6      0.00372979 
     2.01331e+6      0.00358444 
     2.03345e+6      0.00344475 
     2.05378e+6       0.0033105 
     2.07432e+6      0.00318149 
     2.09506e+6       0.0030575 
     2.11601e+6      0.00293834 
     2.13717e+6      0.00282382 
     2.15854e+6      0.00271376 
     2.18013e+6        0.002608 
     2.20193e+6      0.00250635 
     2.22395e+6      0.00240866 
     2.24619e+6      0.00231478 
     2.26865e+6      0.00222456 
     2.29133e+6      0.00213786 
     2.31425e+6      0.00205453 
     2.33739e+6      0.00197445 
     2.36076e+6      0.00189749 
     2.38437e+6      0.00182353 
     2.40821e+6      0.00175245 
     2.43229e+6      0.00168414 
     2.45662e+6       0.0016185 
     2.48118e+6      0.00155541 
     2.50599e+6      0.00149478 
     2.53105e+6      0.00143651 
     2.55636e+6      0.00138051 
     2.58192e+6       0.0013267 
     2.60774e+6      0.00127498 
     2.63382e+6      0.00122528 
     2.66016e+6      0.00117752 
     2.68676e+6      0.00113161 
     2.71363e+6       0.0010875 
     2.74076e+6       0.0010451 
     2.76817e+6      0.00100436 
     2.79585e+6     0.000965207 
     2.82381e+6     0.000927579 
     2.85205e+6     0.000891417 
     2.88057e+6     0.000856665 
     2.90937e+6     0.000823267 
     2.93846e+6     0.000791171 
     2.96785e+6     0.000760327 
     2.99753e+6     0.000730684 
      3.0275e+6     0.000702197 
     3.05778e+6     0.000674819 
     3.08835e+6      0.00064851 
     3.11924e+6     0.000623226 
     3.15043e+6     0.000598927 
     3.18193e+6     0.000575576 
     3.21375e+6     0.000553134 
     3.24589e+6     0.000531568 
     3.27835e+6     0.000510843 
     3.31113e+6     0.000490925 
     3.34424e+6     0.000471784 
     3.37768e+6     0.000453389 
     3.41146e+6     0.000435711 
     3.44557e+6     0.000418722 
     3.48003e+6     0.000402396 
     3.51483e+6     0.000386705 
     3.54998e+6     0.000371627 
     3.58547e+6     0.000357137 
     3.62133e+6     0.000343211 
     3.65754e+6     0.000329828 
     3.69412e+6     0.000316967 
     3.73106e+6     0.000304608 
     3.76837e+6      0.00029273 
     3.80605e+6     0.000281315 
     3.84411e+6     0.000270346 
     3.88255e+6     0.000259804 
     3.92138e+6     0.000249673 
     3.96059e+6     0.000239937 
     4.00019e+6     0.000230581 
      4.0402e+6     0.000221589 
      4.0806e+6     0.000212948 
      4.1214e+6     0.000204644 
     4.16262e+6     0.000196664 
     4.20424e+6     0.000188995 
     4.24628e+6     0.000181625 
     4.28874e+6     0.000174542 
     4.33163e+6     0.000167735 
     4.37495e+6     0.000161194 
      4.4187e+6     0.000154908 
     4.46288e+6     0.000148867 
     4.50751e+6     0.000143062 
     4.55259e+6     0.000137482 
     4.59811e+6     0.000132121 
     4.64409e+6     0.000126968 
     4.69053e+6     0.000122017 
     4.73744e+6     0.000117258 
     4.78481e+6     0.000112685 
     4.83266e+6     0.000108291 
     4.88098e+6     0.000104067 
     4.92979e+6     0.000100009 
     4.97909e+6      9.61085e-5 
     5.02888e+6      9.23603e-5 
     5.07917e+6      8.87582e-5 
     5.12996e+6      8.52966e-5 
     5.18126e+6        8.197e-5 
     5.23307e+6      7.87731e-5 
      5.2854e+6      7.57009e-5 
     5.33826e+6      7.27485e-5 
     5.39164e+6      6.99112e-5 
     5.44555e+6      6.71845e-5 
     5.50001e+6      6.45642e-5 
     5.55501e+6      6.20461e-5 
     5.61056e+6      5.96261e-5 
     5.66666e+6      5.73006e-5 
     5.72333e+6      5.50657e-5 
     5.78056e+6       5.2918e-5 
     5.83837e+6      5.08541e-5 
     5.89675e+6      4.88706e-5 
     5.95572e+6      4.69645e-5 
     6.01527e+6      4.51327e-5 
     6.07543e+6      4.33724e-5 
     6.13618e+6      4.16807e-5 
     6.19754e+6       4.0055e-5 
     6.25952e+6      3.84927e-5 
     6.32211e+6      3.69914e-5 
     6.38533e+6      3.55485e-5 
     6.44918e+6       3.4162e-5 
     6.51368e+6      3.28295e-5 
     6.57881e+6       3.1549e-5 
      6.6446e+6      3.03184e-5 
     6.71105e+6      2.91359e-5 
     6.77816e+6      2.79994e-5 
     6.84594e+6      2.69073e-5 
      6.9144e+6      2.58578e-5 
     6.98354e+6      2.48492e-5 
     7.05337e+6      2.38799e-5 
     7.12391e+6      2.29485e-5 
     7.19515e+6      2.20533e-5 
      7.2671e+6      2.11931e-5 
     7.33977e+6      2.03664e-5 
     7.41316e+6       1.9572e-5 
      7.4873e+6      1.88086e-5 
     7.56217e+6      1.80749e-5 
     7.63779e+6      1.73699e-5 
     7.71416e+6      1.66924e-5 
     7.79131e+6      1.60412e-5 
     7.86922e+6      1.54155e-5 
     7.94791e+6      1.48142e-5 
     8.02739e+6      1.42363e-5 
     8.10766e+6       1.3681e-5 
     8.18874e+6      1.31474e-5 
     8.27063e+6      1.26345e-5 
     8.35333e+6      1.21416e-5 
     8.43686e+6       1.1668e-5 
     8.52123e+6      1.12129e-5 
     8.60644e+6      1.07755e-5 
     8.69251e+6      1.03552e-5 
     8.77943e+6      9.95121e-6 
     8.86723e+6      9.56303e-6 
      8.9559e+6      9.18999e-6 
     9.04546e+6       8.8315e-6 
     9.13591e+6      8.48699e-6 
     9.22727e+6      8.15592e-6 
     9.31954e+6      7.83777e-6 
     9.41274e+6      7.53202e-6 
     9.50687e+6       7.2382e-6 
     9.60193e+6      6.95585e-6 
     9.69795e+6       6.6845e-6 
     9.79493e+6      6.42374e-6 
     9.89288e+6      6.17315e-6 
     9.99181e+6      5.93234e-6 
