# Kurucz ODFNEW /NOVER (2003)
# teff = 3500 K (value for the effective temperature for the model. Temperatures are given in K)
# logg = 0.5 log(cm/s2) (value for Log(G) for the model.)
# meta = 0.5  (value for the Metallicity for the model.)
# lh = 1.25  (l/Hp where l is the  mixing length of the convective element and Hp is the pressure scale height)
# vtur = 2 km/s (Microturbulence velocity)
# alpha = 0  (Alpha)
#
# column 1: WAVELENGTH (ANGSTROM), Wavelength in Angstrom
# column 2: FLUX (ERG/CM2/S/A), Flux in erg/cm2/s/A
          147.2    8.52116e-181 
            151    5.75148e-176 
          155.2    6.60726e-171 
          158.8    8.75066e-167 
            162    2.82475e-163 
            166    4.41819e-159 
          170.3    8.55699e-155 
          173.4    7.75659e-152 
          176.8    1.03004e-148 
          180.2    1.04001e-145 
          181.7    2.02429e-144 
          186.1     9.2728e-141 
            191    6.97219e-137 
          193.9    1.10482e-134 
          198.4    2.13016e-131 
          201.8    5.16472e-129 
            205    7.67201e-127 
          210.5    2.88357e-123 
          216.2    9.35246e-120 
          219.8    1.24017e-117 
            223    8.33927e-116 
          226.8    1.05706e-113 
            230    5.50744e-112 
            234    6.59297e-110 
            240    6.37942e-107 
          246.5    7.47045e-104 
          252.4    3.31155e-101 
          256.8     2.59155e-99 
            260      5.6214e-98 
            264     2.36559e-96 
          268.5     1.38579e-94 
          273.5      1.0875e-92 
          278.5     7.28957e-91 
            284     6.24768e-89 
            290     6.59568e-87 
            296     5.73676e-85 
            301     2.06658e-83 
            308     2.55944e-81 
            318     1.71716e-78 
            328     7.68838e-76 
            338     2.37937e-73 
            348     5.26284e-71 
            357     5.20361e-69 
            366     4.09083e-67 
            375     2.59326e-65 
            385     2.06566e-63 
            395     1.31035e-61 
            405     6.73898e-60 
            414     1.97864e-58 
            422     3.52309e-57 
            430     5.61997e-56 
            441     2.14011e-54 
            451     4.99377e-53 
            460     7.54046e-52 
            470     1.35831e-50 
            480     2.16031e-49 
            490     3.05997e-48 
            500     3.88167e-47 
            506     2.27168e-46 
            512     1.06873e-45 
            520     6.87629e-45 
            530      6.5302e-44 
            540     5.61658e-43 
            550      4.5002e-42 
            560     3.32221e-41 
            570     2.28032e-40 
            580     1.44633e-39 
            590     8.76694e-39 
            600     4.94353e-38 
            610     2.62799e-37 
            620     1.32002e-36 
            630     6.28689e-36 
            640     2.84708e-35 
            650     1.22827e-34 
            658      3.8253e-34 
            665      1.0083e-33 
            675     3.89045e-33 
            685     1.44156e-32 
            695      5.1291e-32 
            705     1.74954e-31 
            716     6.53164e-31 
            726     2.07779e-30 
            735     5.72411e-30 
            745     1.71156e-29 
            755      4.9664e-29 
            765     1.40089e-28 
            775     3.83475e-28 
            785     1.02358e-27 
            795     2.63456e-27 
            805     6.70529e-27 
            815      1.6655e-26 
            825     4.02719e-26 
            835     9.51948e-26 
            845     2.20215e-25 
            855     4.98894e-25 
            865     1.10754e-24 
            875     2.40541e-24 
            885     5.15533e-24 
            895     1.08228e-23 
            905     2.23207e-23 
            915     2.72401e-18 
            925     1.08296e-17 
            935     1.58698e-17 
            945     3.50893e-17 
            955     6.56408e-17 
            965     1.33984e-16 
            975     1.78971e-16 
            985     3.79201e-16 
            995     6.39777e-16 
           1005     1.05705e-15 
           1015     1.78436e-15 
           1025     3.24099e-15 
           1035     6.11257e-15 
           1045      1.0109e-14 
           1055      1.3523e-14 
           1065     2.71088e-14 
           1075     4.33738e-14 
           1085     6.15836e-14 
           1095     8.22629e-14 
           1105     1.18135e-13 
           1115      1.7267e-13 
           1125     3.54248e-13 
           1135     6.43019e-13 
           1145     9.65282e-13 
           1155     1.42595e-12 
           1165     2.04319e-12 
           1175     3.04385e-12 
           1185     3.85683e-12 
           1195      3.4678e-12 
           1205      2.0548e-12 
           1215     1.10445e-12 
           1225     3.80263e-12 
           1235     1.12291e-11 
           1245     2.19119e-11 
           1255     3.29436e-11 
           1265      4.0601e-11 
           1275     6.53102e-11 
           1285     6.02366e-11 
           1295     9.41405e-11 
           1305     1.03321e-10 
           1315      1.5965e-10 
           1325     1.88347e-10 
           1335     2.36578e-10 
           1345     3.06836e-10 
           1355      4.4577e-10 
           1365     5.06592e-10 
           1375     6.17672e-10 
           1385     7.60833e-10 
           1395     9.79077e-10 
           1405      1.49543e-9 
           1415      1.97638e-9 
           1425      2.49771e-9 
           1435      3.50271e-9 
           1442      4.50021e-9 
           1447      4.30831e-9 
           1455      5.88399e-9 
           1465      8.23487e-9 
           1475      9.15891e-9 
           1485      1.32127e-8 
           1495      2.00768e-8 
           1505      2.75916e-8 
           1512      1.97861e-8 
           1517      3.10808e-8 
           1525      4.40307e-8 
           1535      6.20937e-8 
           1545      5.46718e-8 
           1555      8.02575e-8 
           1565      9.65455e-8 
           1575      1.63472e-7 
           1585      2.01709e-7 
           1595      2.22704e-7 
           1605       2.7434e-7 
           1615      3.36095e-7 
           1625      4.13363e-7 
           1635      5.23952e-7 
           1645      6.97597e-7 
           1655      7.95402e-7 
           1665       1.0239e-6 
           1672      1.02613e-6 
           1677      1.32974e-6 
           1685      1.60592e-6 
           1695      2.10183e-6 
           1705      2.27656e-6 
           1715      3.00169e-6 
           1725      3.79132e-6 
           1735       4.5945e-6 
           1745      5.76459e-6 
           1755        6.642e-6 
           1765       7.6008e-6 
           1775       9.4288e-6 
           1785      1.36528e-5 
           1795      1.39115e-5 
           1805      2.03916e-5 
           1815      2.06764e-5 
           1825      2.72653e-5 
           1835      3.03366e-5 
           1845      3.93405e-5 
           1855       4.0228e-5 
           1865      5.46049e-5 
           1875      5.94944e-5 
           1885      7.28972e-5 
           1895       8.9165e-5 
           1905     0.000103046 
           1915     0.000132037 
           1925     0.000138019 
           1935     0.000141597 
           1945     0.000193442 
           1955     0.000242507 
           1967     0.000284162 
           1976     0.000332648 
           1984     0.000405867 
           1995     0.000422285 
           2005     0.000503671 
           2015      0.00058349 
           2025     0.000631569 
           2035     0.000745977 
           2045     0.000827755 
           2055     0.000970766 
           2065      0.00104249 
           2074      0.00108706 
           2078      0.00129323 
           2085      0.00161473 
           2095      0.00230697 
           2105        0.002729 
           2115      0.00281105 
           2125      0.00361427 
           2135      0.00464888 
           2145      0.00366984 
           2155      0.00493818 
           2165      0.00500053 
           2175      0.00574321 
           2185      0.00561375 
           2195      0.00936971 
           2205       0.0081304 
           2215        0.010542 
           2225      0.00895514 
           2235        0.015475 
           2245       0.0173579 
           2255       0.0240431 
           2265       0.0122472 
           2275       0.0286018 
           2285       0.0234556 
           2295       0.0448254 
           2305       0.0163922 
           2315       0.0656321 
           2325       0.0449793 
           2335       0.0798271 
           2345       0.0528138 
           2355       0.0423876 
           2365       0.0622262 
           2375        0.056765 
           2385        0.112564 
           2395         0.10293 
           2405        0.218996 
           2415        0.116884 
           2425        0.163648 
           2435        0.266674 
           2445        0.403448 
           2455        0.502298 
           2465        0.266478 
           2475        0.553524 
           2485        0.171166 
           2495        0.228948 
           2505        0.475974 
           2513        0.319379 
           2518        0.386562 
           2525        0.497914 
           2535         1.37232 
           2545         1.74306 
           2555         1.78998 
           2565        0.828387 
           2575         1.67268 
           2585        0.987007 
           2595         1.40336 
           2605         2.09177 
           2615         1.83158 
           2625         3.48129 
           2635         5.54468 
           2645         3.85715 
           2655         5.79282 
           2665         4.72679 
           2675         4.43665 
           2685         6.47668 
           2695         4.18317 
           2705         8.42786 
           2715         8.01529 
           2725         6.48377 
           2735         6.76028 
           2745         10.5014 
           2755         9.51896 
           2765          15.627 
           2775          20.986 
           2785         13.6568 
           2795         18.5712 
           2805         18.1062 
           2815         22.9739 
           2825         21.8746 
           2835          19.247 
           2845         12.2686 
           2855         4.99023 
           2865         21.5728 
           2875         26.4001 
           2885         48.3765 
           2895         56.4665 
           2910         65.0015 
           2930         71.6167 
           2950         73.8351 
           2970         77.8281 
           2990         91.4802 
           3010         101.179 
           3030         123.086 
           3050         152.109 
           3070         198.991 
           3090         226.051 
           3110         296.566 
           3130         339.887 
           3150         479.753 
           3170         616.667 
           3190         553.501 
           3210         686.874 
           3230         729.345 
           3250         903.366 
           3270         1217.71 
           3290         1569.83 
           3310         1568.28 
           3330         1743.32 
           3350         1924.52 
           3370         1688.55 
           3390         1998.73 
           3410         2357.52 
           3430         2635.14 
           3450         2364.19 
           3470         2838.68 
           3490          3226.3 
           3510         4178.24 
           3530         3692.65 
           3550          5572.4 
           3570         3146.58 
           3590         2386.43 
           3610         3641.52 
           3630          6000.5 
           3640         6453.78 
           3650         6548.55 
           3670         9962.47 
           3690         9032.75 
           3710         8270.25 
           3730         4028.35 
           3750         4932.51 
           3770         9719.81 
           3790         11780.4 
           3810           10184 
           3830         5247.64 
           3850         8826.23 
           3870         8745.81 
           3890         10201.9 
           3910         10679.8 
           3930         3915.38 
           3950         6708.57 
           3970         4626.38 
           3990         16554.9 
           4010         28547.4 
           4030         24901.3 
           4050         28349.2 
           4070         27541.3 
           4090         38873.1 
           4110         31782.7 
           4130         31844.5 
           4150         35182.6 
           4170         33123.5 
           4190         35659.9 
           4210         28260.9 
           4230         12482.1 
           4250         32499.4 
           4270         34544.9 
           4290         33793.7 
           4310         38873.3 
           4330         56771.9 
           4350         58835.3 
           4370         60933.5 
           4390         50736.6 
           4410         50196.1 
           4430         49125.8 
           4450         51603.5 
           4470         51693.3 
           4490           58746 
           4510         65380.9 
           4530         52550.7 
           4550         57883.8 
           4570         76978.7 
           4590         54656.6 
           4610         61745.6 
           4630         54791.8 
           4650         57346.2 
           4670         60984.5 
           4690         62279.3 
           4710         68471.2 
           4730         68068.6 
           4750         86239.1 
           4770         40698.1 
           4790         55714.5 
           4810         45982.1 
           4830         56266.6 
           4850         59189.2 
           4870         68771.6 
           4890         86813.5 
           4910         97515.1 
           4930          120884 
           4950          113822 
           4970         43950.7 
           4990         60981.5 
           5010         39906.1 
           5030         60110.8 
           5050           71121 
           5070         90856.6 
           5090         94088.9 
           5110          120184 
           5130          125335 
           5150          125472 
           5170         79890.2 
           5190         51067.2 
           5210         70643.4 
           5230          116195 
           5250         98469.7 
           5270          104218 
           5290          132156 
           5310          156738 
           5330          129304 
           5350          158865 
           5370          137226 
           5390          150149 
           5410          154782 
           5430          156966 
           5450          122064 
           5470         90311.6 
           5490          109381 
           5510         91056.3 
           5530          119344 
           5550          140357 
           5570          143953 
           5590          138440 
           5610           83981 
           5630         82844.6 
           5650         93977.9 
           5670         91645.1 
           5690          117268 
           5710          112702 
           5730          142670 
           5750          155910 
           5770          131340 
           5790          150909 
           5810          160073 
           5830          167189 
           5850          140443 
           5870          107843 
           5890         80413.7 
           5910         78737.8 
           5930         83713.1 
           5950         88860.4 
           5970         94451.6 
           5990          107779 
           6010          113404 
           6030          138783 
           6050          156507 
           6070          177604 
           6090          195099 
           6110          195569 
           6130          200902 
           6150          208054 
           6170         96277.1 
           6190         93703.3 
           6210         91846.4 
           6230           75283 
           6250         84044.1 
           6270          101434 
           6290          113198 
           6310          132843 
           6330          145271 
           6350          159726 
           6370          157239 
           6390          172043 
           6410          184724 
           6430          162902 
           6450          179923 
           6470          207017 
           6490          170682 
           6510          200196 
           6530          223568 
           6550          210017 
           6570          209351 
           6590          206512 
           6610          201186 
           6630          184067 
           6650          161093 
           6670          148037 
           6690          117212 
           6710          125334 
           6730          100785 
           6750          108333 
           6770          129698 
           6790          113074 
           6810          128040 
           6830          141392 
           6850          151230 
           6870          155714 
           6890          188285 
           6910          219885 
           6930          209628 
           6950          246788 
           6970          300378 
           6990          311561 
           7010          330883 
           7030          362575 
           7050          337637 
           7070          167190 
           7090          157255 
           7110          140237 
           7130          117680 
           7150          111702 
           7170          124746 
           7190          156562 
           7210          141136 
           7230          179043 
           7250          219526 
           7270          249369 
           7290          281178 
           7310          323331 
           7330          365988 
           7350          398602 
           7370          457095 
           7390          479913 
           7410          505717 
           7430          526037 
           7450          548358 
           7470          556403 
           7490          560406 
           7510          586094 
           7530          601821 
           7550          606468 
           7570          600369 
           7590          502399 
           7610          451942 
           7630          403935 
           7650          394133 
           7670          309644 
           7690          298186 
           7710          283573 
           7730          315927 
           7750          296993 
           7770          295978 
           7790          301680 
           7810          346891 
           7830          323824 
           7850          337355 
           7870          364973 
           7890          395283 
           7910          379866 
           7930          403784 
           7950          410190 
           7970          467412 
           7990          459014 
           8010          484416 
           8030          506761 
           8050          526703 
           8070          519954 
           8090          529405 
           8110          537795 
           8130          571504 
           8150          582201 
           8170          597077 
           8190          560297 
           8210          471772 
           8230          525057 
           8250          528714 
           8270          518277 
           8290          473910 
           8310          455314 
           8330          482899 
           8350          452934 
           8370          464173 
           8390          447791 
           8410          487359 
           8430          441389 
           8450          399646 
           8470          385977 
           8490          399480 
           8510          377853 
           8530          394551 
           8550          346218 
           8570          456569 
           8590          469987 
           8610          492357 
           8630          520200 
           8650          515128 
           8670          418197 
           8690          520724 
           8710          574946 
           8730          585216 
           8750          595681 
           8770          602568 
           8790          615042 
           8810          597546 
           8830          611801 
           8850          632223 
           8870          391353 
           8890          415302 
           8910          462640 
           8930          463036 
           8950          427727 
           8970          448339 
           8990          490372 
           9010          481515 
           9030          499990 
           9050          536283 
           9070          562130 
           9090          549035 
           9110          555479 
           9130          590017 
           9150          566382 
           9170          563197 
           9190          585818 
           9210          560892 
           9230          557358 
           9250          547774 
           9270          568034 
           9290          545424 
           9310          562425 
           9330          568196 
           9350          568741 
           9370          551469 
           9390          554848 
           9410          545855 
           9430          564470 
           9450          542425 
           9470          572986 
           9490          582119 
           9510          588295 
           9530          588774 
           9550          578586 
           9570          589415 
           9590          611701 
           9610          596512 
           9630          607849 
           9650          577458 
           9670          575636 
           9690          602912 
           9710          596116 
           9730          567206 
           9750          547325 
           9770          560440 
           9790          555597 
           9810          571067 
           9830          543326 
           9850          567487 
           9870          580039 
           9890          586131 
           9910          559984 
           9930          567473 
           9950          573451 
           9970          592756 
           9990          591517 
          10025          576486 
          10075          581913 
          10125          600140 
          10175          594474 
          10225          611231 
          10275          617001 
          10325          610050 
          10375          610379 
          10425          619167 
          10475          619278 
          10525          626365 
          10575          616347 
          10625          622973 
          10675          607035 
          10725          610166 
          10775          607274 
          10825          594444 
          10875          587907 
          10925          585726 
          10975          549719 
          11025          544620 
          11075          545948 
          11125          552954 
          11175          558998 
          11225          562729 
          11275          553156 
          11325          560649 
          11375          551567 
          11425          560863 
          11475          573124 
          11525          575933 
          11575          570518 
          11625          562778 
          11675          565651 
          11725          579143 
          11775          566681 
          11825          568581 
          11875          558353 
          11925          573814 
          11975          546676 
          12025          563763 
          12075          559853 
          12125          564906 
          12175          568027 
          12225          566768 
          12275          562360 
          12325          555352 
          12375          558204 
          12425          550255 
          12475          552462 
          12525          549765 
          12575          549571 
          12625          549315 
          12675          542199 
          12725          545113 
          12775          550295 
          12825          526017 
          12875          540962 
          12925          528734 
          12975          545814 
          13025          533881 
          13075          543799 
          13125          525405 
          13175          531777 
          13225          536703 
          13275          525891 
          13325          537440 
          13375          532040 
          13425          539999 
          13475          537119 
          13525          538448 
          13575          530073 
          13625          527894 
          13675          533308 
          13725          538769 
          13775          535460 
          13825          540957 
          13875          530940 
          13925          499565 
          13975          513184 
          14025          512117 
          14075          503369 
          14125          483611 
          14175          486242 
          14225          490240 
          14275          478289 
          14325          494985 
          14375          494082 
          14425          481629 
          14475          503695 
          14525          482484 
          14570          483164 
          14620          458820 
          14675          462332 
          14725          463732 
          14775          472766 
          14825          481169 
          14875          481516 
          14925          495139 
          14975          496761 
          15025          481612 
          15075          476234 
          15125          473354 
          15175          485045 
          15225          491096 
          15275          484931 
          15325          496979 
          15375          494023 
          15425          487532 
          15475          505309 
          15525          489556 
          15575          458184 
          15625          480146 
          15675          483236 
          15725          498801 
          15775          439797 
          15825          457872 
          15875          460015 
          15925          473115 
          15975          463190 
          16050          457760 
          16150          474569 
          16250          452824 
          16350          482463 
          16450          439834 
          16550          476210 
          16650          431410 
          16750          459481 
          16850          428740 
          16950          450550 
          17050          432827 
          17150          433315 
          17250          429938 
          17350          406787 
          17450          424680 
          17550          404161 
          17650          410732 
          17750          398704 
          17850          397808 
          17950          399316 
          18050          375697 
          18150          387076 
          18250          371309 
          18350          365785 
          18450          360314 
          18550          357316 
          18650          349497 
          18750          346787 
          18850          338918 
          18950          325080 
          19050          334538 
          19150          325599 
          19250          328325 
          19350          311638 
          19450          307725 
          19550          308488 
          19650          296273 
          19750          280754 
          19850          282540 
          19950          278059 
          20050          281664 
          20150          276834 
          20250          264405 
          20350          265570 
          20450          263907 
          20550          252852 
          20650          250418 
          20750          246330 
          20850          242578 
          20950          236542 
          21050          237429 
          21150          234061 
          21250          228810 
          21350          227663 
          21450          222295 
          21550          218549 
          21650          216277 
          21750          210009 
          21850          208833 
          21950          207583 
          22050          199219 
          22150          205218 
          22250          194505 
          22350          192829 
          22450          190218 
          22550          189831 
          22650          182474 
          22750          186136 
          22850          180514 
          22950          146843 
          23050          160767 
          23150          158924 
          23250          131349 
          23350          144481 
          23450          133913 
          23550          111110 
          23650          130264 
          23750          120540 
          23850          104577 
          23950          119271 
          24050          114002 
          24150          100645 
          24250          112238 
          24350          108338 
          24450          100578 
          24550          102755 
          24650          106926 
          24750          101101 
          24850         95652.2 
          24950         99770.9 
          25050          101738 
          25150           92824 
          25250         94134.7 
          25350         95691.6 
          25450         95865.8 
          25550         94412.8 
          25650         94227.8 
          25750           95378 
          25850         89516.7 
          25950         90758.2 
          26050         92599.8 
          26150         91738.7 
          26250         88963.5 
          26350         90204.9 
          26450         90073.3 
          26550         84286.8 
          26650         84716.3 
          26750         89506.9 
          26850         88062.8 
          26950         83499.5 
          27050         86631.5 
          27150         84890.6 
          27250         86911.9 
          27350         81231.1 
          27450         82700.2 
          27550         84314.6 
          27650         81631.3 
          27750           78686 
          27850         80356.2 
          27950         76261.9 
          28050         75192.4 
          28150         75258.2 
          28250         74863.2 
          28350         76928.1 
          28450         76541.8 
          28550         73316.7 
          28650         74370.8 
          28750         74560.8 
          28850         72424.4 
          28950           72743 
          29050         71850.2 
          29150         71690.6 
          29250         69056.9 
          29350         69855.4 
          29450           66250 
          29550         68058.7 
          29650         66820.5 
          29750         67010.5 
          29850         66676.5 
          29950         66441.9 
          30050         64285.8 
          30150         65712.6 
          30250           64793 
          30350         64166.4 
          30450         62331.6 
          30550         63506.6 
          30650         62435.2 
          30750         62005.8 
          30850         60120.1 
          30950         59633.9 
          31050         60379.7 
          31150         58377.5 
          31250         58841.6 
          31350         56722.8 
          31450         57234.8 
          31550         56989.9 
          31650         56434.8 
          31750         55668.8 
          31850         54996.7 
          31950         54438.9 
          32100         54512.6 
          32300         51922.2 
          32500         51820.1 
          32700           50473 
          32900         49001.5 
          33100         48376.8 
          33300         46747.6 
          33500         46301.9 
          33700         45554.9 
          33900         43714.3 
          34100         43280.7 
          34300         42918.4 
          34500         41102.4 
          34700         40952.2 
          34900         40221.3 
          35100         38877.4 
          35300         38105.6 
          35500         37683.4 
          35700         36402.2 
          35900         35693.7 
          36100         35646.2 
          36300         34431.1 
          36500         33760.7 
          36700         33253.9 
          36900         32305.1 
          37100         31191.3 
          37300         31020.2 
          37500         30395.5 
          37700         29575.6 
          37900         29468.8 
          38100         28721.7 
          38300         28299.2 
          38500         27784.8 
          38700         27279.5 
          38900         26618.8 
          39100         26211.7 
          39300         25718.7 
          39500         25251.3 
          39700           24725 
          39900         23610.5 
          40100         21961.7 
          40300         22153.2 
          40500         19630.4 
          40700         20274.6 
          40900         18404.6 
          41100         19160.9 
          41300         17510.9 
          41500         18068.6 
          41700         16757.8 
          41900         17266.9 
          42100           16399 
          42300         16323.1 
          42500         15837.8 
          42700         15758.1 
          42900         14975.8 
          43100         13876.8 
          43300         14466.5 
          43500         12932.1 
          43700         12968.5 
          43900         12438.9 
          44100         11636.4 
          44300         11683.8 
          44500         11253.8 
          44700         10858.3 
          44900         10874.8 
          45100         10584.3 
          45300         10109.9 
          45500         10416.5 
          45700           10065 
          45900         9591.64 
          46100         9899.83 
          46300         9578.82 
          46500         9536.32 
          46700         9587.65 
          46900         9327.25 
          47100         9178.58 
          47300         9320.53 
          47500         9109.63 
          47700         9006.25 
          47900         8912.31 
          48100         8664.61 
          48300         8870.43 
          48500         8736.89 
          48700         8455.44 
          48900         8453.22 
          49100         8358.71 
          49300         8239.26 
          49500         8032.59 
          49700         8194.56 
          49900         8021.13 
          50100         7743.48 
          50300         7933.97 
          50500         7685.12 
          50700          7678.1 
          50900         7565.68 
          51100         7447.27 
          51300         7343.08 
          51500         7257.18 
          51700          7293.6 
          51900         7205.19 
          52100         7072.53 
          52300         7013.86 
          52500         6988.95 
          52700         7112.89 
          52900         6754.69 
          53100         6677.58 
          53300         6650.51 
          53500         6595.74 
          53700         6533.51 
          53900         6478.89 
          54100          6432.1 
          54300         6261.38 
          54500         6357.57 
          54700         6140.18 
          54900         6198.64 
          55100         6009.29 
          55300         6184.81 
          55500          5940.1 
          55700          5977.9 
          55900         5870.34 
          56100         5913.79 
          56300         5718.65 
          56500         5755.18 
          56700         5669.88 
          56900          5495.7 
          57100         5563.34 
          57300         5527.67 
          57500         5434.59 
          57700         5379.89 
          57900         5381.45 
          58100         5303.06 
          58300         5239.58 
          58500         5191.82 
          58700         5084.45 
          58900         5053.56 
          59100         5004.96 
          59300         4981.86 
          59500         4880.32 
          59700          4888.8 
          59900         4844.34 
          60100         4787.85 
          60300         4717.81 
          60500         4637.68 
          60700         4605.63 
          60900         4540.39 
          61100         4489.72 
          61300         4469.09 
          61500         4437.68 
          61700         4418.86 
          61900         4354.56 
          62100         4333.39 
          62300         4261.55 
          62500         4185.42 
          62700         4147.17 
          62900         4118.46 
          63100         4059.37 
          63300         4051.43 
          63500         3980.45 
          63700         3986.69 
          63900         3907.62 
          64200         3859.94 
          64600          3755.5 
          65000         3678.39 
          65400         3597.07 
          65800         3525.28 
          66200          3436.9 
          66600         3380.11 
          67000          3307.4 
          67400         3229.94 
          67800          3162.2 
          68200         3090.46 
          68600         3041.08 
          69000         2970.71 
          69400         2906.61 
          69800         2855.99 
          70200         2787.45 
          70600          2732.9 
          71000         2674.92 
          71400         2624.86 
          71800         2568.66 
          72200         2515.56 
          72600         2463.04 
          73000         2415.55 
          73400         2360.97 
          73800         2318.16 
          74200         2259.16 
          74600         2216.58 
          75000         2177.73 
          75400         2087.43 
          75800         1959.17 
          76200         1844.96 
          76600         1758.52 
          77000         1710.31 
          77400         1627.65 
          77800            1572 
          78200         1525.59 
          78600         1472.47 
          79000         1451.02 
          79400         1392.16 
          79800         1373.92 
          80200         1343.67 
          80600         1312.68 
          81000         1286.77 
          81400         1269.38 
          81800         1247.82 
          82200         1226.84 
          82600         1212.56 
          83000         1173.06 
          83400         1173.59 
          83800         1142.72 
          84200         1132.37 
          84600         1103.42 
          85000         1108.44 
          85400         1077.27 
          85800         1063.51 
          86200          1052.3 
          86600         1019.74 
          87000         1022.53 
          87400         1008.16 
          87800         989.418 
          88200         967.049 
          88600         950.131 
          89000         944.653 
          89400         938.812 
          89800          917.76 
          90200         907.971 
          90600         903.781 
          91000         882.205 
          91400         868.863 
          91800         862.202 
          92200         833.154 
          92600         839.812 
          93000         826.636 
          93400          816.72 
          93800         790.844 
          94200           785.5 
          94600         769.358 
          95000         770.031 
          95400         756.219 
          95800         744.868 
          96200          733.72 
          96600         720.955 
          97000         718.104 
          97400         704.792 
          97800         696.557 
          98200         684.683 
          98600         680.689 
          99000         667.819 
          99400         654.563 
          99800         652.239 
         100200         642.314 
         200000         43.7948 
         400000         2.82665 
         600000        0.561327 
         800000        0.177551 
         1.0e+6       0.0725807 
         1.2e+6       0.0349129 
         1.4e+6       0.0187965 
         1.6e+6       0.0109887 
