# Kurucz ODFNEW /NOVER (2003)
# teff = 37000 K (value for the effective temperature for the model. Temperatures are given in K)
# logg = 4.5 log(cm/s2) (value for Log(G) for the model.)
# meta = -1.5  (value for the Metallicity for the model.)
# lh = 1.25  (l/Hp where l is the  mixing length of the convective element and Hp is the pressure scale height)
# vtur = 2 km/s (Microturbulence velocity)
# alpha = 0  (Alpha)
#
# column 1: WAVELENGTH (ANGSTROM), Wavelength in Angstrom
# column 2: FLUX (ERG/CM2/S/A), Flux in erg/cm2/s/A
          147.2       0.0265023 
            151       0.0623691 
          155.2        0.153311 
          158.8        0.319774 
            162        0.598943 
            166         1.27044 
          170.3         2.74382 
          173.4         4.67122 
          176.8         8.19885 
          180.2         14.0925 
          181.7         17.7793 
          186.1          34.441 
            191          69.376 
          193.9         103.268 
          198.4         187.003 
          201.8         287.677 
            205         425.765 
          210.5         811.957 
          216.2         1529.33 
          219.8         2241.49 
            223         3114.88 
          226.8         4544.05 
            230          759868 
            234      3.57733e+6 
            240      8.96498e+6 
          246.5      2.81538e+7 
          252.4      6.84734e+7 
          256.8      5.29211e+7 
            260      2.24756e+8 
            264      7.30475e+8 
          268.5      1.27694e+9 
          273.5      1.69432e+9 
          278.5       1.5877e+9 
            284      2.79399e+9 
            290      3.09053e+9 
            296      1.84185e+9 
            301      3.30578e+8 
            308       1.3009e+9 
            318      3.71328e+9 
            328      4.48781e+9 
            338      4.75842e+9 
            348      5.32039e+9 
            357      6.39366e+9 
            366      7.54241e+9 
            375      7.72962e+9 
            385      7.45961e+9 
            395      8.38306e+9 
            405      8.89428e+9 
            414      9.15997e+9 
            422      9.07892e+9 
            430      9.03804e+9 
            441      9.82149e+9 
            451     1.02074e+10 
            460     1.02239e+10 
            470     1.06893e+10 
            480     1.13177e+10 
            490     1.13635e+10 
            500     1.23401e+10 
            506     2.49269e+10 
            512     5.44406e+10 
            520     5.19842e+10 
            530     5.00075e+10 
            540     4.55034e+10 
            550     4.67904e+10 
            560     5.27337e+10 
            570     5.29137e+10 
            580     5.02918e+10 
            590     5.14532e+10 
            600     4.87666e+10 
            610      4.8909e+10 
            620     5.24991e+10 
            630     5.15443e+10 
            640      5.1826e+10 
            650     5.08045e+10 
            658     4.88188e+10 
            665     5.01213e+10 
            675     5.12145e+10 
            685     4.82167e+10 
            695     4.99956e+10 
            705     4.75216e+10 
            716     4.99182e+10 
            726     4.95353e+10 
            735     4.95793e+10 
            745     4.82681e+10 
            755      4.7715e+10 
            765     4.67422e+10 
            775     4.67687e+10 
            785     4.66301e+10 
            795     4.63526e+10 
            805     4.57633e+10 
            815      4.5608e+10 
            825     4.55457e+10 
            835     4.26248e+10 
            845     4.44488e+10 
            855     4.38743e+10 
            865     4.39332e+10 
            875     4.35449e+10 
            885     4.30782e+10 
            895     4.26368e+10 
            905     4.18474e+10 
            915     3.74027e+10 
            925     7.33359e+10 
            935     9.97128e+10 
            945     1.28633e+11 
            955     1.38122e+11 
            965     1.56865e+11 
            975     1.13547e+11 
            985     1.47881e+11 
            995     1.36422e+11 
           1005     1.40587e+11 
           1015     1.39301e+11 
           1025     1.07204e+11 
           1035      1.3245e+11 
           1045     1.33174e+11 
           1055     1.30089e+11 
           1065     1.24429e+11 
           1075     1.22102e+11 
           1085     1.14213e+11 
           1095     1.17952e+11 
           1105     1.14143e+11 
           1115     1.11135e+11 
           1125     1.05873e+11 
           1135     1.06992e+11 
           1145     1.04433e+11 
           1155     1.00975e+11 
           1165      9.8669e+10 
           1175     8.78938e+10 
           1185       9.274e+10 
           1195     9.12313e+10 
           1205     8.82471e+10 
           1215     6.90259e+10 
           1225     8.46108e+10 
           1235     8.39328e+10 
           1245     8.16347e+10 
           1255     8.09345e+10 
           1265     7.95776e+10 
           1275     7.79959e+10 
           1285     7.64581e+10 
           1295     7.40508e+10 
           1305      7.2719e+10 
           1315     7.16673e+10 
           1325     6.98987e+10 
           1335     6.83418e+10 
           1345     6.72918e+10 
           1355     6.55677e+10 
           1365     6.39837e+10 
           1375     6.24407e+10 
           1385     6.13282e+10 
           1395     5.89769e+10 
           1405     5.74725e+10 
           1415     5.76978e+10 
           1425     5.56535e+10 
           1435      5.5283e+10 
           1442     5.44269e+10 
           1447     5.38697e+10 
           1455     5.27753e+10 
           1465     5.19046e+10 
           1475     5.08742e+10 
           1485      5.0181e+10 
           1495     4.89642e+10 
           1505     4.82242e+10 
           1512     4.76847e+10 
           1517     4.70206e+10 
           1525     4.61349e+10 
           1535     4.42775e+10 
           1545     4.18959e+10 
           1555     4.14133e+10 
           1565     4.15426e+10 
           1575     4.13265e+10 
           1585     4.08187e+10 
           1595     4.00301e+10 
           1605     3.85003e+10 
           1615     3.76682e+10 
           1625     3.70021e+10 
           1635     3.60759e+10 
           1645     3.42938e+10 
           1655      3.5692e+10 
           1665     3.50675e+10 
           1672     3.41047e+10 
           1677      3.4751e+10 
           1685     3.41139e+10 
           1695     3.35316e+10 
           1705     3.28103e+10 
           1715     3.18127e+10 
           1725     3.13652e+10 
           1735     3.13663e+10 
           1745     3.07468e+10 
           1755     3.00721e+10 
           1765      2.9725e+10 
           1775     2.92487e+10 
           1785      2.8773e+10 
           1795     2.81797e+10 
           1805     2.77596e+10 
           1815     2.72773e+10 
           1825     2.67767e+10 
           1835     2.64174e+10 
           1845     2.59204e+10 
           1855     2.54436e+10 
           1865     2.50025e+10 
           1875     2.45843e+10 
           1885     2.41736e+10 
           1895     2.38447e+10 
           1905     2.34933e+10 
           1915     2.30862e+10 
           1925     2.25013e+10 
           1935     2.23499e+10 
           1945     2.20051e+10 
           1955     2.15756e+10 
           1967     2.12167e+10 
           1976     2.09216e+10 
           1984     2.06489e+10 
           1995     2.02675e+10 
           2005     1.99759e+10 
           2015     1.96612e+10 
           2025     1.93472e+10 
           2035     1.90392e+10 
           2045     1.87319e+10 
           2055     1.47417e+10 
           2065     1.41814e+10 
           2074      1.4366e+10 
           2078     1.46204e+10 
           2085     1.54081e+10 
           2095     1.67849e+10 
           2105     1.70611e+10 
           2115     1.68699e+10 
           2125     1.65972e+10 
           2135     1.63387e+10 
           2145     1.61172e+10 
           2155     1.60791e+10 
           2165      1.5488e+10 
           2175     1.56979e+10 
           2185     1.50598e+10 
           2195     1.52317e+10 
           2205     1.50234e+10 
           2215     1.43828e+10 
           2225     1.45749e+10 
           2235     1.43656e+10 
           2245     1.41407e+10 
           2255     1.35629e+10 
           2265     1.37401e+10 
           2275     1.35417e+10 
           2285     1.33304e+10 
           2295     1.29784e+10 
           2305     1.26186e+10 
           2315     1.27621e+10 
           2325     1.25906e+10 
           2335     1.24111e+10 
           2345     1.22335e+10 
           2355     1.20592e+10 
           2365     1.18901e+10 
           2375     1.17181e+10 
           2385     1.12412e+10 
           2395     1.13642e+10 
           2405     1.12334e+10 
           2415     1.10767e+10 
           2425     1.09266e+10 
           2435     1.07735e+10 
           2445     1.06263e+10 
           2455     1.04749e+10 
           2465     1.03374e+10 
           2475     1.01974e+10 
           2485     1.00563e+10 
           2495      9.57161e+9 
           2505       9.7571e+9 
           2513      9.15222e+9 
           2518      9.55323e+9 
           2525       9.5216e+9 
           2535       9.4009e+9 
           2545      9.27541e+9 
           2555      9.15158e+9 
           2565      9.03169e+9 
           2575      8.91225e+9 
           2585      8.79551e+9 
           2595      8.67414e+9 
           2605      8.57659e+9 
           2615      8.46319e+9 
           2625      8.35509e+9 
           2635      8.24676e+9 
           2645      8.13821e+9 
           2655      8.03213e+9 
           2665      7.92528e+9 
           2675       7.8156e+9 
           2685      7.73084e+9 
           2695      7.61963e+9 
           2705      7.53765e+9 
           2715      7.44083e+9 
           2725      7.33051e+9 
           2735      7.08512e+9 
           2745      7.16608e+9 
           2755      7.07693e+9 
           2765      6.96917e+9 
           2775      6.90288e+9 
           2785      6.81697e+9 
           2795      6.72536e+9 
           2805      6.64876e+9 
           2815      6.56928e+9 
           2825      6.46857e+9 
           2835      6.40146e+9 
           2845      6.33326e+9 
           2855      6.25662e+9 
           2865      6.18043e+9 
           2875      6.10652e+9 
           2885      6.03348e+9 
           2895      5.96131e+9 
           2910      5.85463e+9 
           2930      5.71749e+9 
           2950      5.56837e+9 
           2970      5.45262e+9 
           2990      5.32261e+9 
           3010      5.20263e+9 
           3030      5.08001e+9 
           3050      4.96542e+9 
           3070      4.85656e+9 
           3090      4.74616e+9 
           3110      4.64052e+9 
           3130      4.53795e+9 
           3150      4.43798e+9 
           3170      4.34017e+9 
           3190      4.22891e+9 
           3210      4.10362e+9 
           3230      4.06343e+9 
           3250      3.97577e+9 
           3270      3.88677e+9 
           3290      3.80694e+9 
           3310      3.72772e+9 
           3330       3.6491e+9 
           3350       3.5684e+9 
           3370      3.49797e+9 
           3390        3.426e+9 
           3410      3.35516e+9 
           3430      3.28252e+9 
           3450      3.21039e+9 
           3470       3.1494e+9 
           3490      3.08634e+9 
           3510      3.02702e+9 
           3530      2.96546e+9 
           3550      2.90538e+9 
           3570      2.85445e+9 
           3590      2.78938e+9 
           3610      2.73821e+9 
           3630      2.68024e+9 
           3640       2.6309e+9 
           3650      2.46064e+9 
           3670      2.41745e+9 
           3690      2.37549e+9 
           3710      2.33536e+9 
           3730      2.30564e+9 
           3750      2.30278e+9 
           3770      2.27958e+9 
           3790      2.30214e+9 
           3810      2.32568e+9 
           3830      2.16031e+9 
           3850      2.29019e+9 
           3870      2.27888e+9 
           3890      2.03311e+9 
           3910      2.21007e+9 
           3930      2.16207e+9 
           3950      2.13274e+9 
           3970      1.88268e+9 
           3990      2.05269e+9 
           4010      2.02324e+9 
           4030       1.9433e+9 
           4050      1.96081e+9 
           4070      1.92184e+9 
           4090      1.83346e+9 
           4110      1.69625e+9 
           4130      1.81415e+9 
           4150      1.78575e+9 
           4170      1.76067e+9 
           4190      1.72538e+9 
           4210       1.6836e+9 
           4230      1.67178e+9 
           4250      1.64276e+9 
           4270      1.61437e+9 
           4290      1.58699e+9 
           4310      1.55714e+9 
           4330      1.47536e+9 
           4350      1.39417e+9 
           4370      1.47854e+9 
           4390      1.44371e+9 
           4410      1.43309e+9 
           4430      1.40841e+9 
           4450      1.38655e+9 
           4470      1.34042e+9 
           4490      1.34119e+9 
           4510      1.31901e+9 
           4530      1.29674e+9 
           4550      1.26067e+9 
           4570       1.2565e+9 
           4590      1.23615e+9 
           4610      1.21641e+9 
           4630      1.19632e+9 
           4650      1.17187e+9 
           4670      1.15847e+9 
           4690      1.11112e+9 
           4710      1.11729e+9 
           4730      1.10595e+9 
           4750      1.08874e+9 
           4770      1.07186e+9 
           4790      1.05531e+9 
           4810      1.03901e+9 
           4830       1.0213e+9 
           4850      9.77422e+8 
           4870      9.12068e+8 
           4890       9.7377e+8 
           4910      9.62212e+8 
           4930      9.38286e+8 
           4950      9.33625e+8 
           4970      9.19812e+8 
           4990      9.06129e+8 
           5010      8.87937e+8 
           5030       8.7949e+8 
           5050       8.6493e+8 
           5070       8.5387e+8 
           5090        8.414e+8 
           5110      8.29156e+8 
           5130      8.17121e+8 
           5150      8.05318e+8 
           5170      7.93715e+8 
           5190      7.82323e+8 
           5210      7.71138e+8 
           5230      7.60155e+8 
           5250      7.49317e+8 
           5270      7.38703e+8 
           5290      7.28349e+8 
           5310      7.18116e+8 
           5330      7.08056e+8 
           5350      6.98178e+8 
           5370      6.88467e+8 
           5390       6.7892e+8 
           5410       6.6078e+8 
           5430       6.6033e+8 
           5450      6.51281e+8 
           5470      6.42372e+8 
           5490      6.33626e+8 
           5510      6.25001e+8 
           5530      6.16571e+8 
           5550      6.08259e+8 
           5570      6.00073e+8 
           5590      5.91881e+8 
           5610      5.84137e+8 
           5630      5.76357e+8 
           5650       5.6872e+8 
           5670      5.61188e+8 
           5690      5.49616e+8 
           5710      5.26223e+8 
           5730      5.19526e+8 
           5750      5.12933e+8 
           5770      5.06475e+8 
           5790      5.00173e+8 
           5810      4.94046e+8 
           5830      4.88445e+8 
           5850      4.83449e+8 
           5870      4.72146e+8 
           5890      4.73799e+8 
           5910      4.69627e+8 
           5930      4.65447e+8 
           5950       4.6145e+8 
           5970      4.57582e+8 
           5990      4.53911e+8 
           6010      4.49435e+8 
           6030      4.44449e+8 
           6050      4.39796e+8 
           6070      4.34347e+8 
           6090      4.28969e+8 
           6110      4.23673e+8 
           6130      4.18467e+8 
           6150      4.13339e+8 
           6170      4.08031e+8 
           6190      4.03315e+8 
           6210      3.98415e+8 
           6230      3.93095e+8 
           6250      3.88828e+8 
           6270      3.84157e+8 
           6290      3.79537e+8 
           6310      3.74268e+8 
           6330      3.70516e+8 
           6350      3.66111e+8 
           6370      3.61773e+8 
           6390      3.57482e+8 
           6410      3.52266e+8 
           6430      3.49112e+8 
           6450      3.45022e+8 
           6470      3.40984e+8 
           6490      3.37016e+8 
           6510      3.33038e+8 
           6530      3.27166e+8 
           6550      3.19894e+8 
           6570      2.96706e+8 
           6590      3.16838e+8 
           6610      3.14337e+8 
           6630      3.10747e+8 
           6650      3.07262e+8 
           6670      3.02035e+8 
           6690      2.97167e+8 
           6710      2.96888e+8 
           6730      2.93571e+8 
           6750      2.90271e+8 
           6770      2.87038e+8 
           6790      2.83829e+8 
           6810       2.8067e+8 
           6830      2.77551e+8 
           6850      2.74479e+8 
           6870      2.71439e+8 
           6890      2.66826e+8 
           6910      2.65481e+8 
           6930      2.62593e+8 
           6950      2.59727e+8 
           6970      2.56897e+8 
           6990      2.54103e+8 
           7010      2.51344e+8 
           7030      2.48605e+8 
           7050      2.45938e+8 
           7070      2.41353e+8 
           7090      2.40698e+8 
           7110      2.38123e+8 
           7130      2.35581e+8 
           7150      2.33072e+8 
           7170      2.29516e+8 
           7190      2.27592e+8 
           7210      2.25752e+8 
           7230      2.23373e+8 
           7250      2.21031e+8 
           7270      2.18712e+8 
           7290      2.15571e+8 
           7310      2.14168e+8 
           7330      2.11949e+8 
           7350      2.09751e+8 
           7370      2.07588e+8 
           7390      2.05444e+8 
           7410      2.03328e+8 
           7430      2.01246e+8 
           7450      1.99189e+8 
           7470      1.97159e+8 
           7490      1.95133e+8 
           7510      1.93154e+8 
           7530      1.91212e+8 
           7550      1.89282e+8 
           7570      1.87376e+8 
           7590      1.84003e+8 
           7610      1.83596e+8 
           7630      1.81794e+8 
           7650      1.79982e+8 
           7670      1.78186e+8 
           7690      1.76407e+8 
           7710      1.74669e+8 
           7730      1.72928e+8 
           7750       1.7124e+8 
           7770      1.69554e+8 
           7790      1.67896e+8 
           7810      1.66222e+8 
           7830      1.64625e+8 
           7850      1.63078e+8 
           7870       1.6149e+8 
           7890      1.59928e+8 
           7910      1.58385e+8 
           7930      1.56857e+8 
           7950      1.55347e+8 
           7970      1.53845e+8 
           7990      1.52379e+8 
           8010      1.50926e+8 
           8030      1.49486e+8 
           8050      1.48064e+8 
           8070       1.4666e+8 
           8090      1.45245e+8 
           8110      1.43877e+8 
           8130      1.42548e+8 
           8150      1.41146e+8 
           8170       1.3988e+8 
           8190      1.38232e+8 
           8210      1.34457e+8 
           8230      1.32659e+8 
           8250      1.31978e+8 
           8270      1.30751e+8 
           8290       1.2971e+8 
           8310      1.28546e+8 
           8330      1.27354e+8 
           8350      1.26037e+8 
           8370      1.25026e+8 
           8390      1.23955e+8 
           8410       1.2287e+8 
           8430      1.21774e+8 
           8450      1.20486e+8 
           8470      1.19676e+8 
           8490      1.18611e+8 
           8510      1.17628e+8 
           8530      1.16621e+8 
           8550      1.15509e+8 
           8570      1.14966e+8 
           8590       1.1317e+8 
           8610      1.12568e+8 
           8630      1.12422e+8 
           8650      1.10855e+8 
           8670       1.0871e+8 
           8690      1.09747e+8 
           8710      1.09323e+8 
           8730      1.07612e+8 
           8750      1.03838e+8 
           8770      1.05369e+8 
           8790      1.06113e+8 
           8810      1.05477e+8 
           8830      1.04425e+8 
           8850      1.01005e+8 
           8870      9.75331e+7 
           8890      1.01242e+8 
           8910      1.01229e+8 
           8930      1.00464e+8 
           8950      9.97244e+7 
           8970      9.87558e+7 
           8990      9.68765e+7 
           9010      9.13329e+7 
           9030      9.28138e+7 
           9050      9.50304e+7 
           9070       9.4305e+7 
           9090      9.39588e+7 
           9110      9.32744e+7 
           9130      9.25543e+7 
           9150      9.17722e+7 
           9170      9.08526e+7 
           9190      8.98331e+7 
           9210      8.73426e+7 
           9230      8.17376e+7 
           9250      8.58492e+7 
           9270      8.68119e+7 
           9290      8.64385e+7 
           9310      8.56633e+7 
           9330      8.50887e+7 
           9350      8.32987e+7 
           9370      8.36086e+7 
           9390      8.30178e+7 
           9410      8.23334e+7 
           9430      8.16626e+7 
           9450      8.09924e+7 
           9470      8.01382e+7 
           9490      7.95875e+7 
           9510      7.83033e+7 
           9530      7.60586e+7 
           9550      7.13164e+7 
           9570      7.56668e+7 
           9590      7.61749e+7 
           9610       7.5748e+7 
           9630      7.51209e+7 
           9650      7.46763e+7 
           9670      7.40817e+7 
           9690      7.34713e+7 
           9710      7.27614e+7 
           9730      7.23193e+7 
           9750      7.17495e+7 
           9770      7.10574e+7 
           9790       7.0618e+7 
           9810      7.00642e+7 
           9830      6.95104e+7 
           9850      6.89643e+7 
           9870       6.8426e+7 
           9890      6.78876e+7 
           9910      6.73531e+7 
           9930      6.68337e+7 
           9950      6.63141e+7 
           9970      6.57982e+7 
           9990      6.52481e+7 
          10025      6.28216e+7 
          10075      6.11084e+7 
          10125      6.12671e+7 
          10175      6.07974e+7 
          10225      5.96422e+7 
          10275      5.85314e+7 
          10325      5.73228e+7 
          10375      5.63691e+7 
          10425      5.52404e+7 
          10475      5.43057e+7 
          10525      5.33081e+7 
          10575      5.23335e+7 
          10625      5.13816e+7 
          10675      5.04188e+7 
          10725      4.95436e+7 
          10775      4.86566e+7 
          10825       4.7533e+7 
          10875      4.68675e+7 
          10925      4.39586e+7 
          10975      4.47037e+7 
          11025      4.43984e+7 
          11075      4.37097e+7 
          11125      4.29615e+7 
          11175       4.2222e+7 
          11225      4.14879e+7 
          11275      4.07829e+7 
          11325      4.00858e+7 
          11375      3.94022e+7 
          11425      3.87349e+7 
          11475      3.80805e+7 
          11525      3.74388e+7 
          11575      3.68123e+7 
          11625      3.60113e+7 
          11675      3.55073e+7 
          11725      3.50105e+7 
          11775       3.4434e+7 
          11825      3.38686e+7 
          11875      3.33168e+7 
          11925      3.27731e+7 
          11975      3.20823e+7 
          12025      3.17223e+7 
          12075       3.1212e+7 
          12125      3.07143e+7 
          12175      3.02236e+7 
          12225       2.9745e+7 
          12275      2.92731e+7 
          12325      2.88129e+7 
          12375      2.83591e+7 
          12425      2.79166e+7 
          12475      2.74827e+7 
          12525      2.70332e+7 
          12575      2.66375e+7 
          12625      2.62284e+7 
          12675      2.58249e+7 
          12725      2.54316e+7 
          12775      2.47943e+7 
          12825      2.34974e+7 
          12875      2.42039e+7 
          12925      2.39268e+7 
          12975      2.34988e+7 
          13025      2.32166e+7 
          13075      2.28719e+7 
          13125      2.25317e+7 
          13175      2.21983e+7 
          13225      2.18735e+7 
          13275       2.1553e+7 
          13325      2.12366e+7 
          13375       2.0928e+7 
          13425      2.06177e+7 
          13475      2.03266e+7 
          13525      2.00339e+7 
          13575      1.97465e+7 
          13625      1.94643e+7 
          13675       1.9187e+7 
          13725      1.89145e+7 
          13775      1.86472e+7 
          13825      1.83844e+7 
          13875      1.81262e+7 
          13925      1.78725e+7 
          13975      1.76233e+7 
          14025      1.73781e+7 
          14075      1.71376e+7 
          14125      1.69011e+7 
          14175      1.66686e+7 
          14225      1.64401e+7 
          14275      1.62155e+7 
          14325      1.59948e+7 
          14375      1.57776e+7 
          14425      1.55643e+7 
          14475      1.53545e+7 
          14525      1.51482e+7 
          14570      1.49655e+7 
          14620      1.47659e+7 
          14675      1.45505e+7 
          14725      1.43559e+7 
          14775      1.41108e+7 
          14825       1.3982e+7 
          14875      1.37993e+7 
          14925      1.36192e+7 
          14975      1.34421e+7 
          15025      1.32675e+7 
          15075      1.30853e+7 
          15125       1.2927e+7 
          15175      1.27606e+7 
          15225      1.25973e+7 
          15275      1.24354e+7 
          15325      1.22761e+7 
          15375      1.21208e+7 
          15425      1.19637e+7 
          15475      1.18157e+7 
          15525      1.16652e+7 
          15575       1.1511e+7 
          15625      1.13806e+7 
          15675      1.12239e+7 
          15725      1.10763e+7 
          15775      1.09647e+7 
          15825       1.0825e+7 
          15875      1.06396e+7 
          15925      1.05471e+7 
          15975      1.04423e+7 
          16050      1.02323e+7 
          16150      9.94795e+6 
          16250      9.78808e+6 
          16350      9.50496e+6 
          16450      9.22269e+6 
          16550      9.10827e+6 
          16650      8.89496e+6 
          16750      8.63089e+6 
          16850      8.36302e+6 
          16950      8.29034e+6 
          17050      8.07752e+6 
          17150      7.91686e+6 
          17250      7.73241e+6 
          17350      7.40149e+6 
          17450      7.37332e+6 
          17550      7.22935e+6 
          17650      7.06942e+6 
          17750      6.91371e+6 
          17850      6.76232e+6 
          17950      6.61505e+6 
          18050      6.47038e+6 
          18150      6.19148e+6 
          18250      6.16578e+6 
          18350      6.06441e+6 
          18450      5.93588e+6 
          18550       5.8102e+6 
          18650      5.63682e+6 
          18750       5.4234e+6 
          18850        5.452e+6 
          18950      5.34184e+6 
          19050      5.22217e+6 
          19150      5.12493e+6 
          19250      5.02079e+6 
          19350      4.91168e+6 
          19450      4.68972e+6 
          19550      4.71382e+6 
          19650      4.62937e+6 
          19750      4.53751e+6 
          19850      4.44802e+6 
          19950      4.36057e+6 
          20050      4.27538e+6 
          20150      4.19223e+6 
          20250      4.11105e+6 
          20350      4.03181e+6 
          20450       3.9541e+6 
          20550       3.8762e+6 
          20650      3.80544e+6 
          20750       3.7335e+6 
          20850      3.66328e+6 
          20950      3.59466e+6 
          21050      3.52768e+6 
          21150      3.45659e+6 
          21250      3.39827e+6 
          21350      3.33577e+6 
          21450      3.27444e+6 
          21550      3.21151e+6 
          21650      3.06706e+6 
          21750      3.09172e+6 
          21850      3.04336e+6 
          21950      2.98966e+6 
          22050      2.93641e+6 
          22150      2.88431e+6 
          22250      2.83326e+6 
          22350       2.7836e+6 
          22450      2.73486e+6 
          22550      2.68725e+6 
          22650      2.64059e+6 
          22750      2.59501e+6 
          22850      2.55423e+6 
          22950      2.51049e+6 
          23050      2.46713e+6 
          23150      2.42576e+6 
          23250      2.38472e+6 
          23350      2.34451e+6 
          23450      2.30517e+6 
          23550      2.26668e+6 
          23650      2.22897e+6 
          23750      2.19207e+6 
          23850      2.15591e+6 
          23950      2.12047e+6 
          24050      2.08575e+6 
          24150      2.05178e+6 
          24250      2.01849e+6 
          24350      1.98581e+6 
          24450      1.95384e+6 
          24550      1.92252e+6 
          24650      1.89182e+6 
          24750      1.85978e+6 
          24850      1.83221e+6 
          24950      1.80297e+6 
          25050      1.77497e+6 
          25150      1.74719e+6 
          25250      1.71754e+6 
          25350      1.69317e+6 
          25450      1.66698e+6 
          25550      1.64068e+6 
          25650      1.61137e+6 
          25750      1.59132e+6 
          25850      1.56708e+6 
          25950      1.54328e+6 
          26050       1.5169e+6 
          26150      1.48626e+6 
          26250       1.4309e+6 
          26350      1.44778e+6 
          26450      1.43082e+6 
          26550        1.409e+6 
          26650      1.38678e+6 
          26750        1.358e+6 
          26850      1.34582e+6 
          26950      1.32848e+6 
          27050       1.3091e+6 
          27150      1.29012e+6 
          27250      1.27144e+6 
          27350      1.25309e+6 
          27450      1.23428e+6 
          27550      1.20503e+6 
          27650      1.19397e+6 
          27750      1.18293e+6 
          27850      1.16624e+6 
          27950      1.14976e+6 
          28050      1.13358e+6 
          28150       1.1177e+6 
          28250      1.10206e+6 
          28350      1.08675e+6 
          28450      1.07168e+6 
          28550      1.05665e+6 
          28650      1.03763e+6 
          28750      1.01247e+6 
          28850      1.01248e+6 
          28950      1.00005e+6 
          29050          986484 
          29150          973122 
          29250          959962 
          29350          947047 
          29450          934371 
          29550          921889 
          29650          909595 
          29750          897532 
          29850          885651 
          29950          873951 
          30050          862470 
          30150          851164 
          30250          839452 
          30350          816384 
          30450          810706 
          30550          807587 
          30650          797353 
          30750          787115 
          30850          777033 
          30950          767104 
          31050          757325 
          31150          747734 
          31250          738250 
          31350          728948 
          31450          719787 
          31550          710766 
          31650          701881 
          31750          693169 
          31850          684552 
          31950          676067 
          32100          663621 
          32300          647448 
          32500          631764 
          32700          616520 
          32900          593141 
          33100          585686 
          33300          573881 
          33500          560436 
          33700          547336 
          33900          534602 
          34100          522259 
          34300          510230 
          34500          498571 
          34700          487271 
          34900          476259 
          35100          465557 
          35300          455157 
          35500          445021 
          35700          435201 
          35900          425630 
          36100          416330 
          36300          407267 
          36500          398461 
          36700          389906 
          36900          381541 
          37100          373169 
          37300          362679 
          37500          353570 
          37700          350332 
          37900          343025 
          38100          335904 
          38300          328989 
          38500          322250 
          38700          315658 
          38900          309259 
          39100          302653 
          39300          296897 
          39500          290977 
          39700          285184 
          39900          279516 
          40100          273689 
          40300          267825 
          40500          259054 
          40700          258220 
          40900          253268 
          41100          248401 
          41300          243571 
          41500          238998 
          41700          233288 
          41900          229993 
          42100          225709 
          42300          221495 
          42500          217330 
          42700          213336 
          42900          209263 
          43100          205561 
          43300          201798 
          43500          198127 
          43700          193238 
          43900          190610 
          44100          187601 
          44300          184250 
          44500          180971 
          44700          177828 
          44900          174691 
          45100          171622 
          45300          168621 
          45500          165685 
          45700          162811 
          45900          160000 
          46100          157230 
          46300          154497 
          46500          148728 
          46700          147498 
          46900          146498 
          47100          144348 
          47300          141930 
          47500          139560 
          47700          137241 
          47900          134969 
          48100          132744 
          48300          130563 
          48500          128428 
          48700          126337 
          48900          124288 
          49100          122279 
          49300          120311 
          49500          118382 
          49700          116492 
          49900          114640 
          50100          112823 
          50300          111043 
          50500          109298 
          50700          107588 
          50900          105908 
          51100          104104 
          51300          101125 
          51500          100972 
          51700         99515.3 
          51900         97993.2 
          52100         96499.8 
          52300         95034.6 
          52500         93595.6 
          52700         92185.3 
          52900         90801.6 
          53100         89442.9 
          53300         88109.8 
          53500         86802.1 
          53700         85516.6 
          53900         84255.5 
          54100         83019.7 
          54300         81804.9 
          54500           80612 
          54700         79440.7 
          54900         78290.5 
          55100         77159.8 
          55300         76050.8 
          55500         74963.1 
          55700         73892.6 
          55900         72842.8 
          56100         71809.6 
          56300         70796.4 
          56500         69799.2 
          56700         68820.2 
          56900         67857.9 
          57100         66850.7 
          57300         65984.4 
          57500         65072.6 
          57700         64175.3 
          57900         63293.4 
          58100         62427.6 
          58300         61575.5 
          58500         60751.2 
          58700         59927.9 
          58900         58990.6 
          59100         57168.3 
          59300         57461.4 
          59500         56601.2 
          59700         55941.4 
          59900         55269.2 
          60100           54538 
          60300         53817.3 
          60500         53110.1 
          60700           52413 
          60900           51728 
          61100         51053.9 
          61300         50391.5 
          61500         49738.5 
          61700           49097 
          61900         48465.6 
          62100         47844.2 
          62300         47232.8 
          62500         46630.1 
          62700         46010.1 
          62900         45177.1 
          63100         44834.4 
          63300         44316.5 
          63500         43761.2 
          63700         43213.9 
          63900         42675.4 
          64200         41882.6 
          64600         40854.6 
          65000         39857.5 
          65400         38891.4 
          65800         37953.6 
          66200         37044.2 
          66600         36161.5 
          67000         35304.6 
          67400         34450.6 
          67800         33467.6 
          68200         32882.5 
          68600         32121.5 
          69000           31383 
          69400         30664.9 
          69800         29967.2 
          70200         29288.8 
          70600         28629.8 
          71000         27989.8 
          71400         27366.7 
          71800         26760.8 
          72200         26172.4 
          72600         25598.9 
          73000           25042 
          73400         24499.9 
          73800         23971.5 
          74200         23435.9 
          74600           22574 
          75000         22002.3 
          75400           21963 
          75800         21536.4 
          76200         21087.1 
          76600         20649.1 
          77000         20222.3 
          77400         19806.9 
          77800         19401.5 
          78200           19007 
          78600         18622.6 
          79000         18247.3 
          79400         17881.7 
          79800         17524.8 
          80200           17177 
          80600         16838.2 
          81000           16507 
          81400           16170 
          81800         15868.7 
          82200         15561.9 
          82600         15261.9 
          83000         14969.1 
          83400         14683.4 
          83800         14404.1 
          84200         14131.5 
          84600         13865.6 
          85000         13605.5 
          85400         13351.8 
          85800         13103.8 
          86200         12861.3 
          86600         12590.5 
          87000         12393.4 
          87400         12082.5 
          87800         11862.7 
          88200         11731.1 
          88600         11519.8 
          89000         11313.8 
          89400         11111.9 
          89800         10914.5 
          90200         10721.6 
          90600         10532.6 
          91000         10348.3 
          91400         10167.8 
          91800         9990.85 
          92200         9818.37 
          92600         9648.94 
          93000         9483.35 
          93400         9321.54 
          93800         9119.32 
          94200         8994.92 
          94600         8855.87 
          95000         8707.15 
          95400         8561.43 
          95800         8418.66 
          96200         8279.19 
          96600         8142.13 
          97000         8008.25 
          97400         7877.09 
          97800         7748.19 
          98200          7622.3 
          98600         7498.97 
          99000         7378.15 
          99400          7259.4 
          99800         7143.46 
         100200          7029.5 
         200000         434.689 
         400000         26.4299 
         600000         5.13074 
         800000         1.60316 
         1.0e+6        0.650386 
         1.2e+6        0.311247 
         1.4e+6        0.166945 
         1.6e+6        0.097333 
