# Kurucz ODFNEW /NOVER (2003)
# teff = 45000 K (value for the effective temperature for the model. Temperatures are given in K)
# logg = 5 log(cm/s2) (value for Log(G) for the model.)
# meta = -4  (value for the Metallicity for the model.)
# lh = 1.25  (l/Hp where l is the  mixing length of the convective element and Hp is the pressure scale height)
# vtur = 2 km/s (Microturbulence velocity)
# alpha = 0.4  (Alpha)
#
# column 1: WAVELENGTH (ANGSTROM), Wavelength in Angstrom
# column 2: FLUX (ERG/CM2/S/A), Flux in erg/cm2/s/A
          147.2         5684.89 
            151         10415.3 
          155.2         19594.2 
          158.8         32725.9 
            162         50573.7 
            166         84926.8 
          170.3          143926 
          173.4          206798 
          176.8          302823 
          180.2          436454 
          181.7          510318 
          186.1          794659 
            191      1.26688e+6 
          193.9      1.64912e+6 
          198.4      2.44045e+6 
          201.8      3.23895e+6 
            205      4.18701e+6 
          210.5       6.3769e+6 
          216.2      9.61198e+6 
          219.8      1.23003e+7 
            223      1.51975e+7 
          226.8      1.93637e+7 
            230      7.49471e+7 
            234      2.36312e+8 
            240      1.22941e+9 
          246.5     1.76633e+10 
          252.4     4.62649e+10 
          256.8     2.53426e+10 
            260     9.13736e+10 
            264     1.20598e+11 
          268.5     1.47327e+11 
          273.5     1.67247e+11 
          278.5     1.81618e+11 
            284     1.91905e+11 
            290     2.00146e+11 
            296     1.72524e+11 
            301     5.71076e+10 
            308     1.00576e+11 
            318     2.09685e+11 
            328     2.21785e+11 
            338     2.18475e+11 
            348     2.21208e+11 
            357     2.17231e+11 
            366     2.16111e+11 
            375     2.09356e+11 
            385     2.02759e+11 
            395      2.0301e+11 
            405     1.99705e+11 
            414      1.9559e+11 
            422     1.90721e+11 
            430     1.88925e+11 
            441     1.84821e+11 
            451     1.80624e+11 
            460     1.76668e+11 
            470     1.73203e+11 
            480     1.70755e+11 
            490     1.65739e+11 
            500     1.65309e+11 
            506     1.74022e+11 
            512     2.07001e+11 
            520     2.04025e+11 
            530     2.03855e+11 
            540     1.96685e+11 
            550     1.93807e+11 
            560     1.92822e+11 
            570     1.89884e+11 
            580     1.84076e+11 
            590     1.83137e+11 
            600     1.78549e+11 
            610     1.74596e+11 
            620     1.72821e+11 
            630     1.69476e+11 
            640      1.6768e+11 
            650     1.64415e+11 
            658     1.60954e+11 
            665     1.60437e+11 
            675     1.57943e+11 
            685     1.54682e+11 
            695     1.52665e+11 
            705     1.48357e+11 
            716     1.47317e+11 
            726     1.44866e+11 
            735     1.42686e+11 
            745     1.40246e+11 
            755     1.37811e+11 
            765      1.3501e+11 
            775     1.33349e+11 
            785     1.30218e+11 
            795     1.28113e+11 
            805     1.26699e+11 
            815     1.24602e+11 
            825     1.22574e+11 
            835     1.19304e+11 
            845     1.18476e+11 
            855     1.16215e+11 
            865     1.14546e+11 
            875     1.12626e+11 
            885     1.10726e+11 
            895     1.08858e+11 
            905     1.06309e+11 
            915     8.32092e+10 
            925      1.3179e+11 
            935     1.61594e+11 
            945     2.02293e+11 
            955     2.16572e+11 
            965     2.45329e+11 
            975     1.94752e+11 
            985     2.39269e+11 
            995     2.19103e+11 
           1005      2.2821e+11 
           1015     2.20401e+11 
           1025     1.68789e+11 
           1035     2.07685e+11 
           1045      2.0483e+11 
           1055     1.99554e+11 
           1065     1.94137e+11 
           1075     1.89039e+11 
           1085     1.73806e+11 
           1095     1.79447e+11 
           1105     1.74878e+11 
           1115     1.70425e+11 
           1125     1.65602e+11 
           1135     1.61881e+11 
           1145     1.57804e+11 
           1155     1.53812e+11 
           1165     1.50001e+11 
           1175     1.45204e+11 
           1185     1.42732e+11 
           1195     1.39153e+11 
           1205     1.34782e+11 
           1215     1.06964e+11 
           1225     1.27914e+11 
           1235     1.25871e+11 
           1245      1.2298e+11 
           1255     1.20298e+11 
           1265     1.17464e+11 
           1275     1.14718e+11 
           1285     1.12047e+11 
           1295     1.09457e+11 
           1305      1.0694e+11 
           1315     1.04501e+11 
           1325     1.02129e+11 
           1335     9.97953e+10 
           1345     9.75255e+10 
           1355     9.53219e+10 
           1365     9.31843e+10 
           1375     9.10507e+10 
           1385     8.90906e+10 
           1395     8.70203e+10 
           1405     8.51352e+10 
           1415     8.33811e+10 
           1425     8.15823e+10 
           1435     7.98253e+10 
           1442     7.86192e+10 
           1447     7.77782e+10 
           1455     7.64519e+10 
           1465      7.4836e+10 
           1475     7.32567e+10 
           1485     7.17199e+10 
           1495     7.02192e+10 
           1505     6.87569e+10 
           1512     6.77576e+10 
           1517      6.7053e+10 
           1525      6.5948e+10 
           1535     6.45927e+10 
           1545      6.2705e+10 
           1555      6.1468e+10 
           1565     6.07372e+10 
           1575     5.95174e+10 
           1585     5.83293e+10 
           1595     5.71738e+10 
           1605     5.60467e+10 
           1615     5.49432e+10 
           1625     5.38538e+10 
           1635     5.15821e+10 
           1645     4.87321e+10 
           1655     5.07789e+10 
           1665     4.98066e+10 
           1672     4.91357e+10 
           1677     4.86664e+10 
           1685     4.79227e+10 
           1695     4.70141e+10 
           1705     4.61273e+10 
           1715     4.52054e+10 
           1725     4.44106e+10 
           1735     4.35885e+10 
           1745     4.27773e+10 
           1755     4.19866e+10 
           1765     4.12147e+10 
           1775     4.04599e+10 
           1785     3.97241e+10 
           1795     3.90044e+10 
           1805     3.83005e+10 
           1815     3.76132e+10 
           1825      3.6942e+10 
           1835     3.62853e+10 
           1845     3.56429e+10 
           1855     3.50155e+10 
           1865     3.44017e+10 
           1875      3.3801e+10 
           1885     3.32101e+10 
           1895     3.26329e+10 
           1905      3.2068e+10 
           1915     3.15162e+10 
           1925     3.09761e+10 
           1935     3.04485e+10 
           1945      2.9931e+10 
           1955     2.94255e+10 
           1967     2.88319e+10 
           1976     2.83972e+10 
           1984     2.80184e+10 
           1995     2.75068e+10 
           2005     2.70531e+10 
           2015     2.66062e+10 
           2025     2.61695e+10 
           2035     2.57419e+10 
           2045     2.53223e+10 
           2055     1.94617e+10 
           2065     1.86234e+10 
           2074     1.87345e+10 
           2078     1.90176e+10 
           2085     1.98503e+10 
           2095     2.17616e+10 
           2105       2.284e+10 
           2115     2.26852e+10 
           2125     2.23453e+10 
           2135      2.1939e+10 
           2145      2.1635e+10 
           2155      2.1614e+10 
           2165     2.07806e+10 
           2175     2.11267e+10 
           2185     2.01021e+10 
           2195     2.04815e+10 
           2205     2.02179e+10 
           2215     1.91428e+10 
           2225     1.96034e+10 
           2235     1.93289e+10 
           2245     1.90001e+10 
           2255     1.80214e+10 
           2265     1.84611e+10 
           2275     1.81871e+10 
           2285      1.7915e+10 
           2295     1.76398e+10 
           2305     1.67418e+10 
           2315     1.71001e+10 
           2325     1.68766e+10 
           2335     1.66288e+10 
           2345     1.63858e+10 
           2355     1.61471e+10 
           2365     1.59119e+10 
           2375       1.568e+10 
           2385     1.49076e+10 
           2395     1.52202e+10 
           2405     1.50151e+10 
           2415     1.48012e+10 
           2425     1.45909e+10 
           2435     1.43843e+10 
           2445     1.41812e+10 
           2455     1.39815e+10 
           2465     1.37858e+10 
           2475     1.35929e+10 
           2485     1.34038e+10 
           2495     1.31428e+10 
           2505     1.29618e+10 
           2513     1.19894e+10 
           2518     1.27737e+10 
           2525     1.26787e+10 
           2535      1.2505e+10 
           2545     1.23348e+10 
           2555     1.21669e+10 
           2565     1.20024e+10 
           2575     1.18406e+10 
           2585     1.16815e+10 
           2595     1.15245e+10 
           2605      1.1374e+10 
           2615     1.12227e+10 
           2625      1.1074e+10 
           2635     1.09271e+10 
           2645     1.07833e+10 
           2655     1.06413e+10 
           2665     1.05011e+10 
           2675     1.03627e+10 
           2685     1.02297e+10 
           2695     1.00938e+10 
           2705      9.96679e+9 
           2715      9.83831e+9 
           2725       9.7013e+9 
           2735      9.28247e+9 
           2745      9.46495e+9 
           2755      9.34474e+9 
           2765      9.21962e+9 
           2775      9.10975e+9 
           2785      8.99491e+9 
           2795      8.88195e+9 
           2805      8.77085e+9 
           2815      8.66111e+9 
           2825      8.54703e+9 
           2835      8.44418e+9 
           2845      8.34257e+9 
           2855      8.23986e+9 
           2865      8.13838e+9 
           2875      8.03857e+9 
           2885      7.94039e+9 
           2895      7.84337e+9 
           2910      7.70133e+9 
           2930      7.51625e+9 
           2950      7.33156e+9 
           2970      7.16311e+9 
           2990      6.99428e+9 
           3010      6.83054e+9 
           3030      6.67131e+9 
           3050      6.51688e+9 
           3070      6.36669e+9 
           3090      6.22102e+9 
           3110      6.07933e+9 
           3130       5.9419e+9 
           3150      5.80822e+9 
           3170      5.67818e+9 
           3190      5.54093e+9 
           3210      5.34231e+9 
           3230      5.30958e+9 
           3250      5.19307e+9 
           3270      5.08042e+9 
           3290      4.96976e+9 
           3310      4.86347e+9 
           3330      4.75902e+9 
           3350      4.65704e+9 
           3370      4.55914e+9 
           3390      4.46289e+9 
           3410      4.36922e+9 
           3430      4.27999e+9 
           3450         4.19e+9 
           3470       4.1046e+9 
           3490      4.01996e+9 
           3510      3.93728e+9 
           3530      3.85651e+9 
           3550      3.77791e+9 
           3570      3.70377e+9 
           3590      3.62608e+9 
           3610      3.55566e+9 
           3630      3.48285e+9 
           3640      3.38868e+9 
           3650      3.10602e+9 
           3670      3.04904e+9 
           3690      2.99644e+9 
           3710      2.95683e+9 
           3730      2.93576e+9 
           3750      2.93293e+9 
           3770      2.92549e+9 
           3790      2.93692e+9 
           3810      2.95002e+9 
           3830      2.79705e+9 
           3850      2.88116e+9 
           3870      2.86957e+9 
           3890      2.61234e+9 
           3910      2.77346e+9 
           3930      2.71725e+9 
           3950      2.67894e+9 
           3970      2.41896e+9 
           3990      2.57627e+9 
           4010      2.54572e+9 
           4030      2.45162e+9 
           4050      2.46284e+9 
           4070      2.41436e+9 
           4090      2.30725e+9 
           4110      2.16694e+9 
           4130      2.28133e+9 
           4150      2.24736e+9 
           4170      2.21047e+9 
           4190      2.15895e+9 
           4210      2.10133e+9 
           4230      2.09658e+9 
           4250      2.06013e+9 
           4270      2.02445e+9 
           4290      1.98953e+9 
           4310      1.95109e+9 
           4330      1.85368e+9 
           4350      1.77302e+9 
           4370      1.85156e+9 
           4390      1.82013e+9 
           4410      1.79519e+9 
           4430      1.76477e+9 
           4450      1.73574e+9 
           4470      1.69215e+9 
           4490       1.6787e+9 
           4510      1.65106e+9 
           4530       1.6201e+9 
           4550       1.5673e+9 
           4570      1.57147e+9 
           4590      1.54604e+9 
           4610      1.52109e+9 
           4630      1.49664e+9 
           4650      1.47268e+9 
           4670      1.44735e+9 
           4690      1.38007e+9 
           4710      1.40079e+9 
           4730      1.38156e+9 
           4750      1.35988e+9 
           4770      1.33863e+9 
           4790      1.31779e+9 
           4810      1.29733e+9 
           4830      1.27455e+9 
           4850      1.22302e+9 
           4870      1.15863e+9 
           4890      1.21488e+9 
           4910      1.20089e+9 
           4930      1.17733e+9 
           4950      1.16487e+9 
           4970      1.14735e+9 
           4990      1.13015e+9 
           5010      1.11093e+9 
           5030      1.09673e+9 
           5050      1.07998e+9 
           5070      1.06455e+9 
           5090      1.04889e+9 
           5110      1.03352e+9 
           5130      1.01843e+9 
           5150      1.00362e+9 
           5170      9.89065e+8 
           5190      9.74785e+8 
           5210      9.60765e+8 
           5230      9.46985e+8 
           5250      9.33455e+8 
           5270      9.20157e+8 
           5290      9.07114e+8 
           5310      8.94282e+8 
           5330      8.81682e+8 
           5350      8.69311e+8 
           5370      8.57152e+8 
           5390      8.45187e+8 
           5410      8.17184e+8 
           5430      8.21563e+8 
           5450      8.10585e+8 
           5470      7.99443e+8 
           5490      7.88492e+8 
           5510      7.77728e+8 
           5530      7.67136e+8 
           5550      7.56737e+8 
           5570      7.46503e+8 
           5590      7.36445e+8 
           5610      7.26559e+8 
           5630      7.16842e+8 
           5650       7.0728e+8 
           5670      6.97881e+8 
           5690      6.81348e+8 
           5710      6.39897e+8 
           5730      6.31766e+8 
           5750      6.23756e+8 
           5770       6.1592e+8 
           5790      6.08312e+8 
           5810      6.01062e+8 
           5830      5.94429e+8 
           5850      5.88379e+8 
           5870       5.7973e+8 
           5890      5.77581e+8 
           5910      5.72977e+8 
           5930      5.68647e+8 
           5950      5.64735e+8 
           5970      5.61084e+8 
           5990      5.58026e+8 
           6010      5.53745e+8 
           6030      5.49404e+8 
           6050      5.45181e+8 
           6070      5.38445e+8 
           6090      5.32273e+8 
           6110      5.25969e+8 
           6130      5.19785e+8 
           6150       5.1386e+8 
           6170      5.06249e+8 
           6190      5.01302e+8 
           6210      4.95225e+8 
           6230      4.87761e+8 
           6250      4.82831e+8 
           6270      4.77427e+8 
           6290      4.71663e+8 
           6310      4.63871e+8 
           6330      4.60136e+8 
           6350      4.54925e+8 
           6370      4.49501e+8 
           6390      4.43878e+8 
           6410      4.36188e+8 
           6430      4.33716e+8 
           6450      4.28622e+8 
           6470      4.23591e+8 
           6490      4.18623e+8 
           6510      4.13308e+8 
           6530      4.04852e+8 
           6550      3.97668e+8 
           6570      3.75596e+8 
           6590       3.9348e+8 
           6610      3.90352e+8 
           6630      3.85883e+8 
           6650      3.81487e+8 
           6670       3.7557e+8 
           6690      3.68092e+8 
           6710      3.68621e+8 
           6730      3.64462e+8 
           6750      3.60354e+8 
           6770      3.56296e+8 
           6790      3.52305e+8 
           6810       3.4837e+8 
           6830      3.44483e+8 
           6850      3.40652e+8 
           6870      3.36868e+8 
           6890      3.28876e+8 
           6910      3.29208e+8 
           6930      3.25851e+8 
           6950      3.22286e+8 
           6970      3.18756e+8 
           6990      3.15285e+8 
           7010      3.11855e+8 
           7030      3.08475e+8 
           7050      3.05135e+8 
           7070      3.00796e+8 
           7090        2.986e+8 
           7110      2.95394e+8 
           7130      2.92235e+8 
           7150      2.89114e+8 
           7170      2.83334e+8 
           7190      2.81257e+8 
           7210      2.80003e+8 
           7230       2.7705e+8 
           7250      2.74134e+8 
           7270      2.71259e+8 
           7290      2.68064e+8 
           7310      2.65612e+8 
           7330       2.6284e+8 
           7350      2.60114e+8 
           7370      2.57414e+8 
           7390      2.54753e+8 
           7410      2.52124e+8 
           7430      2.49534e+8 
           7450      2.46974e+8 
           7470      2.44445e+8 
           7490      2.41953e+8 
           7510       2.3949e+8 
           7530      2.37057e+8 
           7550      2.34652e+8 
           7570      2.32283e+8 
           7590      2.26372e+8 
           7610       2.2733e+8 
           7630      2.25351e+8 
           7650      2.23093e+8 
           7670      2.20868e+8 
           7690      2.18669e+8 
           7710      2.16503e+8 
           7730      2.14357e+8 
           7750      2.12235e+8 
           7770      2.10146e+8 
           7790      2.08081e+8 
           7810      2.06041e+8 
           7830      2.04025e+8 
           7850      2.02045e+8 
           7870      2.00083e+8 
           7890      1.98138e+8 
           7910      1.96216e+8 
           7930      1.94323e+8 
           7950      1.92446e+8 
           7970      1.90598e+8 
           7990      1.88766e+8 
           8010      1.86961e+8 
           8030      1.85178e+8 
           8050       1.8341e+8 
           8070      1.81669e+8 
           8090      1.79943e+8 
           8110      1.78243e+8 
           8130      1.76558e+8 
           8150      1.74899e+8 
           8170      1.73253e+8 
           8190      1.70987e+8 
           8210      1.64124e+8 
           8230      1.61692e+8 
           8250      1.60893e+8 
           8270      1.59669e+8 
           8290      1.58253e+8 
           8310      1.56827e+8 
           8330      1.55407e+8 
           8350      1.53993e+8 
           8370      1.52634e+8 
           8390      1.51287e+8 
           8410      1.49971e+8 
           8430      1.48672e+8 
           8450      1.47357e+8 
           8470      1.46158e+8 
           8490      1.44984e+8 
           8510       1.4382e+8 
           8530       1.4267e+8 
           8550      1.41493e+8 
           8570      1.40479e+8 
           8590      1.39223e+8 
           8610      1.38222e+8 
           8630      1.37384e+8 
           8650      1.36181e+8 
           8670      1.34802e+8 
           8690      1.34371e+8 
           8710      1.33556e+8 
           8730      1.32322e+8 
           8750      1.30257e+8 
           8770      1.30192e+8 
           8790      1.29908e+8 
           8810      1.29134e+8 
           8830      1.28115e+8 
           8850      1.25762e+8 
           8870      1.23409e+8 
           8890      1.24699e+8 
           8910      1.24335e+8 
           8930      1.23495e+8 
           8950      1.22595e+8 
           8970      1.21403e+8 
           8990      1.19591e+8 
           9010      1.15571e+8 
           9030      1.15859e+8 
           9050      1.16944e+8 
           9070      1.16286e+8 
           9090      1.15575e+8 
           9110      1.14541e+8 
           9130      1.13814e+8 
           9150      1.12853e+8 
           9170      1.11735e+8 
           9190      1.10464e+8 
           9210      1.08252e+8 
           9230      1.03821e+8 
           9250      1.06226e+8 
           9270      1.06755e+8 
           9290      1.06256e+8 
           9310      1.05448e+8 
           9330      1.04456e+8 
           9350      1.01587e+8 
           9370      1.02544e+8 
           9390      1.02061e+8 
           9410      1.01245e+8 
           9430      1.00413e+8 
           9450      9.95922e+7 
           9470      9.87182e+7 
           9490      9.78383e+7 
           9510      9.65608e+7 
           9530      9.43805e+7 
           9550      9.03713e+7 
           9570       9.3367e+7 
           9590      9.36702e+7 
           9610      9.32073e+7 
           9630      9.25118e+7 
           9650      9.18213e+7 
           9670      9.10873e+7 
           9690      9.03586e+7 
           9710      8.96192e+7 
           9730      8.89248e+7 
           9750      8.81007e+7 
           9770      8.71168e+7 
           9790       8.6828e+7 
           9810      8.61455e+7 
           9830      8.54678e+7 
           9850      8.47949e+7 
           9870      8.41307e+7 
           9890      8.34711e+7 
           9910      8.28199e+7 
           9930      8.21734e+7 
           9950      8.15313e+7 
           9970      8.08976e+7 
           9990       8.0204e+7 
          10025       7.7767e+7 
          10075      7.58056e+7 
          10125      7.50845e+7 
          10175      7.47487e+7 
          10225      7.33384e+7 
          10275      7.19627e+7 
          10325      7.05677e+7 
          10375      6.93012e+7 
          10425      6.77229e+7 
          10475      6.67654e+7 
          10525      6.55409e+7 
          10575      6.43431e+7 
          10625      6.31717e+7 
          10675      6.20226e+7 
          10725      6.09118e+7 
          10775      5.98189e+7 
          10825      5.86181e+7 
          10875      5.76216e+7 
          10925      5.48102e+7 
          10975       5.5097e+7 
          11025      5.46789e+7 
          11075      5.37502e+7 
          11125      5.28146e+7 
          11175      5.19267e+7 
          11225      5.10286e+7 
          11275      5.01533e+7 
          11325      4.92973e+7 
          11375      4.84572e+7 
          11425      4.76357e+7 
          11475      4.68324e+7 
          11525       4.6044e+7 
          11575      4.52731e+7 
          11625      4.40817e+7 
          11675      4.34755e+7 
          11725      4.30534e+7 
          11775      4.23462e+7 
          11825      4.16521e+7 
          11875      4.09708e+7 
          11925      4.03047e+7 
          11975      3.95958e+7 
          12025      3.90119e+7 
          12075      3.83846e+7 
          12125      3.77714e+7 
          12175      3.71696e+7 
          12225      3.65788e+7 
          12275      3.60014e+7 
          12325      3.54321e+7 
          12375      3.48757e+7 
          12425      3.43321e+7 
          12475       3.3796e+7 
          12525      3.32673e+7 
          12575      3.27579e+7 
          12625      3.22531e+7 
          12675        3.176e+7 
          12725      3.12736e+7 
          12775      3.06045e+7 
          12825      2.92624e+7 
          12875      2.97878e+7 
          12925      2.94225e+7 
          12975      2.89657e+7 
          13025      2.85505e+7 
          13075      2.81254e+7 
          13125      2.77081e+7 
          13175      2.72986e+7 
          13225      2.68965e+7 
          13275      2.65019e+7 
          13325      2.61146e+7 
          13375      2.57343e+7 
          13425      2.53612e+7 
          13475      2.49949e+7 
          13525      2.46354e+7 
          13575      2.42825e+7 
          13625      2.39341e+7 
          13675      2.35942e+7 
          13725      2.32587e+7 
          13775      2.29293e+7 
          13825      2.26061e+7 
          13875      2.22888e+7 
          13925      2.19775e+7 
          13975      2.16701e+7 
          14025      2.13703e+7 
          14075      2.10742e+7 
          14125      2.07836e+7 
          14175      2.04967e+7 
          14225      2.02151e+7 
          14275      1.99406e+7 
          14325      1.96676e+7 
          14375      1.94016e+7 
          14425      1.91388e+7 
          14475      1.88809e+7 
          14525      1.86279e+7 
          14570       1.8403e+7 
          14620       1.8161e+7 
          14675      1.78957e+7 
          14725      1.76493e+7 
          14775      1.72781e+7 
          14825      1.71943e+7 
          14875      1.69713e+7 
          14925        1.675e+7 
          14975      1.65641e+7 
          15025      1.63488e+7 
          15075      1.61251e+7 
          15125      1.59284e+7 
          15175      1.57232e+7 
          15225      1.55214e+7 
          15275      1.53228e+7 
          15325      1.51274e+7 
          15375      1.49349e+7 
          15425      1.47373e+7 
          15475      1.45594e+7 
          15525      1.43678e+7 
          15575      1.41748e+7 
          15625      1.40178e+7 
          15675      1.38214e+7 
          15725      1.36424e+7 
          15775      1.35012e+7 
          15825      1.33237e+7 
          15875      1.31285e+7 
          15925      1.29863e+7 
          15975      1.28489e+7 
          16050      1.25963e+7 
          16150      1.22727e+7 
          16250       1.2015e+7 
          16350      1.17006e+7 
          16450      1.13948e+7 
          16550      1.11807e+7 
          16650       1.0919e+7 
          16750      1.06258e+7 
          16850      1.03429e+7 
          16950      1.01779e+7 
          17050      9.93406e+6 
          17150      9.71877e+6 
          17250      9.49488e+6 
          17350      9.17349e+6 
          17450      9.06011e+6 
          17550      8.87521e+6 
          17650       8.6789e+6 
          17750      8.48788e+6 
          17850      8.30212e+6 
          17950      8.12137e+6 
          18050      7.94525e+6 
          18150       7.6665e+6 
          18250      7.58057e+6 
          18350       7.4457e+6 
          18450      7.28796e+6 
          18550      7.13514e+6 
          18650      6.91575e+6 
          18750      6.70523e+6 
          18850      6.69524e+6 
          18950      6.55962e+6 
          19050      6.42148e+6 
          19150      6.29357e+6 
          19250      6.16553e+6 
          19350      6.03395e+6 
          19450      5.81143e+6 
          19550      5.79334e+6 
          19650      5.68505e+6 
          19750      5.57238e+6 
          19850      5.46236e+6 
          19950      5.35511e+6 
          20050      5.25047e+6 
          20150      5.14838e+6 
          20250      5.04869e+6 
          20350      4.95143e+6 
          20450      4.85647e+6 
          20550      4.76293e+6 
          20650      4.67344e+6 
          20750      4.58511e+6 
          20850      4.49885e+6 
          20950      4.41464e+6 
          21050      4.33232e+6 
          21150      4.25018e+6 
          21250      4.17348e+6 
          21350      4.09679e+6 
          21450      4.02176e+6 
          21550       3.9455e+6 
          21650      3.79902e+6 
          21750      3.79937e+6 
          21850      3.73847e+6 
          21950      3.67172e+6 
          22050      3.60634e+6 
          22150      3.54237e+6 
          22250      3.47986e+6 
          22350      3.41869e+6 
          22450      3.35886e+6 
          22550      3.30031e+6 
          22650      3.24311e+6 
          22750      3.18707e+6 
          22850      3.13471e+6 
          22950      3.08098e+6 
          23050      3.02843e+6 
          23150      2.97701e+6 
          23250      2.92665e+6 
          23350      2.87738e+6 
          23450      2.82912e+6 
          23550      2.78192e+6 
          23650      2.73567e+6 
          23750      2.69038e+6 
          23850      2.64601e+6 
          23950      2.60255e+6 
          24050      2.55998e+6 
          24150      2.51821e+6 
          24250      2.47737e+6 
          24350      2.43737e+6 
          24450      2.39813e+6 
          24550      2.35969e+6 
          24650      2.32198e+6 
          24750       2.2845e+6 
          24850      2.24889e+6 
          24950      2.21341e+6 
          25050       2.1786e+6 
          25150      2.14451e+6 
          25250      2.11101e+6 
          25350      2.07827e+6 
          25450      2.04609e+6 
          25550      2.01453e+6 
          25650      1.98356e+6 
          25750      1.95324e+6 
          25850       1.9235e+6 
          25950      1.89427e+6 
          26050      1.86493e+6 
          26150      1.83097e+6 
          26250      1.77003e+6 
          26350       1.7787e+6 
          26450      1.75629e+6 
          26550      1.73004e+6 
          26650       1.7043e+6 
          26750      1.67452e+6 
          26850       1.6545e+6 
          26950      1.63062e+6 
          27050      1.60685e+6 
          27150      1.58353e+6 
          27250      1.56062e+6 
          27350       1.5381e+6 
          27450      1.51596e+6 
          27550      1.48756e+6 
          27650      1.46967e+6 
          27750        1.452e+6 
          27850      1.43144e+6 
          27950      1.41124e+6 
          28050      1.39138e+6 
          28150       1.3719e+6 
          28250      1.35272e+6 
          28350      1.33391e+6 
          28450      1.31538e+6 
          28550      1.29717e+6 
          28650      1.27615e+6 
          28750      1.25221e+6 
          28850      1.24363e+6 
          28950       1.2275e+6 
          29050      1.21085e+6 
          29150      1.19444e+6 
          29250      1.17832e+6 
          29350      1.16248e+6 
          29450      1.14686e+6 
          29550      1.13157e+6 
          29650      1.11649e+6 
          29750      1.10163e+6 
          29850      1.08708e+6 
          29950      1.07273e+6 
          30050      1.05864e+6 
          30150      1.04475e+6 
          30250      1.03069e+6 
          30350      1.00877e+6 
          30450          998542 
          30550          991450 
          30650          978695 
          30750          966125 
          30850          953736 
          30950          941565 
          31050          929571 
          31150          917788 
          31250          906176 
          31350          894769 
          31450          883489 
          31550          872448 
          31650          861528 
          31750          850803 
          31850          840232 
          31950          829851 
          32100          814545 
          32300          794703 
          32500          775430 
          32700          756742 
          32900          731734 
          33100          719479 
          33300          704238 
          33500          687663 
          33700          671597 
          33900          655960 
          34100          640804 
          34300          626084 
          34500          611756 
          34700          597872 
          34900          584359 
          35100          571205 
          35300          558463 
          35500          546030 
          35700          533987 
          35900          522237 
          36100          510830 
          36300          499727 
          36500          488921 
          36700          478404 
          36900          468142 
          37100          458099 
          37300          445997 
          37500          435546 
          37700          429850 
          37900          420893 
          38100          412152 
          38300          403673 
          38500          395372 
          38700          387297 
          38900          379441 
          39100          371774 
          39300          364292 
          39500          356991 
          39700          349889 
          39900          342959 
          40100          336196 
          40300          329365 
          40500          319344 
          40700          316850 
          40900          310764 
          41100          304781 
          41300          298920 
          41500          293224 
          41700          287234 
          41900          282245 
          42100          276934 
          42300          271753 
          42500          266678 
          42700          261747 
          42900          256876 
          43100          252186 
          43300          247591 
          43500          243070 
          43700          237990 
          43900          234125 
          44100          230147 
          44300          226039 
          44500          222014 
          44700          218127 
          44900          214282 
          45100          210516 
          45300          206825 
          45500          203227 
          45700          199703 
          45900          196250 
          46100          192884 
          46300          189552 
          46500          183569 
          46700          181862 
          46900          179886 
          47100          177054 
          47300          174078 
          47500          171179 
          47700          168339 
          47900          165541 
          48100          162817 
          48300          160144 
          48500          157526 
          48700          154959 
          48900          152446 
          49100          149983 
          49300          147569 
          49500          145204 
          49700          142885 
          49900          140613 
          50100          138387 
          50300          136203 
          50500          134063 
          50700          131964 
          50900          129905 
          51100          127755 
          51300          124845 
          51500          123890 
          51700          122064 
          51900          120197 
          52100          118366 
          52300          116569 
          52500          114805 
          52700          113075 
          52900          111377 
          53100          109712 
          53300          108077 
          53500          106473 
          53700          104897 
          53900          103351 
          54100          101834 
          54300          100344 
          54500         98881.2 
          54700         97445.6 
          54900         96034.4 
          55100         94649.9 
          55300         93288.9 
          55500         91953.7 
          55700         90642.4 
          55900         89353.6 
          56100           88088 
          56300           86844 
          56500         85622.5 
          56700         84421.9 
          56900         83241.9 
          57100         82083.2 
          57300         80944.3 
          57500         79826.2 
          57700         78726.1 
          57900         77644.9 
          58100         76582.2 
          58300         75537.9 
          58500         74519.2 
          58700         73509.3 
          58900         72400.6 
          59100         70680.8 
          59300         70514.4 
          59500         69611.3 
          59700         68710.2 
          59900         67798.5 
          60100         66901.6 
          60300         66019.3 
          60500         65151.2 
          60700         64297.2 
          60900         63457.1 
          61100         62630.6 
          61300         61818.6 
          61500         61018.8 
          61700         60231.9 
          61900         59456.9 
          62100         58695.5 
          62300         57945.6 
          62500         57207.9 
          62700         56480.3 
          62900         55664.7 
          63100         55062.6 
          63300         54371.1 
          63500           53690 
          63700         53019.1 
          63900         52358.4 
          64200         51387.6 
          64600         50126.7 
          65000         48904.4 
          65400         47718.7 
          65800         46569.5 
          66200           45454 
          66600           44372 
          67000         43321.8 
          67400         42298.3 
          67800         41210.6 
          68200         40351.9 
          68600         39419.2 
          69000         38512.5 
          69400         37632.6 
          69800         36777.2 
          70200         35945.7 
          70600         35137.5 
          71000         34351.8 
          71400         33588.2 
          71800         32845.9 
          72200         32123.8 
          72600         31421.3 
          73000         30737.8 
          73400           30073 
          73800         29425.5 
          74200         28789.6 
          74600         27861.6 
          75000         27244.4 
          75400         26975.3 
          75800         26439.6 
          76200         25888.3 
          76600         25351.5 
          77000         24828.3 
          77400         24318.9 
          77800         23821.8 
          78200         23337.8 
          78600         22866.1 
          79000         22406.4 
          79400         21957.7 
          79800         21520.4 
          80200         21093.7 
          80600         20677.8 
          81000           20272 
          81400         19875.9 
          81800         19489.5 
          82200         19112.3 
          82600         18744.9 
          83000         18385.3 
          83400           18035 
          83800         17692.6 
          84200         17358.6 
          84600         17032.2 
          85000         16713.2 
          85400         16402.1 
          85800           16098 
          86200         15800.4 
          86600         15510.1 
          87000         15226.5 
          87400         14895.1 
          87800         14624.8 
          88200         14413.5 
          88600         14154.5 
          89000         13901.6 
          89400         13653.9 
          89800           13412 
          90200         13175.3 
          90600           12944 
          91000         12717.6 
          91400         12496.1 
          91800         12279.2 
          92200           12067 
          92600         11859.7 
          93000         11656.4 
          93400         11457.5 
          93800         11248.7 
          94200         11071.8 
          94600         10886.2 
          95000         10703.7 
          95400         10525.1 
          95800           10350 
          96200         10178.6 
          96600         10010.9 
          97000         9846.46 
          97400         9685.53 
          97800         9527.69 
          98200         9372.88 
          98600         9221.42 
          99000         9073.26 
          99400         8927.55 
          99800         8785.02 
         100200         8645.23 
         200000         539.834 
         400000           33.39 
         600000         6.55938 
         800000         2.06789 
         1.0e+6        0.844665 
         1.2e+6        0.406423 
         1.4e+6        0.218964 
         1.6e+6        0.128137 
