# Kurucz ODFNEW /NOVER (2003)
# teff = 12250 K (value for the effective temperature for the model. Temperatures are given in K)
# logg = 5 log(cm/s2) (value for Log(G) for the model.)
# meta = -0.5  (value for the Metallicity for the model.)
# lh = 1.25  (l/Hp where l is the  mixing length of the convective element and Hp is the pressure scale height)
# vtur = 2 km/s (Microturbulence velocity)
# alpha = 0  (Alpha)
#
# column 1: WAVELENGTH (ANGSTROM), Wavelength in Angstrom
# column 2: FLUX (ERG/CM2/S/A), Flux in erg/cm2/s/A
            205     4.35635e-23 
          210.5     3.98756e-22 
          216.2     2.82718e-21 
          219.8     9.19755e-21 
            223     2.52852e-20 
          226.8     8.16031e-20 
            230     2.13881e-19 
            234     6.83715e-19 
            240     3.66075e-18 
          246.5     2.07739e-17 
          252.4     9.35352e-17 
          256.8     2.75511e-16 
            260     5.91733e-16 
            264     1.50198e-15 
          268.5     4.13647e-15 
          273.5     1.22791e-14 
          278.5     3.52792e-14 
            284     1.07924e-13 
            290     3.48831e-13 
            296     1.07374e-12 
            301     2.66082e-12 
            308     9.02548e-12 
            318     4.71862e-11 
            328     2.23673e-10 
            338     9.67281e-10 
            348      3.85552e-9 
            357      1.25464e-8 
            366      3.85121e-8 
            375      1.11825e-7 
            385      3.45048e-7 
            395      1.00385e-6 
            405      2.77153e-6 
            414      6.62457e-6 
            422      1.39189e-5 
            430      2.83882e-5 
            441      7.27227e-5 
            451     0.000163873 
            460     0.000330012 
            470     0.000695355 
            480      0.00141844 
            490       0.0028086 
            500       0.0054014 
            506       0.0158925 
            512       0.0282579 
            520       0.0442239 
            530       0.0765476 
            540        0.127346 
            550        0.213086 
            560        0.345279 
            570        0.550299 
            580        0.848291 
            590         1.32629 
            600         2.01362 
            610         3.01748 
            620         4.45254 
            630          6.4904 
            640         9.32534 
            650         13.2894 
            658         17.4763 
            665         22.0709 
            675         30.5336 
            685         41.8411 
            695         56.8255 
            705         76.3654 
            716         104.688 
            726         138.226 
            735         176.222 
            745         229.143 
            755           295.7 
            765         378.748 
            775         482.007 
            785         609.229 
            795          763.92 
            805         954.112 
            815         1183.69 
            825         1459.65 
            835          1784.7 
            845         2183.79 
            855         2649.44 
            865         3200.38 
            875         3843.78 
            885          4600.6 
            895         5478.16 
            905         6474.58 
            915         22703.4 
            925          109845 
            935          175164 
            945          325286 
            955          708620 
            965      1.04379e+6 
            975          496282 
            985      8.12654e+6 
            995      3.49878e+7 
           1005      3.19425e+7 
           1015      4.49783e+6 
           1025          645115 
           1035      3.47865e+6 
           1045      4.05803e+7 
           1055      1.24595e+8 
           1065      1.54166e+8 
           1075      2.06437e+8 
           1085      2.29755e+8 
           1095      2.37507e+8 
           1105      2.68367e+8 
           1115      4.07085e+8 
           1125      4.36671e+8 
           1135      4.81884e+8 
           1145      4.28159e+8 
           1155      4.38257e+8 
           1165      4.44173e+8 
           1175      3.59532e+8 
           1185      2.22463e+8 
           1195      2.86341e+7 
           1205      7.30614e+6 
           1215      1.99779e+6 
           1225      6.12784e+6 
           1235      4.52626e+7 
           1245      1.93339e+8 
           1255      3.60698e+8 
           1265      3.53746e+8 
           1275      5.08887e+8 
           1285      6.12153e+8 
           1295      5.70971e+8 
           1305      4.20015e+8 
           1315      6.01621e+8 
           1325      6.28582e+8 
           1335      6.04868e+8 
           1345      6.67899e+8 
           1355      6.19913e+8 
           1365      5.77986e+8 
           1375      6.13547e+8 
           1385      6.10395e+8 
           1395      6.13813e+8 
           1405       6.2734e+8 
           1415      6.04487e+8 
           1425      6.18611e+8 
           1435      5.76082e+8 
           1442      6.26341e+8 
           1447      6.41992e+8 
           1455      6.35663e+8 
           1465      6.06408e+8 
           1475      5.81365e+8 
           1485      5.80702e+8 
           1495      6.01901e+8 
           1505      5.97288e+8 
           1512      5.75028e+8 
           1517      6.04132e+8 
           1525       5.6789e+8 
           1535      5.50427e+8 
           1545      5.85716e+8 
           1555      5.36047e+8 
           1565      4.91949e+8 
           1575      5.18146e+8 
           1585      5.43689e+8 
           1595      5.55226e+8 
           1605      5.25924e+8 
           1615      5.27867e+8 
           1625      4.88662e+8 
           1635      4.98952e+8 
           1645       5.0503e+8 
           1655      4.52401e+8 
           1665      4.96829e+8 
           1672       4.4779e+8 
           1677      4.73844e+8 
           1685      4.97724e+8 
           1695      4.69564e+8 
           1705      4.57825e+8 
           1715      4.49274e+8 
           1725      4.41573e+8 
           1735      4.55708e+8 
           1745      4.45057e+8 
           1755       4.6204e+8 
           1765      4.21689e+8 
           1775      4.54258e+8 
           1785      4.46534e+8 
           1795      4.59415e+8 
           1805      4.46105e+8 
           1815      4.40288e+8 
           1825      4.28927e+8 
           1835      4.18358e+8 
           1845      4.02613e+8 
           1855      4.05827e+8 
           1865      4.04227e+8 
           1875      4.16493e+8 
           1885       4.1075e+8 
           1895      4.03416e+8 
           1905      4.00271e+8 
           1915      3.95968e+8 
           1925      3.95494e+8 
           1935      3.89586e+8 
           1945      3.97669e+8 
           1955      3.89945e+8 
           1967      3.94296e+8 
           1976       3.8994e+8 
           1984       3.8351e+8 
           1995      3.72638e+8 
           2005      3.71235e+8 
           2015      3.54023e+8 
           2025      3.61844e+8 
           2035      3.60835e+8 
           2045      3.61395e+8 
           2055      3.47431e+8 
           2065      3.46292e+8 
           2074       3.4839e+8 
           2078      3.52023e+8 
           2085      3.53303e+8 
           2095       3.4284e+8 
           2105      3.41197e+8 
           2115      3.37751e+8 
           2125      3.36373e+8 
           2135      3.16303e+8 
           2145      3.30744e+8 
           2155      3.27617e+8 
           2165      3.15402e+8 
           2175      3.11784e+8 
           2185      3.08913e+8 
           2195      3.18217e+8 
           2205      3.06899e+8 
           2215      2.93445e+8 
           2225      2.87009e+8 
           2235      3.03391e+8 
           2245      2.86874e+8 
           2255      2.81097e+8 
           2265      2.81007e+8 
           2275      2.89621e+8 
           2285      2.91377e+8 
           2295      2.80504e+8 
           2305      2.75324e+8 
           2315      2.69436e+8 
           2325      2.69667e+8 
           2335      2.61917e+8 
           2345      2.48501e+8 
           2355      2.59151e+8 
           2365      2.46262e+8 
           2375      2.51766e+8 
           2385      2.35208e+8 
           2395      2.48308e+8 
           2405      2.39057e+8 
           2415      2.41616e+8 
           2425      2.45143e+8 
           2435       2.3481e+8 
           2445      2.43726e+8 
           2455      2.37619e+8 
           2465      2.35311e+8 
           2475      2.28653e+8 
           2485      2.38115e+8 
           2495       2.3112e+8 
           2505      2.40001e+8 
           2513      2.31204e+8 
           2518      2.32283e+8 
           2525      2.20952e+8 
           2535      2.19997e+8 
           2545      2.18202e+8 
           2555      2.25148e+8 
           2565      2.22589e+8 
           2575      2.29448e+8 
           2585      2.29193e+8 
           2595      2.27682e+8 
           2605      2.20663e+8 
           2615      2.19254e+8 
           2625      2.19932e+8 
           2635      2.20572e+8 
           2645      2.29833e+8 
           2655      2.26865e+8 
           2665      2.18594e+8 
           2675      2.21885e+8 
           2685      2.21124e+8 
           2695      2.16047e+8 
           2705      2.15945e+8 
           2715      2.10494e+8 
           2725      2.09824e+8 
           2735      2.15319e+8 
           2745      2.00628e+8 
           2755      1.99229e+8 
           2765      2.03196e+8 
           2775      2.07718e+8 
           2785       2.0583e+8 
           2795      1.86667e+8 
           2805      1.96183e+8 
           2815      2.05817e+8 
           2825      2.03947e+8 
           2835      1.98929e+8 
           2845      1.93987e+8 
           2855      1.92246e+8 
           2865      1.95772e+8 
           2875      1.92662e+8 
           2885      1.94307e+8 
           2895      1.92697e+8 
           2910      1.96633e+8 
           2930      1.90429e+8 
           2950      1.88804e+8 
           2970      1.87376e+8 
           2990      1.85354e+8 
           3010      1.85406e+8 
           3030      1.83471e+8 
           3050      1.80591e+8 
           3070      1.78174e+8 
           3090      1.77003e+8 
           3110       1.7401e+8 
           3130      1.71712e+8 
           3150      1.70268e+8 
           3170      1.68437e+8 
           3190      1.64318e+8 
           3210      1.64181e+8 
           3230      1.61884e+8 
           3250      1.60696e+8 
           3270      1.59512e+8 
           3290      1.57954e+8 
           3310      1.56519e+8 
           3330       1.5424e+8 
           3350      1.51803e+8 
           3370      1.50315e+8 
           3390      1.48642e+8 
           3410      1.47713e+8 
           3430      1.45999e+8 
           3450      1.44691e+8 
           3470      1.42906e+8 
           3490      1.41405e+8 
           3510      1.40178e+8 
           3530      1.38811e+8 
           3550      1.37353e+8 
           3570      1.35757e+8 
           3590       1.3431e+8 
           3610      1.32901e+8 
           3630      1.31463e+8 
           3640      1.30804e+8 
           3650      1.32933e+8 
           3670      1.31956e+8 
           3690      1.29754e+8 
           3710         1.26e+8 
           3730      1.19329e+8 
           3750      1.31634e+8 
           3770      1.35696e+8 
           3790      1.59928e+8 
           3810      1.84772e+8 
           3830      1.51078e+8 
           3850      2.02223e+8 
           3870      2.29219e+8 
           3890      1.30313e+8 
           3910      2.27889e+8 
           3930      2.46358e+8 
           3950       2.2491e+8 
           3970      1.24538e+8 
           3990      2.12013e+8 
           4010      2.39765e+8 
           4030      2.37925e+8 
           4050      2.36821e+8 
           4070      2.24775e+8 
           4090      1.68921e+8 
           4110      1.31598e+8 
           4130      2.08043e+8 
           4150      2.19399e+8 
           4170      2.19076e+8 
           4190      2.16904e+8 
           4210      2.14125e+8 
           4230      2.10757e+8 
           4250      2.07483e+8 
           4270      2.03505e+8 
           4290      1.98787e+8 
           4310      1.87082e+8 
           4330      1.36794e+8 
           4350      1.17866e+8 
           4370       1.7664e+8 
           4390      1.83402e+8 
           4410       1.8436e+8 
           4430      1.82334e+8 
           4450      1.80583e+8 
           4470      1.76484e+8 
           4490      1.73932e+8 
           4510      1.73441e+8 
           4530      1.71034e+8 
           4550      1.68187e+8 
           4570      1.66647e+8 
           4590      1.63995e+8 
           4610       1.6229e+8 
           4630      1.59611e+8 
           4650      1.57929e+8 
           4670      1.55709e+8 
           4690      1.53457e+8 
           4710      1.50379e+8 
           4730      1.49258e+8 
           4750      1.47067e+8 
           4770      1.44934e+8 
           4790      1.42363e+8 
           4810      1.38726e+8 
           4830      1.30881e+8 
           4850      1.00718e+8 
           4870      8.36601e+7 
           4890      1.22403e+8 
           4910      1.29245e+8 
           4930      1.29082e+8 
           4950      1.28765e+8 
           4970      1.27502e+8 
           4990      1.25987e+8 
           5010      1.23895e+8 
           5030      1.22911e+8 
           5050      1.20697e+8 
           5070      1.19984e+8 
           5090      1.18495e+8 
           5110      1.16959e+8 
           5130      1.15629e+8 
           5150      1.14075e+8 
           5170       1.1231e+8 
           5190      1.11167e+8 
           5210      1.09905e+8 
           5230      1.08465e+8 
           5250      1.07332e+8 
           5270      1.05784e+8 
           5290      1.04805e+8 
           5310      1.03372e+8 
           5330      1.02245e+8 
           5350      1.01087e+8 
           5370      9.98728e+7 
           5390      9.86817e+7 
           5410      9.74489e+7 
           5430      9.63465e+7 
           5450        9.525e+7 
           5470      9.41078e+7 
           5490      9.30196e+7 
           5510      9.19311e+7 
           5530      9.08928e+7 
           5550      8.98525e+7 
           5570      8.88174e+7 
           5590      8.77947e+7 
           5610      8.68096e+7 
           5630      8.58195e+7 
           5650      8.47964e+7 
           5670      8.38419e+7 
           5690      8.29195e+7 
           5710      8.19884e+7 
           5730       8.1066e+7 
           5750      8.01521e+7 
           5770      7.92557e+7 
           5790      7.83495e+7 
           5810      7.74884e+7 
           5830      7.66352e+7 
           5850      7.57862e+7 
           5870      7.46179e+7 
           5890      7.40556e+7 
           5910      7.33093e+7 
           5930      7.25178e+7 
           5950      7.16651e+7 
           5970      7.09235e+7 
           5990      7.01105e+7 
           6010      6.94111e+7 
           6030      6.86675e+7 
           6050      6.79261e+7 
           6070       6.7198e+7 
           6090      6.64821e+7 
           6110      6.57761e+7 
           6130      6.50769e+7 
           6150       6.4245e+7 
           6170      6.36965e+7 
           6190      6.30388e+7 
           6210      6.23765e+7 
           6230      6.17126e+7 
           6250      6.10097e+7 
           6270      6.04419e+7 
           6290      5.98134e+7 
           6310      5.91803e+7 
           6330      5.85804e+7 
           6350      5.76822e+7 
           6370      5.72073e+7 
           6390      5.67851e+7 
           6410      5.61847e+7 
           6430      5.55578e+7 
           6450      5.48597e+7 
           6470      5.42655e+7 
           6490      5.35076e+7 
           6510      5.25144e+7 
           6530      5.05084e+7 
           6550      4.35128e+7 
           6570      3.62207e+7 
           6590      4.72923e+7 
           6610       4.9551e+7 
           6630       4.9759e+7 
           6650      4.95207e+7 
           6670      4.91047e+7 
           6690      4.86937e+7 
           6710      4.83328e+7 
           6730      4.78605e+7 
           6750      4.74028e+7 
           6770      4.69464e+7 
           6790      4.64897e+7 
           6810      4.60383e+7 
           6830      4.55882e+7 
           6850      4.51513e+7 
           6870      4.47188e+7 
           6890      4.42913e+7 
           6910      4.38657e+7 
           6930      4.34411e+7 
           6950      4.30346e+7 
           6970      4.26283e+7 
           6990      4.22266e+7 
           7010      4.18104e+7 
           7030      4.14319e+7 
           7050      4.10273e+7 
           7070      4.06327e+7 
           7090      4.02802e+7 
           7110      3.98765e+7 
           7130      3.95257e+7 
           7150      3.91567e+7 
           7170      3.88015e+7 
           7190      3.84431e+7 
           7210      3.80903e+7 
           7230      3.77357e+7 
           7250      3.73859e+7 
           7270      3.70522e+7 
           7290      3.67074e+7 
           7310      3.63771e+7 
           7330      3.60484e+7 
           7350      3.57235e+7 
           7370      3.54002e+7 
           7390      3.50805e+7 
           7410      3.47631e+7 
           7430      3.44315e+7 
           7450      3.41335e+7 
           7470       3.3816e+7 
           7490      3.35268e+7 
           7510      3.32316e+7 
           7530      3.29437e+7 
           7550      3.26531e+7 
           7570      3.23651e+7 
           7590      3.20796e+7 
           7610       3.1798e+7 
           7630      3.15183e+7 
           7650      3.12411e+7 
           7670      3.09682e+7 
           7690      3.06997e+7 
           7710       3.0431e+7 
           7730       3.0169e+7 
           7750      2.99082e+7 
           7770      2.93376e+7 
           7790      2.93951e+7 
           7810       2.9144e+7 
           7830       2.8894e+7 
           7850       2.8635e+7 
           7870      2.83449e+7 
           7890      2.80634e+7 
           7910      2.79163e+7 
           7930      2.76852e+7 
           7950      2.74149e+7 
           7970        2.722e+7 
           7990      2.69004e+7 
           8010      2.67638e+7 
           8030      2.65395e+7 
           8050      2.63177e+7 
           8070      2.60972e+7 
           8090      2.58797e+7 
           8110       2.5664e+7 
           8130      2.54535e+7 
           8150      2.52425e+7 
           8170      2.50344e+7 
           8190      2.48129e+7 
           8210      2.47626e+7 
           8230        2.455e+7 
           8250      2.44051e+7 
           8270      2.42377e+7 
           8290      2.40414e+7 
           8310       2.3868e+7 
           8330      2.36715e+7 
           8350      2.35037e+7 
           8370      2.33243e+7 
           8390      2.31436e+7 
           8410      2.29506e+7 
           8430      2.27559e+7 
           8450      2.24442e+7 
           8470      2.23278e+7 
           8490      2.21569e+7 
           8510      2.17948e+7 
           8530      2.18046e+7 
           8550      2.10776e+7 
           8570      2.16307e+7 
           8590       2.0775e+7 
           8610      2.04794e+7 
           8630       2.1377e+7 
           8650      2.05467e+7 
           8670      1.87089e+7 
           8690      2.07162e+7 
           8710      2.12533e+7 
           8730      2.02974e+7 
           8750      1.72431e+7 
           8770      1.93006e+7 
           8790      2.09262e+7 
           8810      2.11672e+7 
           8830      2.05023e+7 
           8850      1.80927e+7 
           8870      1.60633e+7 
           8890       1.9213e+7 
           8910       2.0419e+7 
           8930      2.06768e+7 
           8950      2.05727e+7 
           8970       2.0041e+7 
           8990      1.86686e+7 
           9010      1.53267e+7 
           9030      1.62776e+7 
           9050      1.87154e+7 
           9070      1.94321e+7 
           9090      1.95591e+7 
           9110      1.95913e+7 
           9130      1.94667e+7 
           9150      1.92652e+7 
           9170      1.89057e+7 
           9190      1.81897e+7 
           9210      1.64959e+7 
           9230      1.34727e+7 
           9250      1.58335e+7 
           9270      1.73624e+7 
           9290      1.80289e+7 
           9310      1.81358e+7 
           9330      1.80945e+7 
           9350      1.80077e+7 
           9370      1.78927e+7 
           9390      1.77439e+7 
           9410      1.75397e+7 
           9430      1.74607e+7 
           9450      1.72856e+7 
           9470      1.70535e+7 
           9490      1.66972e+7 
           9510       1.5991e+7 
           9530      1.42962e+7 
           9550      1.20182e+7 
           9570      1.44164e+7 
           9590      1.56544e+7 
           9610      1.60201e+7 
           9630      1.60276e+7 
           9650      1.60607e+7 
           9670      1.59633e+7 
           9690      1.58899e+7 
           9710      1.57905e+7 
           9730      1.56823e+7 
           9750      1.55887e+7 
           9770      1.54859e+7 
           9790      1.53724e+7 
           9810      1.52565e+7 
           9830      1.51372e+7 
           9850      1.50168e+7 
           9870      1.48925e+7 
           9890      1.47619e+7 
           9910      1.46567e+7 
           9930      1.45263e+7 
           9950      1.43819e+7 
           9970      1.42019e+7 
           9990      1.39329e+7 
          10025      1.23908e+7 
          10075      1.18079e+7 
          10125      1.33404e+7 
          10175      1.33112e+7 
          10225      1.31283e+7 
          10275      1.29199e+7 
          10325       1.2695e+7 
          10375      1.24778e+7 
          10425      1.22641e+7 
          10475      1.20505e+7 
          10525      1.18427e+7 
          10575      1.16454e+7 
          10625        1.145e+7 
          10675       1.1221e+7 
          10725      1.10524e+7 
          10775      1.08475e+7 
          10825      1.06093e+7 
          10875      1.02199e+7 
          10925      8.58309e+6 
          10975      9.24726e+6 
          11025      9.85163e+6 
          11075      9.80404e+6 
          11125      9.67532e+6 
          11175      9.53976e+6 
          11225      9.38709e+6 
          11275      9.20741e+6 
          11325      9.07019e+6 
          11375      8.94462e+6 
          11425      8.80301e+6 
          11475      8.66609e+6 
          11525      8.53065e+6 
          11575       8.3975e+6 
          11625      8.26158e+6 
          11675      8.13044e+6 
          11725      8.01302e+6 
          11775      7.87229e+6 
          11825      7.76599e+6 
          11875      7.64623e+6 
          11925      7.53509e+6 
          11975       7.4187e+6 
          12025      7.30868e+6 
          12075      7.19841e+6 
          12125      7.09099e+6 
          12175      6.98584e+6 
          12225      6.88218e+6 
          12275      6.77948e+6 
          12325      6.67994e+6 
          12375      6.58228e+6 
          12425      6.48671e+6 
          12475      6.38761e+6 
          12525      6.29901e+6 
          12575      6.20328e+6 
          12625      6.10366e+6 
          12675       6.0012e+6 
          12725      5.86711e+6 
          12775      5.54312e+6 
          12825       4.8156e+6 
          12875      5.45257e+6 
          12925      5.55412e+6 
          12975      5.51274e+6 
          13025      5.45007e+6 
          13075      5.38246e+6 
          13125      5.30785e+6 
          13175      5.23096e+6 
          13225      5.16219e+6 
          13275      5.09131e+6 
          13325      5.02156e+6 
          13375      4.95291e+6 
          13425      4.88536e+6 
          13475      4.81888e+6 
          13525      4.75325e+6 
          13575      4.68968e+6 
          13625      4.62671e+6 
          13675      4.56453e+6 
          13725      4.50334e+6 
          13775       4.4445e+6 
          13825       4.3858e+6 
          13875      4.32803e+6 
          13925      4.27077e+6 
          13975        4.215e+6 
          14025      4.15991e+6 
          14075      4.10587e+6 
          14125       4.0525e+6 
          14175      4.00015e+6 
          14225      3.94843e+6 
          14275      3.89771e+6 
          14325      3.84779e+6 
          14375      3.79864e+6 
          14425      3.74701e+6 
          14475      3.70282e+6 
          14525       3.6547e+6 
          14570      3.61441e+6 
          14620      3.57792e+6 
          14675      3.52999e+6 
          14725      3.48677e+6 
          14775      3.44302e+6 
          14825      3.40201e+6 
          14875      3.35993e+6 
          14925      3.32021e+6 
          14975      3.27959e+6 
          15025      3.24011e+6 
          15075      3.20092e+6 
          15125      3.16283e+6 
          15175      3.12484e+6 
          15225      3.08696e+6 
          15275      3.04935e+6 
          15325      3.01184e+6 
          15375      2.97682e+6 
          15425      2.93713e+6 
          15475      2.90402e+6 
          15525      2.86597e+6 
          15575      2.82368e+6 
          15625      2.80718e+6 
          15675      2.75235e+6 
          15725      2.71095e+6 
          15775      2.71469e+6 
          15825      2.67484e+6 
          15875      2.57476e+6 
          15925      2.59144e+6 
          15975      2.60329e+6 
          16050      2.52476e+6 
          16150      2.42008e+6 
          16250        2.463e+6 
          16350      2.34023e+6 
          16450      2.22778e+6 
          16550      2.31331e+6 
          16650      2.26753e+6 
          16750      2.12479e+6 
          16850      2.01512e+6 
          16950      2.11795e+6 
          17050      2.08515e+6 
          17150      2.03862e+6 
          17250      1.97124e+6 
          17350      1.76136e+6 
          17450      1.85765e+6 
          17550      1.86687e+6 
          17650      1.83453e+6 
          17750      1.79766e+6 
          17850       1.7596e+6 
          17950      1.71819e+6 
          18050      1.66532e+6 
          18150      1.49584e+6 
          18250      1.55063e+6 
          18350      1.57574e+6 
          18450      1.54918e+6 
          18550      1.51588e+6 
          18650      1.46794e+6 
          18750      1.31548e+6 
          18850      1.40408e+6 
          18950      1.39854e+6 
          19050      1.37486e+6 
          19150      1.34749e+6 
          19250      1.31716e+6 
          19350      1.26907e+6 
          19450      1.14034e+6 
          19550      1.22017e+6 
          19650      1.21891e+6 
          19750      1.20032e+6 
          19850      1.17802e+6 
          19950      1.15583e+6 
          20050      1.13412e+6 
          20150      1.11287e+6 
          20250      1.09217e+6 
          20350        1.072e+6 
          20450      1.05217e+6 
          20550      1.03286e+6 
          20650      1.01404e+6 
          20750          995629 
          20850          977609 
          20950          959972 
          21050          942711 
          21150          925817 
          21250          909281 
          21350          892519 
          21450          873736 
          21550          845933 
          21650          765246 
          21750          808786 
          21850          813473 
          21950          803028 
          22050          790182 
          22150          776614 
          22250          763485 
          22350          750529 
          22450          737870 
          22550          725473 
          22650          713346 
          22750          701462 
          22850          690480 
          22950          679147 
          23050          668076 
          23150          657200 
          23250          646555 
          23350          636116 
          23450          625893 
          23550          615868 
          23650          606043 
          23750          596415 
          23850          586967 
          23950          577702 
          24050          568570 
          24150          559666 
          24250          550966 
          24350          542345 
          24450          533853 
          24550          525644 
          24650          517358 
          24750          509434 
          24850          501804 
          24950          493311 
          25050          486636 
          25150          479177 
          25250          470183 
          25350          464558 
          25450          458477 
          25550          450204 
          25650          440528 
          25750          437232 
          25850          432029 
          25950          424941 
          26050          414162 
          26150          399382 
          26250          371567 
          26350          391193 
          26450          394294 
          26550          389710 
          26650          380972 
          26750          366404 
          26850          370139 
          26950          368953 
          27050          364794 
          27150          359970 
          27250          354847 
          27350          349179 
          27450          341165 
          27550          323748 
          27650          325003 
          27750          328790 
          27850          326219 
          27950          322558 
          28050          318567 
          28150          314225 
          28250          309956 
          28350          305505 
          28450          300545 
          28550          294741 
          28650          283760 
          28750          270687 
          28850          280265 
          28950          280296 
          29050          277674 
          29150          274610 
          29250          271036 
          29350          267487 
          29450          264001 
          29550          260569 
          29650          257190 
          29750          253868 
          29850          250601 
          29950          247381 
          30050          243793 
          30150          239849 
          30250          234318 
          30350          220572 
          30450          220865 
          30550          226227 
          30650          225282 
          30750          223178 
          30850          220593 
          30950          217896 
          31050          215197 
          31150          212541 
          31250          209917 
          31350          207346 
          31450          204803 
          31550          202307 
          31650          199846 
          31750          197419 
          31850          195034 
          31950          192682 
          32100          189222 
          32300          184727 
          32500          180359 
          32700          175140 
          32900          162938 
          33100          164039 
          33300          163471 
          33500          160054 
          33700          156482 
          33900          152979 
          34100          149557 
          34300          146223 
          34500          142982 
          34700          139824 
          34900          136754 
          35100          133765 
          35300          130857 
          35500          128027 
          35700          125266 
          35900          122591 
          36100          119967 
          36300          117425 
          36500          114921 
          36700          112513 
          36900          110033 
          37100          107511 
          37300          102365 
          37500         99510.1 
          37700          101010 
          37900         99285.5 
          38100         97129.9 
          38300         95214.1 
          38500         93533.6 
          38700         91691.5 
          38900         89680.5 
          39100         87543.2 
          39300         86278.8 
          39500         84726.4 
          39700         83093.3 
          39900           81382 
          40100         79218.1 
          40300         77329.6 
          40500         73253.5 
          40700         74843.7 
          40900         73978.4 
          41100         72651.3 
          41300         71251.5 
          41500         69601.7 
          41700         67174.3 
          41900           66983 
          42100         66148.3 
          42300         65096.9 
          42500           63910 
          42700         62750.7 
          42900         61614.3 
          43100         60506.4 
          43300         59351.9 
          43500         57995.1 
          43700         55603.2 
          43900         55326.5 
          44100         55108.6 
          44300         54347.2 
          44500         53403.2 
          44700         52522.9 
          44900         51551.5 
          45100         50665.6 
          45300         49795.1 
          45500         48939.8 
          45700         48095.7 
          45900         47251.9 
          46100         46376.6 
          46300         45284.4 
          46500         42550.5 
          46700         42254.2 
          46900         42812.6 
          47100         42595.8 
          47300         42005.7 
          47500         41353.8 
          47700         40694.8 
          47900         40042.1 
          48100         39400.4 
          48300           38768 
          48500         38147.8 
          48700         37539.7 
          48900         36943.3 
          49100         36358.6 
          49300         35783.6 
          49500         35221.4 
          49700           34667 
          49900         34126.4 
          50100         33591.8 
          50300         33066.1 
          50500         32550.7 
          50700         32027.6 
          50900         31462.3 
          51100         30652.4 
          51300         29221.4 
          51500         29815.9 
          51700         29609.6 
          51900         29225.2 
          52100         28808.4 
          52300         28383.2 
          52500         27954.2 
          52700         27537.6 
          52900         27145.3 
          53100         26803.6 
          53300         26410.5 
          53500         25980.5 
          53700         25571.8 
          53900         25202.1 
          54100         24878.4 
          54300         24551.1 
          54500           24200 
          54700         23853.4 
          54900         23483.6 
          55100           23105 
          55300         22754.6 
          55500         22474.7 
          55700         22212.8 
          55900         21904.7 
          56100         21599.1 
          56300         21298.6 
          56500         21004.1 
          56700         20692.1 
          56900         20356.1 
          57100         20009.2 
          57300         19792.9 
          57500         19573.4 
          57700         19338.4 
          57900         19076.9 
          58100         18819.7 
          58300         18548.9 
          58500         18275.9 
          58700         17986.5 
          58900         17538.7 
          59100         16718.1 
          59300         17115.4 
          59500         16913.3 
          59700         16763.2 
          59900         16632.5 
          60100         16444.8 
          60300         16242.7 
          60500         16037.7 
          60700           15834 
          60900         15634.7 
          61100         15460.9 
          61300         15263.9 
          61500         15070.2 
          61700         14878.6 
          61900         14678.4 
          62100         14473.6 
          62300         14283.8 
          62500         14084.5 
          62700         13842.4 
          62900         13498.4 
          63100         13474.5 
          63300         13389.4 
          63500         13248.2 
          63700           13102 
          63900         12960.2 
          64200         12723.3 
          64600         12415.4 
          65000         12116.9 
          65400         11827.3 
          65800         11546.5 
          66200         11273.2 
          66600         11009.1 
          67000         10731.2 
          67400         10416.8 
          67800         10034.4 
          68200         9982.69 
          68600         9790.57 
          69000         9574.51 
          69400         9358.87 
          69800         9149.07 
          70200         8944.96 
          70600         8746.38 
          71000         8553.95 
          71400            8366 
          71800         8183.16 
          72200         8006.02 
          72600         7832.27 
          73000         7664.67 
          73400         7501.64 
          73800         7327.85 
          74200         7136.84 
          74600         6768.55 
          75000         6581.14 
          75400            6661 
          75800         6581.05 
          76200         6455.82 
          76600         6337.98 
          77000          6209.4 
          77400         6071.11 
          77800         5939.01 
          78200         5832.08 
          78600         5725.01 
          79000          5611.4 
          79400         5500.57 
          79800         5392.44 
          80200         5286.95 
          80600         5184.03 
          81000         5078.01 
          81400         4961.59 
          81800         4871.86 
          82200         4794.67 
          82600         4705.39 
          83000          4616.4 
          83400         4529.43 
          83800         4444.56 
          84200         4361.62 
          84600         4280.63 
          85000         4201.54 
          85400          4124.2 
          85800         4047.92 
          86200         3961.81 
          86600         3864.77 
          87000         3808.51 
          87400         3682.09 
          87800          3616.8 
          88200         3617.73 
          88600         3565.27 
          89000         3502.52 
          89400         3440.94 
          89800         3380.64 
          90200         3321.69 
          90600         3264.02 
          91000         3207.55 
          91400         3152.34 
          91800         3098.28 
          92200          3045.4 
          92600         2993.58 
          93000         2939.83 
          93400         2882.27 
          93800         2802.59 
          94200         2774.09 
          94600         2743.14 
          95000         2703.44 
          95400         2660.36 
          95800         2616.64 
          96200          2573.8 
          96600         2531.82 
          97000         2490.68 
          97400         2450.41 
          97800         2410.91 
          98200         2372.21 
          98600         2334.24 
          99000         2297.12 
          99400         2260.68 
          99800         2224.96 
         100200         2189.97 
         200000         139.597 
         400000         8.66737 
         600000         1.69622 
         800000        0.532224 
         1.0e+6        0.216435 
         1.2e+6        0.103734 
         1.4e+6       0.0556944 
         1.6e+6       0.0324944 
