# Kurucz ODFNEW /NOVER (2003)
# teff = 3750 K (value for the effective temperature for the model. Temperatures are given in K)
# logg = 3.5 log(cm/s2) (value for Log(G) for the model.)
# meta = -1  (value for the Metallicity for the model.)
# lh = 1.25  (l/Hp where l is the  mixing length of the convective element and Hp is the pressure scale height)
# vtur = 2 km/s (Microturbulence velocity)
# alpha = 0  (Alpha)
#
# column 1: WAVELENGTH (ANGSTROM), Wavelength in Angstrom
# column 2: FLUX (ERG/CM2/S/A), Flux in erg/cm2/s/A
          147.2    6.59038e-164 
            151    1.69488e-159 
          155.2    7.08085e-155 
          158.8    4.11128e-151 
            162    6.57525e-148 
            166    4.44034e-144 
          170.3    3.64297e-140 
          173.4    1.82529e-137 
          176.8    1.29549e-134 
          180.2    7.15822e-132 
          181.7    1.07556e-130 
          186.1    2.36198e-127 
            191    8.14934e-124 
          193.9    8.29457e-122 
          198.4    8.25516e-119 
          201.8    1.23843e-116 
            205    1.18805e-114 
          210.5    2.17186e-111 
          216.2    3.46897e-108 
          219.8    2.99679e-106 
            223    1.39271e-104 
          226.8     1.1541e-102 
            230    4.24949e-101 
            234     3.34031e-99 
            240     1.76546e-96 
          246.5     1.10993e-93 
          252.4     2.87607e-91 
          256.8     1.53243e-89 
            260     2.53384e-88 
            264     7.66583e-87 
          268.5     3.13424e-85 
          273.5     1.67237e-83 
          278.5     7.72817e-82 
            284     4.46666e-80 
            290     3.12031e-78 
            296     1.82599e-76 
            301     4.78682e-75 
            308     3.86284e-73 
            318      1.4525e-70 
            328     3.77556e-68 
            338     7.00407e-66 
            348     9.56289e-64 
            357     6.26803e-62 
            366     3.33318e-60 
            375      1.4561e-58 
            385     7.82713e-57 
            395     3.41779e-55 
            405     1.23243e-53 
            414     2.66772e-52 
            422     3.66186e-51 
            430     4.54683e-50 
            441     1.24529e-48 
            451      2.1835e-47 
            460     2.57657e-46 
            470     3.56827e-45 
            480     4.41087e-44 
            490     4.90627e-43 
            500     4.93455e-42 
            506     2.57494e-41 
            512     1.06744e-40 
            520     5.78762e-40 
            530     4.47207e-39 
            540     3.15065e-38 
            550      2.0844e-37 
            560     1.27879e-36 
            570     7.34153e-36 
            580     3.91646e-35 
            590     2.01005e-34 
            600     9.64647e-34 
            610     4.38721e-33 
            620     1.89551e-32 
            630     7.80131e-32 
            640      3.0669e-31 
            650     1.15355e-30 
            658     3.22927e-30 
            665     7.77993e-30 
            675       2.643e-29 
            685     8.64778e-29 
            695     2.72947e-28 
            705      8.3225e-28 
            716      2.7322e-27 
            726     7.78795e-27 
            735     1.94883e-26 
            745     5.25422e-26 
            755     1.37778e-25 
            765     3.51775e-25 
            775     8.75298e-25 
            785      2.1253e-24 
            795     5.03564e-24 
            805     1.16758e-23 
            815     2.64756e-23 
            825     5.87822e-23 
            835      1.2789e-22 
            845     2.72349e-22 
            855     5.66621e-22 
            865     1.15709e-21 
            875     2.32171e-21 
            885     4.57039e-21 
            895     8.89825e-21 
            905     1.69155e-20 
            915     5.07346e-16 
            925     3.93454e-15 
            935     4.78461e-15 
            945     9.61878e-15 
            955     6.68635e-15 
            965     2.02442e-14 
            975     1.32514e-14 
            985     3.74402e-14 
            995     7.42671e-14 
           1005     7.98796e-14 
           1015     9.78076e-14 
           1025     1.58738e-13 
           1035     4.36331e-13 
           1045     7.01729e-13 
           1055     8.38433e-13 
           1065     2.61812e-12 
           1075     3.64333e-12 
           1085     1.02978e-11 
           1095     1.77458e-11 
           1105       2.121e-11 
           1115     3.72661e-11 
           1125     1.00297e-10 
           1135     1.96114e-10 
           1145     3.42814e-10 
           1155     5.30151e-10 
           1165     6.23679e-10 
           1175      1.08719e-9 
           1185      1.22535e-9 
           1195     6.94695e-10 
           1205     3.38661e-10 
           1215     1.34576e-10 
           1225     5.95311e-10 
           1235      3.23347e-9 
           1245      1.04265e-8 
           1255      2.07291e-8 
           1265      3.46754e-8 
           1275      5.35028e-8 
           1285      6.98463e-8 
           1295      9.16627e-8 
           1305      1.48031e-7 
           1315      1.86787e-7 
           1325      2.38661e-7 
           1335      2.89318e-7 
           1345      4.00402e-7 
           1355        5.593e-7 
           1365      6.57266e-7 
           1375      7.35196e-7 
           1385      9.31167e-7 
           1395      1.12226e-6 
           1405      1.58936e-6 
           1415      2.16454e-6 
           1425      2.34613e-6 
           1435      3.40739e-6 
           1442      5.20734e-6 
           1447      4.23832e-6 
           1455      5.24141e-6 
           1465      7.43217e-6 
           1475      7.52723e-6 
           1485      9.61254e-6 
           1495      1.53724e-5 
           1505      2.26368e-5 
           1512      1.31194e-5 
           1517      2.12111e-5 
           1525      3.36535e-5 
           1535      5.75449e-5 
           1545       3.9789e-5 
           1555      6.60968e-5 
           1565        6.214e-5 
           1575     0.000111253 
           1585     0.000121697 
           1595     0.000122223 
           1605     0.000134169 
           1615     0.000147429 
           1625     0.000150228 
           1635     0.000203555 
           1645     0.000281695 
           1655     0.000239831 
           1665     0.000387312 
           1672     0.000328609 
           1677      0.00052026 
           1685     0.000674609 
           1695     0.000965589 
           1705      0.00102701 
           1715      0.00117667 
           1725      0.00164232 
           1735      0.00189752 
           1745      0.00269795 
           1755      0.00274607 
           1765      0.00344595 
           1775      0.00332568 
           1785      0.00612207 
           1795      0.00517923 
           1805      0.00886441 
           1815      0.00667019 
           1825       0.0107386 
           1835      0.00971074 
           1845       0.0147083 
           1855        0.011951 
           1865         0.01964 
           1875       0.0189306 
           1885       0.0241227 
           1895       0.0303889 
           1905       0.0325123 
           1915       0.0458653 
           1925       0.0411527 
           1935       0.0314325 
           1945       0.0579799 
           1955       0.0798568 
           1967       0.0888395 
           1976        0.102071 
           1984        0.129693 
           1995        0.120089 
           2005        0.145031 
           2015         0.16629 
           2025        0.161326 
           2035        0.202864 
           2045        0.215235 
           2055        0.254414 
           2065        0.250613 
           2074        0.233422 
           2078        0.311437 
           2085        0.375367 
           2095        0.499865 
           2105        0.544601 
           2115        0.567592 
           2125        0.662593 
           2135        0.831111 
           2145        0.650008 
           2155        0.822895 
           2165        0.808479 
           2175        0.886909 
           2185        0.838487 
           2195         1.36585 
           2205         1.17311 
           2215         1.40081 
           2225         1.22562 
           2235         2.01079 
           2245         2.29079 
           2255         2.80542 
           2265         1.61869 
           2275          3.1279 
           2285           2.986 
           2295         4.85369 
           2305         1.94391 
           2315         6.34333 
           2325         5.04069 
           2335         7.79684 
           2345         4.88684 
           2355         4.42366 
           2365          5.8808 
           2375         5.76346 
           2385         9.86226 
           2395          9.3118 
           2405         17.0264 
           2415         10.0819 
           2425         12.9682 
           2435         19.4597 
           2445         26.8783 
           2455         31.5278 
           2465         20.2853 
           2475         37.1137 
           2485         14.8996 
           2495         16.8066 
           2505         32.0138 
           2513          23.007 
           2518         26.5925 
           2525         32.5758 
           2535         71.4213 
           2545         92.7773 
           2555         97.3964 
           2565         50.4671 
           2575         86.7873 
           2585         59.4786 
           2595         75.8211 
           2605         105.307 
           2615         89.7554 
           2625         152.072 
           2635         269.481 
           2645         198.423 
           2655         329.916 
           2665         236.565 
           2675         214.904 
           2685         289.909 
           2695         180.916 
           2705         380.651 
           2715         326.831 
           2725         272.359 
           2735         283.868 
           2745          427.33 
           2755         408.653 
           2765         632.907 
           2775          840.87 
           2785         480.481 
           2795         673.645 
           2805          654.63 
           2815          659.21 
           2825         663.473 
           2835         514.291 
           2845         373.498 
           2855         202.308 
           2865         601.842 
           2875         696.202 
           2885         1221.18 
           2895         1515.36 
           2910         2032.35 
           2930         2367.35 
           2950         2204.36 
           2970         2069.41 
           2990          2639.9 
           3010          2834.3 
           3030         3608.82 
           3050          4378.2 
           3070         4600.34 
           3090         4074.62 
           3110         7053.48 
           3130         6616.39 
           3150         9896.91 
           3170           15244 
           3190         12739.7 
           3210         15144.3 
           3230         15522.9 
           3250         24995.2 
           3270         33438.4 
           3290         40279.5 
           3310           32730 
           3330         33851.6 
           3350         30044.7 
           3370         17819.3 
           3390         25199.5 
           3410         29842.6 
           3430         36466.1 
           3450         31955.1 
           3470         32955.1 
           3490         44406.1 
           3510         60548.4 
           3530         58382.8 
           3550         85608.2 
           3570         41737.6 
           3590         37643.4 
           3610         56173.6 
           3630           72416 
           3640         82337.1 
           3650         88543.1 
           3670          113999 
           3690         92571.4 
           3710         74431.2 
           3730           33005 
           3750         44007.4 
           3770         98170.9 
           3790          109779 
           3810          102209 
           3830         45714.3 
           3850         78273.8 
           3870         74531.4 
           3890         80070.7 
           3910          109346 
           3930         40258.7 
           3950         85122.4 
           3970         58934.7 
           3990          166905 
           4010          212345 
           4030          168923 
           4050          188873 
           4070          181686 
           4090          221435 
           4110          139912 
           4130          168824 
           4150          156121 
           4170          154475 
           4190          171334 
           4210          155308 
           4230          106059 
           4250          174373 
           4270          169346 
           4290          173220 
           4310          196399 
           4330          265313 
           4350          276895 
           4370          287091 
           4390          257896 
           4410          273577 
           4430          288044 
           4450          302354 
           4470          334139 
           4490          351893 
           4510          393916 
           4530          333791 
           4550          373372 
           4570          399423 
           4590          393268 
           4610          407235 
           4630          410578 
           4650          395450 
           4670          430315 
           4690          418621 
           4710          402591 
           4730          396786 
           4750          390897 
           4770          332738 
           4790          354069 
           4810          418478 
           4830          419234 
           4850          452444 
           4870          449688 
           4890          461741 
           4910          465972 
           4930          439197 
           4950          430073 
           4970          395826 
           4990          369904 
           5010          323296 
           5030          347368 
           5050          324177 
           5070          315132 
           5090          303776 
           5110          309453 
           5130          295536 
           5150          279111 
           5170          277041 
           5190          311022 
           5210          348804 
           5230          523495 
           5250          545429 
           5270          487500 
           5290          566681 
           5310          611001 
           5330          552359 
           5350          586999 
           5370          588174 
           5390          578773 
           5410          579727 
           5430          575439 
           5450          569942 
           5470          583447 
           5490          597240 
           5510          575801 
           5530          627696 
           5550          641061 
           5570          630612 
           5590          601526 
           5610          613333 
           5630          643296 
           5650          671900 
           5670          657653 
           5690          679475 
           5710          656802 
           5730          700152 
           5750          711846 
           5770          711582 
           5790          698864 
           5810          717744 
           5830          733233 
           5850          713147 
           5870          700030 
           5890          457163 
           5910          668572 
           5930          698116 
           5950          702370 
           5970          719267 
           5990          725895 
           6010          727309 
           6030          746768 
           6050          757041 
           6070          756968 
           6090          751832 
           6110          755445 
           6130          718361 
           6150          755710 
           6170          669355 
           6190          725947 
           6210          715905 
           6230          695660 
           6250          686528 
           6270          719030 
           6290          741926 
           6310          748196 
           6330          763831 
           6350          780460 
           6370          777953 
           6390          783885 
           6410          776654 
           6430          772723 
           6450          761971 
           6470          771037 
           6490          762401 
           6510          789797 
           6530          810481 
           6550          795151 
           6570          797527 
           6590          804847 
           6610          806795 
           6630          810368 
           6650          799640 
           6670          787129 
           6690          778204 
           6710          768167 
           6730          763367 
           6750          757444 
           6770          781374 
           6790          769694 
           6810          781816 
           6830          798217 
           6850          801399 
           6870          801401 
           6890          815642 
           6910          826944 
           6930          824531 
           6950          830790 
           6970          845415 
           6990          838271 
           7010          845531 
           7030          852314 
           7050          839981 
           7070          797099 
           7090          776420 
           7110          778169 
           7130          742018 
           7150          737284 
           7170          769743 
           7190          783394 
           7210          776445 
           7230          815325 
           7250          816137 
           7270          838025 
           7290          846619 
           7310          851087 
           7330          847220 
           7350          847218 
           7370          862948 
           7390          864630 
           7410          860381 
           7430          867151 
           7450          866778 
           7470          868152 
           7490          869699 
           7510          874425 
           7530          878091 
           7550          878534 
           7570          879092 
           7590          870149 
           7610          868769 
           7630          866744 
           7650          864793 
           7670          830511 
           7690          851934 
           7710          835225 
           7730          854047 
           7750          845818 
           7770          855011 
           7790          854847 
           7810          862148 
           7830          855844 
           7850          856257 
           7870          865292 
           7890          867023 
           7910          861019 
           7930          862912 
           7950          856072 
           7970          871708 
           7990          866996 
           8010          867956 
           8030          868253 
           8050          865630 
           8070          864064 
           8090          867107 
           8110          869194 
           8130          872845 
           8150          873104 
           8170          871826 
           8190          838648 
           8210          855806 
           8230          862163 
           8250          860700 
           8270          866292 
           8290          862062 
           8310          853772 
           8330          842402 
           8350          852528 
           8370          848566 
           8390          809310 
           8410          847331 
           8430          818294 
           8450          845976 
           8470          839570 
           8490          841159 
           8510          811980 
           8530          838570 
           8550          760648 
           8570          850355 
           8590          848033 
           8610          846131 
           8630          848840 
           8650          848293 
           8670          765298 
           8690          816406 
           8710          849557 
           8730          846608 
           8750          845350 
           8770          842380 
           8790          847523 
           8810          831060 
           8830          830585 
           8850          840543 
           8870          825409 
           8890          830661 
           8910          832725 
           8930          828574 
           8950          823041 
           8970          826445 
           8990          829484 
           9010          810120 
           9030          823723 
           9050          831171 
           9070          831998 
           9090          816121 
           9110          823255 
           9130          826657 
           9150          826062 
           9170          824703 
           9190          825801 
           9210          820264 
           9230          821887 
           9250          816267 
           9270          817177 
           9290          811698 
           9310          817602 
           9330          816611 
           9350          814888 
           9370          806693 
           9390          812575 
           9410          808146 
           9430          810737 
           9450          802204 
           9470          808607 
           9490          808173 
           9510          806943 
           9530          805178 
           9550          793836 
           9570          797720 
           9590          803163 
           9610          791787 
           9630          799145 
           9650          770753 
           9670          774740 
           9690          786711 
           9710          781795 
           9730          773849 
           9750          777613 
           9770          780905 
           9790          762664 
           9810          786725 
           9830          780642 
           9850          784736 
           9870          782757 
           9890          781867 
           9910          779789 
           9930          778561 
           9950          777527 
           9970          777329 
           9990          776711 
          10025          770810 
          10075          767409 
          10125          766132 
          10175          761387 
          10225          760012 
          10275          758058 
          10325          748790 
          10375          746315 
          10425          747770 
          10475          740545 
          10525          741246 
          10575          734219 
          10625          733265 
          10675          724991 
          10725          722668 
          10775          721266 
          10825          713815 
          10875          714592 
          10925          711917 
          10975          705351 
          11025          702037 
          11075          699459 
          11125          695499 
          11175          691401 
          11225          690667 
          11275          681355 
          11325          681373 
          11375          673533 
          11425          667708 
          11475          673661 
          11525          672026 
          11575          666205 
          11625          656277 
          11675          656914 
          11725          660120 
          11775          649607 
          11825          647493 
          11875          639541 
          11925          647303 
          11975          630191 
          12025          639577 
          12075          635093 
          12125          635478 
          12175          633217 
          12225          630241 
          12275          626967 
          12325          624321 
          12375          621599 
          12425          618387 
          12475          616103 
          12525          611938 
          12575          610488 
          12625          607270 
          12675          604106 
          12725          602672 
          12775          600433 
          12825          589920 
          12875          592801 
          12925          587344 
          12975          590010 
          13025          587243 
          13075          585096 
          13125          575289 
          13175          575358 
          13225          577090 
          13275          570955 
          13325          563920 
          13375          557943 
          13425          553523 
          13475          555564 
          13525          550660 
          13575          549085 
          13625          543338 
          13675          547994 
          13725          547408 
          13775          545606 
          13825          543992 
          13875          536497 
          13925          511630 
          13975          520437 
          14025          522019 
          14075          524421 
          14125          519053 
          14175          519485 
          14225          518855 
          14275          512898 
          14325          515712 
          14375          513462 
          14425          513602 
          14475          513782 
          14525          510322 
          14570          508878 
          14620          493260 
          14675          495027 
          14725          500932 
          14775          498220 
          14825          500830 
          14875          494336 
          14925          503562 
          14975          507311 
          15025          484966 
          15075          495795 
          15125          500114 
          15175          502125 
          15225          505528 
          15275          496653 
          15325          503877 
          15375          495282 
          15425          489099 
          15475          506206 
          15525          496230 
          15575          497226 
          15625          505360 
          15675          504196 
          15725          497688 
          15775          490648 
          15825          505333 
          15875          496594 
          15925          504889 
          15975          509248 
          16050          502379 
          16150          505017 
          16250          495496 
          16350          497937 
          16450          491387 
          16550          489551 
          16650          479734 
          16750          466852 
          16850          463026 
          16950          456635 
          17050          445695 
          17150          429549 
          17250          425710 
          17350          414096 
          17450          408720 
          17550          395575 
          17650          387840 
          17750          378544 
          17850          367788 
          17950          363596 
          18050          350490 
          18150          346867 
          18250          337636 
          18350          335297 
          18450          322608 
          18550          314585 
          18650          312347 
          18750          305252 
          18850          305171 
          18950          298937 
          19050          297115 
          19150          292931 
          19250          289580 
          19350          279944 
          19450          275589 
          19550          273280 
          19650          269901 
          19750          259960 
          19850          256381 
          19950          251868 
          20050          251479 
          20150          246317 
          20250          241603 
          20350          239252 
          20450          236117 
          20550          232629 
          20650          227854 
          20750          226617 
          20850          222066 
          20950          219770 
          21050          217135 
          21150          214497 
          21250          212091 
          21350          209894 
          21450          207622 
          21550          204977 
          21650          203136 
          21750          199457 
          21850          197533 
          21950          195119 
          22050          190316 
          22150          191189 
          22250          186461 
          22350          185257 
          22450          183154 
          22550          181051 
          22650          177386 
          22750          175997 
          22850          173074 
          22950          157693 
          23050          162043 
          23150          160597 
          23250          146709 
          23350          150775 
          23450          151547 
          23550          138369 
          23650          143694 
          23750          143649 
          23850          131645 
          23950          135224 
          24050          133112 
          24150          125191 
          24250          125659 
          24350          124007 
          24450          118205 
          24550          115706 
          24650          114850 
          24750          111187 
          24850          107481 
          24950          107469 
          25050          105472 
          25150          101246 
          25250         97709.6 
          25350         98341.3 
          25450         98076.1 
          25550           97708 
          25650         94027.4 
          25750         95468.9 
          25850         94449.8 
          25950           93947 
          26050         93321.5 
          26150         95115.8 
          26250           92971 
          26350           92755 
          26450         91446.5 
          26550         89385.4 
          26650         89357.7 
          26750         87469.4 
          26850         86819.1 
          26950         83649.9 
          27050         83629.8 
          27150         81108.6 
          27250         79190.2 
          27350         78476.2 
          27450         78640.4 
          27550         75638.5 
          27650           75255 
          27750         75036.5 
          27850         72589.7 
          27950         72910.3 
          28050         68034.2 
          28150         69462.9 
          28250         68551.8 
          28350         67520.7 
          28450         68522.3 
          28550         65639.7 
          28650           66651 
          28750         65285.7 
          28850         64032.8 
          28950         64413.8 
          29050         61221.1 
          29150         63798.9 
          29250         58409.7 
          29350         62145.2 
          29450         56363.7 
          29550         59710.5 
          29650         56270.1 
          29750         58310.2 
          29850         55023.9 
          29950         57563.4 
          30050         53392.8 
          30150         56727.7 
          30250         52837.3 
          30350         54763.7 
          30450         51836.7 
          30550         53322.4 
          30650         52618.1 
          30750         51427.8 
          30850         50912.9 
          30950         49668.1 
          31050         51075.8 
          31150         49094.4 
          31250         50073.1 
          31350         47852.9 
          31450         48630.8 
          31550         47921.8 
          31650         48386.7 
          31750           47006 
          31850         47123.6 
          31950         46378.8 
          32100         46637.4 
          32300         45241.9 
          32500           45154 
          32700         44296.9 
          32900         43307.5 
          33100         43229.3 
          33300         42137.4 
          33500         41645.8 
          33700           41362 
          33900         40042.7 
          34100         39859.5 
          34300         39703.4 
          34500         38003.7 
          34700         38220.8 
          34900           37484 
          35100         36501.5 
          35300         35889.5 
          35500         35698.5 
          35700         34569.5 
          35900         34097.7 
          36100         33937.8 
          36300         32918.7 
          36500         32482.6 
          36700         31975.7 
          36900         31439.1 
          37100         30649.4 
          37300           30235 
          37500         30023.2 
          37700         28989.8 
          37900         28949.5 
          38100         28161.1 
          38300         27675.1 
          38500           27213 
          38700         26909.8 
          38900         26210.6 
          39100         25758.3 
          39300         25306.5 
          39500         25041.2 
          39700         24474.1 
          39900         23648.4 
          40100           23515 
          40300         23042.5 
          40500         22438.2 
          40700         21866.6 
          40900         21593.3 
          41100         21203.7 
          41300         20784.2 
          41500         20489.2 
          41700         19900.3 
          41900         19785.9 
          42100         19229.8 
          42300           19128 
          42500         18605.9 
          42700         18331.2 
          42900         17578.1 
          43100         16626.4 
          43300         16710.7 
          43500         15839.1 
          43700         15339.1 
          43900         15087.5 
          44100         14417.8 
          44300         14136.9 
          44500           13899 
          44700         13382.7 
          44900           13281 
          45100         12921.2 
          45300         12615.7 
          45500         12523.7 
          45700         12394.9 
          45900         11990.6 
          46100         11962.9 
          46300         11727.2 
          46500         11737.7 
          46700         11569.3 
          46900         11386.1 
          47100           11240 
          47300         11196.2 
          47500         10952.2 
          47700         10752.1 
          47900         10699.2 
          48100           10352 
          48300         10481.3 
          48500         10215.5 
          48700         9962.71 
          48900         9815.69 
          49100         9841.52 
          49300         9522.67 
          49500         9446.18 
          49700         9306.86 
          49900         9210.77 
          50100         8949.76 
          50300         8873.08 
          50500         8732.03 
          50700         8657.26 
          50900         8505.46 
          51100         8410.16 
          51300         8295.47 
          51500         8216.96 
          51700         8037.37 
          51900         7947.01 
          52100         7896.38 
          52300         7747.55 
          52500         7621.52 
          52700         7616.27 
          52900         7393.34 
          53100         7397.34 
          53300         7224.44 
          53500         7170.53 
          53700          7056.6 
          53900         7053.47 
          54100         6908.87 
          54300         6669.23 
          54500         6757.09 
          54700         6657.91 
          54900         6600.87 
          55100         6496.82 
          55300         6459.65 
          55500         6277.66 
          55700          6262.9 
          55900         6235.76 
          56100         6113.81 
          56300          6019.7 
          56500         5999.47 
          56700         5903.66 
          56900         5775.08 
          57100         5804.14 
          57300         5632.66 
          57500         5730.96 
          57700         5577.92 
          57900         5486.63 
          58100         5498.36 
          58300         5361.95 
          58500          5330.3 
          58700         5276.76 
          58900         5233.06 
          59100         5152.51 
          59300         5131.42 
          59500         5069.42 
          59700         4988.26 
          59900         4967.61 
          60100         4958.69 
          60300         4814.99 
          60500         4737.31 
          60700         4766.87 
          60900         4723.83 
          61100         4600.02 
          61300         4661.38 
          61500         4540.77 
          61700         4509.11 
          61900         4466.35 
          62100         4416.62 
          62300         4394.91 
          62500         4301.83 
          62700         4245.78 
          62900         4229.01 
          63100         4154.18 
          63300         4128.72 
          63500         4022.96 
          63700         4025.78 
          63900         3948.12 
          64200         3845.96 
          64600         3641.76 
          65000          3520.3 
          65400         3413.25 
          65800         3250.06 
          66200         3160.53 
          66600         3113.17 
          67000          3017.7 
          67400         2982.56 
          67800         2863.72 
          68200         2798.96 
          68600         2794.27 
          69000         2712.04 
          69400         2639.72 
          69800         2639.56 
          70200         2541.68 
          70600         2498.52 
          71000         2442.43 
          71400         2404.27 
          71800         2379.68 
          72200         2288.05 
          72600         2254.12 
          73000         2231.67 
          73400         2170.29 
          73800          2145.3 
          74200         2078.85 
          74600         2065.42 
          75000         2016.26 
          75400         1976.63 
          75800         1908.29 
          76200          1858.2 
          76600         1822.54 
          77000          1801.3 
          77400         1729.97 
          77800         1714.09 
          78200         1667.89 
          78600         1635.47 
          79000         1585.09 
          79400         1576.09 
          79800         1522.94 
          80200         1516.46 
          80600         1472.39 
          81000         1442.95 
          81400          1427.1 
          81800          1405.3 
          82200         1368.23 
          82600         1362.63 
          83000         1325.53 
          83400         1296.92 
          83800         1266.59 
          84200         1272.39 
          84600         1239.23 
          85000         1210.17 
          85400         1203.36 
          85800         1177.58 
          86200         1163.08 
          86600         1141.61 
          87000         1135.22 
          87400         1098.46 
          87800         1084.91 
          88200         1067.05 
          88600         1053.65 
          89000         1039.25 
          89400         1022.34 
          89800          1001.1 
          90200         995.439 
          90600         979.417 
          91000         964.047 
          91400         946.653 
          91800          933.37 
          92200         918.464 
          92600         899.387 
          93000          892.93 
          93400         877.309 
          93800         861.964 
          94200         846.635 
          94600         831.745 
          95000         822.794 
          95400          820.71 
          95800         794.168 
          96200         783.588 
          96600         769.603 
          97000         760.986 
          97400         752.843 
          97800         738.426 
          98200         729.688 
          98600           719.4 
          99000         690.267 
          99400         693.264 
          99800         681.439 
         100200         671.131 
         200000         46.2059 
         400000         2.97169 
         600000        0.587667 
         800000        0.185321 
         1.0e+6       0.0756021 
         1.2e+6       0.0363204 
         1.4e+6       0.0195361 
         1.6e+6       0.0114178 
