# Kurucz ODFNEW /NOVER (2003)
# teff = 7000 K (value for the effective temperature for the model. Temperatures are given in K)
# logg = 3.5 log(cm/s2) (value for Log(G) for the model.)
# meta = -1.5  (value for the Metallicity for the model.)
# lh = 1.25  (l/Hp where l is the  mixing length of the convective element and Hp is the pressure scale height)
# vtur = 2 km/s (Microturbulence velocity)
# alpha = 0.4  (Alpha)
#
# column 1: WAVELENGTH (ANGSTROM), Wavelength in Angstrom
# column 2: FLUX (ERG/CM2/S/A), Flux in erg/cm2/s/A
          201.8     5.70387e-52 
            205     5.45341e-51 
          210.5     2.23103e-49 
          216.2     8.51506e-48 
          219.8     7.68586e-47 
            223     5.09955e-46 
          226.8     4.49732e-45 
            230     2.65847e-44 
            234     2.27829e-43 
            240     4.97767e-42 
          246.5     1.18148e-40 
          252.4     1.80991e-39 
          256.8      1.2733e-38 
            260     5.04082e-38 
            264     2.68153e-37 
          268.5     1.65037e-36 
          273.5     1.15539e-35 
          278.5     7.53437e-35 
            284     5.47046e-34 
            290     4.34887e-33 
            296     3.16266e-32 
            301     1.55405e-31 
            308     1.31802e-30 
            318     2.35555e-29 
            328     3.50347e-28 
            338     4.40459e-27 
            348     4.75609e-26 
            357      3.5879e-25 
            366     2.44206e-24 
            375       1.507e-23 
            385     1.02485e-22 
            395     6.28603e-22 
            405     3.50764e-21 
            414     1.52922e-20 
            422     5.35021e-20 
            430     1.78155e-19 
            441     8.63444e-19 
            451     3.37443e-18 
            460     1.09036e-17 
            470     3.79509e-17 
            480     1.24882e-16 
            490      3.9027e-16 
            500     1.16027e-15 
            506     2.89305e-15 
            512     6.02522e-15 
            520     1.33301e-14 
            530     3.49289e-14 
            540     8.66413e-14 
            550     2.09922e-13 
            560     4.88547e-13 
            570     1.10075e-12 
            580     2.37819e-12 
            590     5.10462e-12 
            600     1.05401e-11 
            610     2.12005e-11 
            620     4.15931e-11 
            630     7.97026e-11 
            640     1.49404e-10 
            650     2.74161e-10 
            658     4.39026e-10 
            665     6.55976e-10 
            675      1.14575e-9 
            685       1.9652e-9 
            695      3.31294e-9 
            705      5.49065e-9 
            716      9.40471e-9 
            726      1.50927e-8 
            735      2.28224e-8 
            745      3.56635e-8 
            755      5.49941e-8 
            765      8.37176e-8 
            775      1.25891e-7 
            785      1.87092e-7 
            795      2.74507e-7 
            805      3.99335e-7 
            815      5.74488e-7 
            825      8.18025e-7 
            835      1.15371e-6 
            845      1.61191e-6 
            855       2.2319e-6 
            865      3.06358e-6 
            875      4.16893e-6 
            885      5.63104e-6 
            895      7.54517e-6 
            905      1.00316e-5 
            915       0.0310451 
            925        0.156059 
            935        0.220614 
            945        0.316807 
            955        0.445495 
            965        0.575436 
            975         0.60776 
            985        0.947779 
            995         1.16532 
           1005         1.52553 
           1015         1.75569 
           1025         1.80109 
           1035         2.77322 
           1045         3.71098 
           1055         4.57413 
           1065         5.57044 
           1075          6.9372 
           1085         8.55688 
           1095         10.1737 
           1105         23.9377 
           1115         53.7841 
           1125          68.766 
           1135         92.3791 
           1145         107.353 
           1155         109.391 
           1165         124.267 
           1175         125.517 
           1185          153.34 
           1195         59.4288 
           1205         38.6141 
           1215         13.4803 
           1225         45.5904 
           1235         114.746 
           1245         196.297 
           1255         339.195 
           1265         467.691 
           1275         653.218 
           1285         932.432 
           1295         1189.79 
           1305         1357.56 
           1315         1771.36 
           1325         2175.03 
           1335          2549.9 
           1345         3060.03 
           1355         3414.94 
           1365         4050.11 
           1375         4574.65 
           1385         5132.58 
           1395          5864.4 
           1405         6534.66 
           1415          7512.1 
           1425         8215.55 
           1435         8820.07 
           1442         10179.9 
           1447         10376.8 
           1455         11725.5 
           1465         12350.4 
           1475         13809.8 
           1485         15189.1 
           1495           17085 
           1505         19034.2 
           1512         20176.7 
           1517         19377.6 
           1525         20828.8 
           1535         24264.4 
           1545         27611.3 
           1555         29178.3 
           1565           28882 
           1575         33259.3 
           1585         35916.6 
           1595         39579.9 
           1605         41495.4 
           1615         46447.3 
           1625         51856.5 
           1635           67132 
           1645          119473 
           1655          148421 
           1665          454131 
           1672          444111 
           1677      1.12179e+6 
           1685      1.44563e+6 
           1695      1.75486e+6 
           1705      2.55272e+6 
           1715      3.53658e+6 
           1725      3.86374e+6 
           1735      4.72904e+6 
           1745      4.71557e+6 
           1755      5.56271e+6 
           1765      4.33141e+6 
           1775      5.39979e+6 
           1785      5.76677e+6 
           1795      6.62019e+6 
           1805      5.71507e+6 
           1815      6.22636e+6 
           1825      5.50646e+6 
           1835      6.13635e+6 
           1845      5.23942e+6 
           1855      5.85213e+6 
           1865      6.48078e+6 
           1875       6.5026e+6 
           1885      6.71921e+6 
           1895      7.06108e+6 
           1905      6.62215e+6 
           1915      7.39442e+6 
           1925      7.68653e+6 
           1935      6.71371e+6 
           1945       8.0957e+6 
           1955      8.16321e+6 
           1967      8.77324e+6 
           1976      8.41187e+6 
           1984       8.4394e+6 
           1995      8.39477e+6 
           2005      8.00208e+6 
           2015      8.21262e+6 
           2025      7.43091e+6 
           2035      8.59799e+6 
           2045      9.20018e+6 
           2055      8.96009e+6 
           2065      8.87441e+6 
           2074      9.89232e+6 
           2078      1.00532e+7 
           2085      9.88701e+6 
           2095      9.55165e+6 
           2105      9.22306e+6 
           2115      9.50493e+6 
           2125      9.58587e+6 
           2135       8.2797e+6 
           2145      9.56025e+6 
           2155      9.42224e+6 
           2165      8.89495e+6 
           2175      8.89776e+6 
           2185      9.48171e+6 
           2195      1.03182e+7 
           2205      9.95283e+6 
           2215       9.0953e+6 
           2225      9.42237e+6 
           2235      1.07674e+7 
           2245       9.7568e+6 
           2255      9.29335e+6 
           2265      9.05286e+6 
           2275      9.90515e+6 
           2285      1.02364e+7 
           2295       9.4257e+6 
           2305      9.97375e+6 
           2315      1.01317e+7 
           2325      9.99455e+6 
           2335      9.45032e+6 
           2345      8.14496e+6 
           2355      1.01627e+7 
           2365      8.70289e+6 
           2375      9.75113e+6 
           2385      7.80981e+6 
           2395      8.81396e+6 
           2405      8.65484e+6 
           2415       8.7293e+6 
           2425      1.00521e+7 
           2435      9.74542e+6 
           2445      1.03042e+7 
           2455      1.01998e+7 
           2465      1.03324e+7 
           2475      9.60885e+6 
           2485      9.76227e+6 
           2495      9.47841e+6 
           2505      1.09848e+7 
           2513      9.61991e+6 
           2518      9.39399e+6 
           2525      8.70086e+6 
           2535       8.2595e+6 
           2545      8.33082e+6 
           2555      9.45513e+6 
           2565      9.55333e+6 
           2575       1.0598e+7 
           2585      1.08262e+7 
           2595        1.072e+7 
           2605      1.02365e+7 
           2615      9.80357e+6 
           2625      1.11029e+7 
           2635       1.1289e+7 
           2645      1.28457e+7 
           2655      1.30789e+7 
           2665      1.19094e+7 
           2675       1.2486e+7 
           2685      1.28525e+7 
           2695      1.17422e+7 
           2705      1.20927e+7 
           2715      1.12903e+7 
           2725      1.14308e+7 
           2735      1.22474e+7 
           2745      1.01909e+7 
           2755      1.08348e+7 
           2765      1.14558e+7 
           2775      1.22393e+7 
           2785      1.14031e+7 
           2795      5.62585e+6 
           2805      7.03229e+6 
           2815      1.27511e+7 
           2825      1.30094e+7 
           2835      1.28024e+7 
           2845      1.22909e+7 
           2855      1.09552e+7 
           2865      1.25766e+7 
           2875       1.2471e+7 
           2885      1.27626e+7 
           2895      1.25353e+7 
           2910      1.36961e+7 
           2930       1.3293e+7 
           2950      1.31878e+7 
           2970      1.34793e+7 
           2990      1.35225e+7 
           3010      1.35891e+7 
           3030      1.36918e+7 
           3050      1.37295e+7 
           3070      1.37491e+7 
           3090      1.38984e+7 
           3110      1.37143e+7 
           3130      1.37954e+7 
           3150      1.40558e+7 
           3170      1.41028e+7 
           3190      1.34146e+7 
           3210      1.37207e+7 
           3230      1.32548e+7 
           3250      1.37688e+7 
           3270      1.40427e+7 
           3290      1.42706e+7 
           3310      1.43992e+7 
           3330      1.40963e+7 
           3350       1.3946e+7 
           3370      1.38834e+7 
           3390      1.39407e+7 
           3410      1.41023e+7 
           3430      1.43034e+7 
           3450      1.41418e+7 
           3470      1.40618e+7 
           3490      1.41068e+7 
           3510      1.42905e+7 
           3530      1.42455e+7 
           3550      1.45341e+7 
           3570      1.40705e+7 
           3590      1.40185e+7 
           3610      1.41238e+7 
           3630      1.42482e+7 
           3640      1.40984e+7 
           3650        1.452e+7 
           3670      1.44332e+7 
           3690      1.38226e+7 
           3710      1.50609e+7 
           3730      1.58183e+7 
           3750      1.93901e+7 
           3770      2.03334e+7 
           3790      2.32401e+7 
           3810       2.5816e+7 
           3830      2.14323e+7 
           3850      2.74036e+7 
           3870      2.90529e+7 
           3890      2.06764e+7 
           3910      2.88977e+7 
           3930      2.57187e+7 
           3950      2.89794e+7 
           3970      1.93206e+7 
           3990      2.88367e+7 
           4010       3.0356e+7 
           4030      3.02295e+7 
           4050       3.0035e+7 
           4070      2.92357e+7 
           4090      2.61353e+7 
           4110      2.15704e+7 
           4130       2.8717e+7 
           4150      2.92109e+7 
           4170      2.91242e+7 
           4190      2.88103e+7 
           4210      2.87285e+7 
           4230      2.82343e+7 
           4250      2.82925e+7 
           4270      2.80756e+7 
           4290      2.76405e+7 
           4310      2.63766e+7 
           4330      2.33506e+7 
           4350      2.07253e+7 
           4370       2.6831e+7 
           4390      2.69018e+7 
           4410      2.66797e+7 
           4430      2.67753e+7 
           4450      2.65237e+7 
           4470      2.64415e+7 
           4490      2.63821e+7 
           4510      2.63431e+7 
           4530      2.58706e+7 
           4550      2.56236e+7 
           4570      2.58021e+7 
           4590      2.55384e+7 
           4610       2.5647e+7 
           4630      2.53345e+7 
           4650      2.52721e+7 
           4670      2.51667e+7 
           4690      2.49079e+7 
           4710      2.44184e+7 
           4730      2.46316e+7 
           4750      2.44897e+7 
           4770      2.42715e+7 
           4790      2.40414e+7 
           4810      2.37897e+7 
           4830      2.32492e+7 
           4850      2.04424e+7 
           4870      1.73744e+7 
           4890      2.24253e+7 
           4910      2.29056e+7 
           4930      2.26395e+7 
           4950       2.2686e+7 
           4970      2.27326e+7 
           4990      2.24191e+7 
           5010      2.20303e+7 
           5030      2.22054e+7 
           5050       2.1987e+7 
           5070      2.19531e+7 
           5090      2.17809e+7 
           5110      2.16584e+7 
           5130       2.1444e+7 
           5150      2.12196e+7 
           5170      2.06822e+7 
           5190      2.06196e+7 
           5210      2.06878e+7 
           5230       2.0512e+7 
           5250      2.06636e+7 
           5270      2.00689e+7 
           5290      2.03455e+7 
           5310      2.01845e+7 
           5330      1.98039e+7 
           5350      1.99431e+7 
           5370      1.97282e+7 
           5390      1.96067e+7 
           5410      1.93783e+7 
           5430      1.93201e+7 
           5450      1.92167e+7 
           5470      1.91368e+7 
           5490      1.90289e+7 
           5510      1.89158e+7 
           5530       1.8746e+7 
           5550      1.87016e+7 
           5570      1.85154e+7 
           5590      1.83144e+7 
           5610      1.82487e+7 
           5630      1.82001e+7 
           5650      1.80691e+7 
           5670      1.79184e+7 
           5690      1.78287e+7 
           5710      1.76925e+7 
           5730      1.76208e+7 
           5750      1.74791e+7 
           5770      1.73774e+7 
           5790      1.72575e+7 
           5810      1.71501e+7 
           5830      1.70415e+7 
           5850      1.69065e+7 
           5870      1.68035e+7 
           5890      1.65397e+7 
           5910      1.65865e+7 
           5930       1.6478e+7 
           5950      1.63695e+7 
           5970      1.62632e+7 
           5990      1.61527e+7 
           6010      1.60402e+7 
           6030      1.59288e+7 
           6050       1.5837e+7 
           6070        1.574e+7 
           6090      1.56296e+7 
           6110      1.55184e+7 
           6130      1.53561e+7 
           6150      1.52634e+7 
           6170      1.51171e+7 
           6190      1.51248e+7 
           6210      1.50295e+7 
           6230      1.49069e+7 
           6250      1.47644e+7 
           6270      1.47384e+7 
           6290      1.46448e+7 
           6310      1.45304e+7 
           6330      1.44415e+7 
           6350      1.43367e+7 
           6370      1.42477e+7 
           6390      1.41716e+7 
           6410      1.40512e+7 
           6430      1.39758e+7 
           6450      1.38213e+7 
           6470      1.37486e+7 
           6490      1.36103e+7 
           6510      1.35286e+7 
           6530      1.32966e+7 
           6550      1.23093e+7 
           6570      1.03327e+7 
           6590      1.28422e+7 
           6610      1.30715e+7 
           6630      1.30648e+7 
           6650      1.30076e+7 
           6670      1.29449e+7 
           6690      1.28744e+7 
           6710      1.27886e+7 
           6730       1.2711e+7 
           6750      1.26168e+7 
           6770      1.25514e+7 
           6790       1.2471e+7 
           6810      1.23914e+7 
           6830      1.23132e+7 
           6850      1.22318e+7 
           6870      1.21591e+7 
           6890      1.20839e+7 
           6910      1.20077e+7 
           6930      1.19314e+7 
           6950      1.18566e+7 
           6970      1.17832e+7 
           6990      1.17105e+7 
           7010      1.16215e+7 
           7030      1.15609e+7 
           7050      1.14916e+7 
           7070      1.14191e+7 
           7090      1.13495e+7 
           7110      1.12627e+7 
           7130      1.12033e+7 
           7150      1.11274e+7 
           7170      1.10603e+7 
           7190      1.09879e+7 
           7210       1.0922e+7 
           7230      1.08595e+7 
           7250      1.07932e+7 
           7270       1.0731e+7 
           7290      1.06517e+7 
           7310      1.05977e+7 
           7330      1.05259e+7 
           7350      1.04708e+7 
           7370      1.04085e+7 
           7390      1.03378e+7 
           7410      1.02573e+7 
           7430      1.02042e+7 
           7450      1.01482e+7 
           7470      1.00871e+7 
           7490      1.00233e+7 
           7510      9.96661e+6 
           7530      9.90975e+6 
           7550      9.85269e+6 
           7570      9.79018e+6 
           7590      9.73212e+6 
           7610      9.67257e+6 
           7630      9.61611e+6 
           7650       9.5543e+6 
           7670      9.48661e+6 
           7690      9.43478e+6 
           7710      9.37956e+6 
           7730      9.32794e+6 
           7750      9.26731e+6 
           7770      9.14728e+6 
           7790      9.16493e+6 
           7810      9.10817e+6 
           7830      9.05064e+6 
           7850      8.99541e+6 
           7870      8.94245e+6 
           7890      8.88749e+6 
           7910      8.83839e+6 
           7930       8.7687e+6 
           7950      8.72225e+6 
           7970      8.68506e+6 
           7990      8.62865e+6 
           8010      8.58092e+6 
           8030      8.52946e+6 
           8050      8.47841e+6 
           8070      8.43181e+6 
           8090      8.37981e+6 
           8110      8.33338e+6 
           8130      8.28616e+6 
           8150      8.23703e+6 
           8170      8.18829e+6 
           8190      8.11352e+6 
           8210      8.08522e+6 
           8230      8.03318e+6 
           8250      7.98819e+6 
           8270      7.96337e+6 
           8290      7.91786e+6 
           8310      7.86561e+6 
           8330      7.79585e+6 
           8350      7.77693e+6 
           8370      7.72636e+6 
           8390      7.66816e+6 
           8410      7.62481e+6 
           8430      7.58549e+6 
           8450      7.51902e+6 
           8470      7.42369e+6 
           8490      7.49433e+6 
           8510      7.18917e+6 
           8530      7.44233e+6 
           8550      6.84532e+6 
           8570      7.42021e+6 
           8590      7.15901e+6 
           8610      7.01247e+6 
           8630      7.35837e+6 
           8650      7.22519e+6 
           8670      6.41306e+6 
           8690      7.19874e+6 
           8710      7.27248e+6 
           8730      7.14973e+6 
           8750      6.32094e+6 
           8770      6.98131e+6 
           8790      7.13973e+6 
           8810      7.09376e+6 
           8830      7.04475e+6 
           8850      6.74792e+6 
           8870      6.09265e+6 
           8890      6.86275e+6 
           8910      6.92024e+6 
           8930      6.89967e+6 
           8950      6.88909e+6 
           8970      6.82937e+6 
           8990      6.69973e+6 
           9010      5.91684e+6 
           9030      6.30463e+6 
           9050      6.63097e+6 
           9070      6.61504e+6 
           9090      6.55678e+6 
           9110      6.58386e+6 
           9130      6.57358e+6 
           9150      6.53542e+6 
           9170      6.48768e+6 
           9190       6.4162e+6 
           9210      6.20539e+6 
           9230      5.40112e+6 
           9250      6.07786e+6 
           9270      6.24281e+6 
           9290      6.27751e+6 
           9310      6.25795e+6 
           9330      6.23678e+6 
           9350      6.20539e+6 
           9370      6.17292e+6 
           9390       6.1381e+6 
           9410      6.03673e+6 
           9430      6.05987e+6 
           9450      6.03256e+6 
           9470      5.99325e+6 
           9490       5.9471e+6 
           9510      5.87171e+6 
           9530      5.66333e+6 
           9550      4.96055e+6 
           9570       5.6494e+6 
           9590      5.75777e+6 
           9610        5.753e+6 
           9630      5.72344e+6 
           9650      5.71997e+6 
           9670      5.67014e+6 
           9690      5.65719e+6 
           9710      5.63671e+6 
           9730      5.60799e+6 
           9750      5.57153e+6 
           9770      5.54835e+6 
           9790      5.51902e+6 
           9810      5.49106e+6 
           9830      5.46133e+6 
           9850      5.43063e+6 
           9870      5.40323e+6 
           9890      5.36407e+6 
           9910      5.34398e+6 
           9930      5.31674e+6 
           9950      5.29044e+6 
           9970      5.25218e+6 
           9990      5.21268e+6 
          10025       4.9788e+6 
          10075      4.79032e+6 
          10125      5.03638e+6 
          10175      4.99028e+6 
          10225       4.9315e+6 
          10275      4.87007e+6 
          10325      4.80464e+6 
          10375      4.74724e+6 
          10425      4.68829e+6 
          10475      4.61034e+6 
          10525       4.5714e+6 
          10575      4.51143e+6 
          10625      4.45038e+6 
          10675      4.36284e+6 
          10725      4.33437e+6 
          10775      4.28385e+6 
          10825      4.21897e+6 
          10875      4.14937e+6 
          10925      3.76491e+6 
          10975      3.96119e+6 
          11025      4.02483e+6 
          11075       3.9941e+6 
          11125      3.94489e+6 
          11175       3.8976e+6 
          11225      3.85368e+6 
          11275      3.79824e+6 
          11325      3.75332e+6 
          11375      3.71603e+6 
          11425       3.6677e+6 
          11475      3.63209e+6 
          11525      3.58958e+6 
          11575      3.54711e+6 
          11625      3.49854e+6 
          11675      3.45372e+6 
          11725      3.42597e+6 
          11775      3.36732e+6 
          11825      3.33082e+6 
          11875      3.29882e+6 
          11925      3.27201e+6 
          11975      3.21427e+6 
          12025      3.19072e+6 
          12075      3.15014e+6 
          12125      3.12217e+6 
          12175      3.09073e+6 
          12225      3.05592e+6 
          12275      3.01882e+6 
          12325      2.98768e+6 
          12375        2.954e+6 
          12425      2.92173e+6 
          12475       2.8894e+6 
          12525      2.85629e+6 
          12575      2.82385e+6 
          12625      2.79302e+6 
          12675      2.76235e+6 
          12725      2.72254e+6 
          12775      2.64656e+6 
          12825      2.36119e+6 
          12875      2.60243e+6 
          12925      2.60759e+6 
          12975      2.58865e+6 
          13025      2.56193e+6 
          13075       2.5351e+6 
          13125      2.50664e+6 
          13175      2.47831e+6 
          13225      2.45509e+6 
          13275      2.42829e+6 
          13325      2.40289e+6 
          13375      2.37779e+6 
          13425       2.3528e+6 
          13475      2.32811e+6 
          13525      2.30331e+6 
          13575      2.27881e+6 
          13625      2.25582e+6 
          13675       2.2319e+6 
          13725      2.20527e+6 
          13775      2.18492e+6 
          13825      2.16146e+6 
          13875      2.14161e+6 
          13925      2.11868e+6 
          13975      2.09679e+6 
          14025      2.07517e+6 
          14075      2.05455e+6 
          14125      2.03267e+6 
          14175      2.01273e+6 
          14225      1.99079e+6 
          14275      1.96984e+6 
          14325      1.95189e+6 
          14375      1.93232e+6 
          14425      1.90247e+6 
          14475      1.89331e+6 
          14525      1.86797e+6 
          14570      1.85627e+6 
          14620      1.83743e+6 
          14675      1.81878e+6 
          14725      1.80003e+6 
          14775      1.78113e+6 
          14825      1.76468e+6 
          14875      1.73837e+6 
          14925      1.73147e+6 
          14975      1.71372e+6 
          15025      1.68714e+6 
          15075      1.67547e+6 
          15125      1.66227e+6 
          15175      1.64545e+6 
          15225      1.62978e+6 
          15275      1.60936e+6 
          15325      1.59225e+6 
          15375      1.58104e+6 
          15425      1.55087e+6 
          15475        1.549e+6 
          15525      1.53456e+6 
          15575       1.4936e+6 
          15625       1.5156e+6 
          15675      1.47741e+6 
          15725      1.43749e+6 
          15775       1.4691e+6 
          15825      1.45685e+6 
          15875      1.35173e+6 
          15925      1.41429e+6 
          15975      1.42369e+6 
          16050      1.38622e+6 
          16150      1.30941e+6 
          16250      1.35676e+6 
          16350      1.29857e+6 
          16450      1.22004e+6 
          16550      1.27655e+6 
          16650      1.25066e+6 
          16750      1.18844e+6 
          16850      1.11366e+6 
          16950      1.17207e+6 
          17050      1.15172e+6 
          17150      1.12684e+6 
          17250      1.09536e+6 
          17350          983065 
          17450      1.04061e+6 
          17550      1.03517e+6 
          17650      1.01516e+6 
          17750          995373 
          17850          975313 
          17950          955508 
          18050          930878 
          18150          841854 
          18250          878339 
          18350          879286 
          18450          863771 
          18550          845768 
          18650          823216 
          18750          740209 
          18850          789057 
          18950          780090 
          19050          768786 
          19150          754050 
          19250          738824 
          19350          718429 
          19450          649996 
          19550          691731 
          19650          685196 
          19750          672422 
          19850          660807 
          19950          648567 
          20050          636969 
          20150          625466 
          20250          613985 
          20350          602525 
          20450          592260 
          20550          581657 
          20650          570886 
          20750          561136 
          20850          551269 
          20950          541366 
          21050          532103 
          21150          522678 
          21250          513566 
          21350          504683 
          21450          495862 
          21550          484051 
          21650          441219 
          21750          465283 
          21850          462399 
          21950          455662 
          22050          447734 
          22150          440383 
          22250          433253 
          22350          426089 
          22450          419080 
          22550          411652 
          22650          405345 
          22750          398812 
          22850          392334 
          22950          386062 
          23050          380032 
          23150          373951 
          23250          368051 
          23350          362217 
          23450          356545 
          23550          350949 
          23650          345468 
          23750          340001 
          23850          334685 
          23950          329558 
          24050          324413 
          24150          319316 
          24250          314619 
          24350          309549 
          24450          304735 
          24550          300351 
          24650          295551 
          24750          291082 
          24850          287073 
          24950          281084 
          25050          279049 
          25150          274988 
          25250          267679 
          25350          266767 
          25450          263390 
          25550          258914 
          25650          250434 
          25750          251760 
          25850          248440 
          25950          244963 
          26050          239710 
          26150          229986 
          26250          218144 
          26350          229123 
          26450          227975 
          26550          224925 
          26650          220684 
          26750          209218 
          26850          214795 
          26950          213121 
          27050          210359 
          27150          207473 
          27250          204619 
          27350          201776 
          27450          198209 
          27550          187004 
          27650          190261 
          27750          190654 
          27850          188452 
          27950          185934 
          28050          183442 
          28150          180986 
          28250          178574 
          28350          176205 
          28450          173838 
          28550          171300 
          28650          167146 
          28750          157800 
          28850          164031 
          28950          162702 
          29050          160646 
          29150          158553 
          29250          156498 
          29350          154519 
          29450          152529 
          29550          150592 
          29650          148674 
          29750          146782 
          29850          144929 
          29950          143094 
          30050          141288 
          30150          139519 
          30250          137318 
          30350          129879 
          30450          131079 
          30550          132398 
          30650          131054 
          30750          129462 
          30850          127856 
          30950          126296 
          31050          124757 
          31150          123119 
          31250          121745 
          31350          120276 
          31450          118831 
          31550          117382 
          31650          116014 
          31750          114604 
          31850          113258 
          31950          111919 
          32100          109928 
          32300          107369 
          32500          104871 
          32700          102405 
          32900         96656.1 
          33100         97052.7 
          33300         95421.5 
          33500         93325.5 
          33700         91222.6 
          33900         89185.6 
          34100         87206.2 
          34300         85308.4 
          34500         83451.8 
          34700           81629 
          34900         79857.9 
          35100         78137.1 
          35300           76453 
          35500         74816.8 
          35700         73212.3 
          35900         71700.2 
          36100         70150.6 
          36300         68739.3 
          36500         67218.9 
          36700         65917.6 
          36900         64399.9 
          37100         63209.3 
          37300         61146.9 
          37500         59266.7 
          37700         59471.9 
          37900         58386.9 
          38100         56950.2 
          38300         55881.9 
          38500         54987.6 
          38700         53892.5 
          38900         52777.1 
          39100         51299.7 
          39300         50791.1 
          39500         49821.7 
          39700           48874 
          39900         47919.1 
          40100         46723.1 
          40300         45643.4 
          40500         44056.8 
          40700         44352.7 
          40900         43573.2 
          41100         42768.8 
          41300         41977.8 
          41500         41171.7 
          41700         39677.2 
          41900         39666.2 
          42100         38967.2 
          42300         38283.7 
          42500         37592.6 
          42700           36919 
          42900         36260.3 
          43100         35616.3 
          43300         34982.6 
          43500           34365 
          43700         33096.4 
          43900           33036 
          44100         32591.7 
          44300         32033.2 
          44500         31481.5 
          44700         30977.9 
          44900         30446.5 
          45100         29928.9 
          45300         29421.1 
          45500         28924.6 
          45700         28437.5 
          45900         27959.5 
          46100         27495.9 
          46300         27000.5 
          46500         25847.1 
          46700           25481 
          46900         25651.3 
          47100         25304.8 
          47300         24894.3 
          47500         24489.7 
          47700         24094.4 
          47900         23709.7 
          48100         23328.9 
          48300         22958.5 
          48500         22593.4 
          48700         22236.6 
          48900         21886.5 
          49100         21541.4 
          49300         21205.7 
          49500         20874.8 
          49700         20551.6 
          49900         20234.4 
          50100         19923.1 
          50300         19617.5 
          50500         19319.2 
          50700         19024.9 
          50900         18724.4 
          51100         18419.4 
          51300         17732.1 
          51500         17885.9 
          51700         17616.7 
          51900         17374.9 
          52100         17116.8 
          52300         16864.9 
          52500         16613.7 
          52700         16349.5 
          52900         16134.5 
          53100         15899.6 
          53300         15670.5 
          53500           15443 
          53700         15196.2 
          53900         14982.5 
          54100         14789.6 
          54300         14577.3 
          54500         14371.6 
          54700           14166 
          54900         13969.2 
          55100         13763.7 
          55300         13525.1 
          55500         13391.2 
          55700         13205.3 
          55900         13021.8 
          56100         12842.9 
          56300         12666.2 
          56500         12494.1 
          56700         12322.9 
          56900         12153.8 
          57100         11907.1 
          57300         11824.1 
          57500         11669.1 
          57700         11512.5 
          57900         11358.9 
          58100         11207.2 
          58300         11058.7 
          58500         10917.5 
          58700         10773.3 
          58900         10613.7 
          59100         10246.3 
          59300         10345.2 
          59500         10119.2 
          59700         10057.2 
          59900         9957.05 
          60100         9828.21 
          60300         9702.51 
          60500         9578.15 
          60700         9455.63 
          60900         9334.71 
          61100         9215.38 
          61300          9100.2 
          61500         8985.53 
          61700         8872.55 
          61900         8761.33 
          62100         8651.94 
          62300          8542.8 
          62500         8437.58 
          62700         8328.26 
          62900         8111.22 
          63100          8117.6 
          63300         8029.91 
          63500         7931.76 
          63700         7834.77 
          63900         7739.86 
          64200         7599.78 
          64600         7417.57 
          65000         7240.96 
          65400         7070.13 
          65800         6903.86 
          66200         6742.45 
          66600         6585.77 
          67000         6433.61 
          67400         6283.25 
          67800         6086.81 
          68200         6002.74 
          68600         5867.21 
          69000         5735.45 
          69400         5607.03 
          69800         5482.95 
          70200         5361.62 
          70600         5244.05 
          71000         5129.53 
          71400          5018.2 
          71800         4909.75 
          72200         4804.19 
          72600         4699.72 
          73000          4601.7 
          73400         4504.34 
          73800         4409.65 
          74200         4317.34 
          74600         4175.79 
          75000         4061.71 
          75400         4052.13 
          75800         3971.71 
          76200         3890.74 
          76600         3811.88 
          77000         3734.95 
          77400         3659.97 
          77800         3580.36 
          78200         3515.55 
          78600         3446.08 
          79000         3378.25 
          79400         3312.09 
          79800          3247.5 
          80200         3184.55 
          80600         3123.04 
          81000          3063.1 
          81400         2996.51 
          81800         2945.83 
          82200         2891.58 
          82600         2837.08 
          83000         2783.88 
          83400         2731.84 
          83800         2681.15 
          84200         2631.55 
          84600         2583.09 
          85000         2535.79 
          85400         2489.52 
          85800         2444.31 
          86200         2400.08 
          86600         2345.45 
          87000         2314.68 
          87400         2261.98 
          87800         2221.67 
          88200         2193.57 
          88600         2154.95 
          89000         2117.17 
          89400         2080.26 
          89800         2044.11 
          90200          2008.8 
          90600         1974.21 
          91000         1940.33 
          91400          1907.2 
          91800         1874.79 
          92200         1843.04 
          92600         1811.95 
          93000         1781.59 
          93400         1751.77 
          93800         1711.81 
          94200         1692.89 
          94600          1666.1 
          95000          1638.7 
          95400         1611.78 
          95800         1585.58 
          96200         1559.85 
          96600         1534.64 
          97000         1509.92 
          97400         1485.67 
          97800         1461.92 
          98200         1438.63 
          98600         1415.82 
          99000         1393.49 
          99400         1371.58 
          99800         1350.09 
         100200         1329.02 
         200000         86.5347 
         400000         5.46893 
         600000         1.07902 
         800000        0.340193 
         1.0e+6        0.138795 
         1.2e+6       0.0666785 
         1.4e+6       0.0358623 
         1.6e+6       0.0209526 
