# Kurucz ODFNEW /NOVER (2003)
# teff = 7250 K (value for the effective temperature for the model. Temperatures are given in K)
# logg = 5 log(cm/s2) (value for Log(G) for the model.)
# meta = -0.5  (value for the Metallicity for the model.)
# lh = 1.25  (l/Hp where l is the  mixing length of the convective element and Hp is the pressure scale height)
# vtur = 2 km/s (Microturbulence velocity)
# alpha = 0  (Alpha)
#
# column 1: WAVELENGTH (ANGSTROM), Wavelength in Angstrom
# column 2: FLUX (ERG/CM2/S/A), Flux in erg/cm2/s/A
            223     9.04002e-44 
          226.8     7.31879e-43 
            230     4.03449e-42 
            234     3.17698e-41 
            240     6.14631e-40 
          246.5     1.28738e-38 
          252.4     1.77023e-37 
          256.8     1.15276e-36 
            260     4.32113e-36 
            264      2.1511e-35 
          268.5     1.23158e-34 
          273.5     7.97857e-34 
          278.5     4.82813e-33 
            284      3.2387e-32 
            290     2.36954e-31 
            296     1.59135e-30 
            301     7.33492e-30 
            308     5.70829e-29 
            318     9.08146e-28 
            328     1.21097e-26 
            338     1.37364e-25 
            348     1.34641e-24 
            357     9.35195e-24 
            366     5.88453e-23 
            375     3.36987e-22 
            385     2.11774e-21 
            395     1.20515e-20 
            405     6.26217e-20 
            414     2.56815e-19 
            422     8.52784e-19 
            430     2.70047e-18 
            441     1.22504e-17 
            451     4.52092e-17 
            460     1.39028e-16 
            470     4.59033e-16 
            480     1.43607e-15 
            490     4.27535e-15 
            500     1.21328e-14 
            506     2.94087e-14 
            512     5.96932e-14 
            520      1.2762e-13 
            530      3.2087e-13 
            540     7.64802e-13 
            550     1.78339e-12 
            560     3.99963e-12 
            570     8.69562e-12 
            580     1.81477e-11 
            590     3.76805e-11 
            600     7.53281e-11 
            610     1.46895e-10 
            620     2.79627e-10 
            630     5.20407e-10 
            640     9.48262e-10 
            650       1.6931e-9 
            658      2.65403e-9 
            665      3.89274e-9 
            675      6.62953e-9 
            685      1.10957e-8 
            695      1.82622e-8 
            705      2.95418e-8 
            716      4.94016e-8 
            726      7.75651e-8 
            735       1.1505e-7 
            745      1.76057e-7 
            755      2.66006e-7 
            765      3.97075e-7 
            775      5.85688e-7 
            785      8.54423e-7 
            795      1.22706e-6 
            805      1.75736e-6 
            815      2.48654e-6 
            825      3.48116e-6 
            835      4.82912e-6 
            845      6.63896e-6 
            855      9.04893e-6 
            865       1.2231e-5 
            875      1.63844e-5 
            885        2.182e-5 
            895      2.88196e-5 
            905      3.77652e-5 
            915       0.0331955 
            925        0.127255 
            935        0.171829 
            945        0.233604 
            955        0.320996 
            965        0.419319 
            975        0.511817 
            985        0.679431 
            995        0.847011 
           1005         1.11334 
           1015           1.388 
           1025          1.6156 
           1035         2.16702 
           1045         2.71305 
           1055         3.34517 
           1065         4.07777 
           1075         5.05783 
           1085         6.22877 
           1095          7.4895 
           1105         18.6951 
           1115         50.6144 
           1125          70.555 
           1135         101.331 
           1145         125.028 
           1155         136.467 
           1165         171.443 
           1175         199.134 
           1185         202.811 
           1195         126.205 
           1205         100.846 
           1215         36.1871 
           1225         118.861 
           1235         275.725 
           1245         492.876 
           1255         775.333 
           1265         895.242 
           1275         1205.67 
           1285         1697.77 
           1295         2024.94 
           1305          2252.6 
           1315         2787.96 
           1325         3259.96 
           1335          3645.7 
           1345         4307.03 
           1355         4614.26 
           1365         5358.09 
           1375            5830 
           1385         6290.53 
           1395         7122.73 
           1405         7855.11 
           1415         8790.06 
           1425         9553.74 
           1435           10061 
           1442         11604.1 
           1447         11759.9 
           1455         13134.7 
           1465         13643.5 
           1475         15069.5 
           1485         16436.4 
           1495         18345.8 
           1505           20270 
           1512         21099.5 
           1517         22088.5 
           1525         24288.9 
           1535         31977.4 
           1545         37448.4 
           1555           40424 
           1565         38550.8 
           1575         46520.4 
           1585         50254.1 
           1595         55787.7 
           1605         57887.9 
           1615         63953.3 
           1625         69548.6 
           1635         88065.2 
           1645          119040 
           1655          103951 
           1665          211954 
           1672          185873 
           1677          425285 
           1685          781874 
           1695          708423 
           1705      1.49174e+6 
           1715      2.96711e+6 
           1725      3.62027e+6 
           1735      5.07145e+6 
           1745      4.94421e+6 
           1755      6.54122e+6 
           1765      3.90694e+6 
           1775       5.8024e+6 
           1785      6.63368e+6 
           1795      8.51657e+6 
           1805      6.60208e+6 
           1815      6.94855e+6 
           1825       6.1228e+6 
           1835      6.49381e+6 
           1845      4.58856e+6 
           1855      6.13853e+6 
           1865      8.14909e+6 
           1875      7.73449e+6 
           1885      8.13389e+6 
           1895      8.71969e+6 
           1905       8.0295e+6 
           1915      9.16381e+6 
           1925      8.53766e+6 
           1935      5.37522e+6 
           1945      9.77658e+6 
           1955      1.02629e+7 
           1967       1.1582e+7 
           1976      1.10137e+7 
           1984      1.02962e+7 
           1995      1.05398e+7 
           2005      9.42474e+6 
           2015      9.98556e+6 
           2025      8.40787e+6 
           2035      1.07773e+7 
           2045      1.17964e+7 
           2055      1.13999e+7 
           2065      1.09673e+7 
           2074      1.29691e+7 
           2078      1.41764e+7 
           2085       1.3564e+7 
           2095      1.24777e+7 
           2105      1.18204e+7 
           2115      1.27659e+7 
           2125      1.25993e+7 
           2135      1.07476e+7 
           2145      1.31392e+7 
           2155       1.2904e+7 
           2165      1.17072e+7 
           2175      1.16858e+7 
           2185      1.32425e+7 
           2195      1.44694e+7 
           2205      1.35334e+7 
           2215      1.17398e+7 
           2225      1.22753e+7 
           2235      1.48287e+7 
           2245      1.34463e+7 
           2255      1.19545e+7 
           2265      1.15121e+7 
           2275      1.25765e+7 
           2285      1.39653e+7 
           2295       1.2143e+7 
           2305      1.34439e+7 
           2315      1.32416e+7 
           2325      1.29502e+7 
           2335      1.10382e+7 
           2345      8.35391e+6 
           2355      1.29063e+7 
           2365      9.07805e+6 
           2375      1.12732e+7 
           2385      7.41309e+6 
           2395      9.06945e+6 
           2405      9.05801e+6 
           2415      9.28416e+6 
           2425      1.25646e+7 
           2435      1.19012e+7 
           2445      1.33796e+7 
           2455      1.34164e+7 
           2465      1.35732e+7 
           2475      1.20369e+7 
           2485      1.11099e+7 
           2495      1.07402e+7 
           2505      1.40809e+7 
           2513      1.07826e+7 
           2518      9.77248e+6 
           2525       9.1068e+6 
           2535      8.82287e+6 
           2545      8.26394e+6 
           2555      1.01552e+7 
           2565      1.02021e+7 
           2575      1.26712e+7 
           2585      1.28355e+7 
           2595      1.25505e+7 
           2605      1.14484e+7 
           2615      1.04245e+7 
           2625      1.33658e+7 
           2635       1.4659e+7 
           2645      1.78386e+7 
           2655       1.9164e+7 
           2665      1.57296e+7 
           2675      1.72959e+7 
           2685      1.81398e+7 
           2695      1.54187e+7 
           2705      1.67368e+7 
           2715       1.4505e+7 
           2725      1.48168e+7 
           2735      1.61671e+7 
           2745      1.15368e+7 
           2755      1.32039e+7 
           2765      1.49983e+7 
           2775       1.6517e+7 
           2785      1.36228e+7 
           2795      5.51638e+6 
           2805      7.40241e+6 
           2815      1.75062e+7 
           2825      1.91499e+7 
           2835      1.82491e+7 
           2845      1.67773e+7 
           2855      1.23945e+7 
           2865      1.79414e+7 
           2875       1.8197e+7 
           2885      1.78325e+7 
           2895      1.76637e+7 
           2910      2.05317e+7 
           2930       1.9297e+7 
           2950       1.9086e+7 
           2970      1.99727e+7 
           2990      1.98168e+7 
           3010      2.01739e+7 
           3030       2.0176e+7 
           3050      2.04728e+7 
           3070      2.08508e+7 
           3090      2.08722e+7 
           3110      2.05832e+7 
           3130      2.05482e+7 
           3150      2.08463e+7 
           3170      2.09754e+7 
           3190      1.94597e+7 
           3210      2.01788e+7 
           3230      1.88507e+7 
           3250      2.01552e+7 
           3270      2.11877e+7 
           3290      2.11797e+7 
           3310      2.15644e+7 
           3330       2.1138e+7 
           3350      2.08615e+7 
           3370      2.02372e+7 
           3390      2.05508e+7 
           3410      2.03496e+7 
           3430       2.0625e+7 
           3450      2.05192e+7 
           3470      2.04288e+7 
           3490      2.06423e+7 
           3510      2.08787e+7 
           3530      2.03749e+7 
           3550      2.13225e+7 
           3570      1.99658e+7 
           3590      1.96881e+7 
           3610       1.9916e+7 
           3630      2.00994e+7 
           3640      1.99619e+7 
           3650      2.11175e+7 
           3670      2.09075e+7 
           3690      2.03207e+7 
           3710      2.02361e+7 
           3730      1.88488e+7 
           3750      2.06896e+7 
           3770      2.15885e+7 
           3790       2.4311e+7 
           3810      2.68609e+7 
           3830      2.17443e+7 
           3850       2.8527e+7 
           3870      3.02553e+7 
           3890      2.19202e+7 
           3910      3.01643e+7 
           3930      2.46284e+7 
           3950      2.98317e+7 
           3970      1.99122e+7 
           3990      3.06162e+7 
           4010      3.27176e+7 
           4030      3.27324e+7 
           4050       3.2256e+7 
           4070      3.12256e+7 
           4090        2.825e+7 
           4110      2.34863e+7 
           4130      3.10538e+7 
           4150       3.1897e+7 
           4170      3.20316e+7 
           4190       3.1469e+7 
           4210      3.14832e+7 
           4230       3.0584e+7 
           4250      3.10248e+7 
           4270      3.05365e+7 
           4290      3.01705e+7 
           4310      2.82992e+7 
           4330      2.55488e+7 
           4350      2.26963e+7 
           4370      2.96698e+7 
           4390       2.9793e+7 
           4410      2.96202e+7 
           4430       2.9553e+7 
           4450      2.94858e+7 
           4470      2.94601e+7 
           4490      2.94281e+7 
           4510      2.99271e+7 
           4530      2.89713e+7 
           4550      2.88372e+7 
           4570      2.93935e+7 
           4590      2.87159e+7 
           4610      2.88963e+7 
           4630      2.84802e+7 
           4650      2.84814e+7 
           4670      2.85627e+7 
           4690      2.79994e+7 
           4710      2.70947e+7 
           4730      2.78747e+7 
           4750      2.77557e+7 
           4770      2.75532e+7 
           4790      2.72399e+7 
           4810      2.69242e+7 
           4830      2.61721e+7 
           4850      2.26894e+7 
           4870      1.91121e+7 
           4890       2.5028e+7 
           4910      2.57246e+7 
           4930      2.54016e+7 
           4950      2.56703e+7 
           4970      2.58256e+7 
           4990      2.50864e+7 
           5010      2.45549e+7 
           5030      2.51134e+7 
           5050      2.47642e+7 
           5070      2.49635e+7 
           5090      2.46193e+7 
           5110      2.46059e+7 
           5130       2.4267e+7 
           5150      2.38317e+7 
           5170       2.3067e+7 
           5190      2.29595e+7 
           5210      2.32638e+7 
           5230      2.31936e+7 
           5250      2.35421e+7 
           5270       2.2364e+7 
           5290      2.30891e+7 
           5310      2.30224e+7 
           5330      2.22161e+7 
           5350      2.26505e+7 
           5370       2.2375e+7 
           5390      2.22611e+7 
           5410      2.18239e+7 
           5430      2.19727e+7 
           5450      2.19093e+7 
           5470      2.17406e+7 
           5490      2.16737e+7 
           5510      2.15924e+7 
           5530      2.13786e+7 
           5550      2.14033e+7 
           5570      2.10362e+7 
           5590      2.08196e+7 
           5610       2.0784e+7 
           5630       2.0816e+7 
           5650      2.06796e+7 
           5670      2.04132e+7 
           5690      2.03828e+7 
           5710      2.01895e+7 
           5730      2.02702e+7 
           5750      2.00258e+7 
           5770      1.99415e+7 
           5790      1.97781e+7 
           5810      1.96913e+7 
           5830       1.9593e+7 
           5850      1.93833e+7 
           5870      1.92678e+7 
           5890      1.88277e+7 
           5910      1.90198e+7 
           5930       1.8896e+7 
           5950      1.87947e+7 
           5970        1.867e+7 
           5990      1.85277e+7 
           6010      1.83608e+7 
           6030      1.82216e+7 
           6050      1.81898e+7 
           6070      1.80865e+7 
           6090      1.79273e+7 
           6110      1.77667e+7 
           6130      1.74725e+7 
           6150      1.74029e+7 
           6170      1.71963e+7 
           6190      1.73311e+7 
           6210      1.72392e+7 
           6230      1.70316e+7 
           6250      1.67743e+7 
           6270      1.68984e+7 
           6290      1.67997e+7 
           6310      1.65855e+7 
           6330      1.65072e+7 
           6350      1.63921e+7 
           6370      1.62894e+7 
           6390      1.62162e+7 
           6410      1.60033e+7 
           6430      1.59485e+7 
           6450       1.5742e+7 
           6470      1.56628e+7 
           6490      1.54609e+7 
           6510      1.53847e+7 
           6530      1.50388e+7 
           6550      1.36475e+7 
           6570      1.13617e+7 
           6590      1.44114e+7 
           6610      1.48563e+7 
           6630      1.48971e+7 
           6650      1.48562e+7 
           6670      1.47537e+7 
           6690       1.4722e+7 
           6710      1.46202e+7 
           6730      1.45467e+7 
           6750      1.44209e+7 
           6770      1.43622e+7 
           6790      1.42679e+7 
           6810      1.41679e+7 
           6830      1.40802e+7 
           6850      1.39636e+7 
           6870      1.39016e+7 
           6890      1.38186e+7 
           6910      1.37277e+7 
           6930      1.36392e+7 
           6950       1.3553e+7 
           6970      1.34668e+7 
           6990      1.33883e+7 
           7010      1.32422e+7 
           7030      1.31944e+7 
           7050      1.31288e+7 
           7070       1.3041e+7 
           7090      1.29601e+7 
           7110       1.2812e+7 
           7130      1.27617e+7 
           7150      1.26735e+7 
           7170      1.25941e+7 
           7190      1.24818e+7 
           7210      1.24351e+7 
           7230      1.23744e+7 
           7250       1.2304e+7 
           7270      1.22372e+7 
           7290      1.21013e+7 
           7310      1.20698e+7 
           7330      1.19794e+7 
           7350      1.19401e+7 
           7370      1.18671e+7 
           7390      1.17457e+7 
           7410      1.16241e+7 
           7430      1.15875e+7 
           7450      1.15349e+7 
           7470      1.14725e+7 
           7490      1.13831e+7 
           7510      1.13306e+7 
           7530      1.12765e+7 
           7550      1.12241e+7 
           7570      1.11425e+7 
           7590      1.10747e+7 
           7610      1.10035e+7 
           7630      1.09427e+7 
           7650      1.08695e+7 
           7670      1.07501e+7 
           7690      1.07235e+7 
           7710      1.06496e+7 
           7730      1.06097e+7 
           7750      1.05155e+7 
           7770      1.03797e+7 
           7790      1.04276e+7 
           7810      1.03564e+7 
           7830      1.02661e+7 
           7850      1.02059e+7 
           7870      1.01608e+7 
           7890      1.00984e+7 
           7910      1.00336e+7 
           7930      9.91713e+6 
           7950      9.87385e+6 
           7970      9.87121e+6 
           7990      9.80298e+6 
           8010      9.73177e+6 
           8030      9.67751e+6 
           8050      9.61437e+6 
           8070      9.57371e+6 
           8090       9.4965e+6 
           8110      9.46233e+6 
           8130      9.41412e+6 
           8150      9.35436e+6 
           8170      9.29733e+6 
           8190      9.14976e+6 
           8210      9.13988e+6 
           8230      9.07049e+6 
           8250      9.04095e+6 
           8270      9.03253e+6 
           8290      8.97639e+6 
           8310      8.89996e+6 
           8330      8.79429e+6 
           8350      8.80679e+6 
           8370       8.7712e+6 
           8390      8.68341e+6 
           8410      8.66773e+6 
           8430      8.60014e+6 
           8450      8.50513e+6 
           8470      8.47814e+6 
           8490      8.43197e+6 
           8510      8.18379e+6 
           8530      8.33237e+6 
           8550      7.71676e+6 
           8570      8.29324e+6 
           8590      8.13775e+6 
           8610      8.06136e+6 
           8630      8.16821e+6 
           8650      8.04438e+6 
           8670      7.35728e+6 
           8690      7.92809e+6 
           8710       8.0109e+6 
           8730      7.88576e+6 
           8750      7.33112e+6 
           8770       7.7366e+6 
           8790      7.84576e+6 
           8810      7.78057e+6 
           8830      7.71347e+6 
           8850      7.42324e+6 
           8870      6.90426e+6 
           8890      7.54059e+6 
           8910      7.60358e+6 
           8930      7.57003e+6 
           8950      7.56963e+6 
           8970      7.49798e+6 
           8990        7.343e+6 
           9010      6.55261e+6 
           9030      6.90755e+6 
           9050      7.27401e+6 
           9070      7.22457e+6 
           9090        7.134e+6 
           9110       7.2171e+6 
           9130      7.23658e+6 
           9150      7.19373e+6 
           9170      7.13013e+6 
           9190      7.03534e+6 
           9210      6.75744e+6 
           9230       5.8964e+6 
           9250      6.59786e+6 
           9270       6.8193e+6 
           9290      6.89517e+6 
           9310      6.88601e+6 
           9330      6.85435e+6 
           9350      6.82377e+6 
           9370      6.80068e+6 
           9390      6.75721e+6 
           9410      6.56557e+6 
           9430      6.65002e+6 
           9450      6.61262e+6 
           9470      6.58766e+6 
           9490      6.52938e+6 
           9510      6.41989e+6 
           9530      6.14575e+6 
           9550      5.35007e+6 
           9570      6.13561e+6 
           9590      6.29889e+6 
           9610      6.29473e+6 
           9630      6.26089e+6 
           9650      6.27016e+6 
           9670      6.21041e+6 
           9690      6.21369e+6 
           9710       6.2025e+6 
           9730      6.16986e+6 
           9750      6.11842e+6 
           9770      6.10129e+6 
           9790      6.06853e+6 
           9810       6.0395e+6 
           9830       6.0052e+6 
           9850      5.96725e+6 
           9870      5.93072e+6 
           9890      5.88134e+6 
           9910      5.85685e+6 
           9930      5.83558e+6 
           9950      5.79958e+6 
           9970      5.76042e+6 
           9990      5.70643e+6 
          10025      5.39263e+6 
          10075      5.18076e+6 
          10125      5.50382e+6 
          10175      5.46114e+6 
          10225      5.41219e+6 
          10275      5.34894e+6 
          10325      5.26863e+6 
          10375      5.20572e+6 
          10425      5.14378e+6 
          10475      5.04569e+6 
          10525      5.00875e+6 
          10575      4.93724e+6 
          10625      4.87052e+6 
          10675      4.74335e+6 
          10725      4.73099e+6 
          10775      4.67681e+6 
          10825      4.59094e+6 
          10875      4.50359e+6 
          10925      4.02594e+6 
          10975      4.26145e+6 
          11025      4.38343e+6 
          11075      4.36298e+6 
          11125      4.31228e+6 
          11175       4.2587e+6 
          11225      4.21606e+6 
          11275      4.13133e+6 
          11325      4.08671e+6 
          11375      4.05494e+6 
          11425      3.99326e+6 
          11475      3.97027e+6 
          11525      3.92426e+6 
          11575      3.87441e+6 
          11625      3.80435e+6 
          11675      3.74945e+6 
          11725      3.74385e+6 
          11775      3.64935e+6 
          11825      3.62718e+6 
          11875      3.57853e+6 
          11925      3.57481e+6 
          11975      3.49248e+6 
          12025      3.47366e+6 
          12075      3.42816e+6 
          12125      3.39917e+6 
          12175      3.37309e+6 
          12225      3.33396e+6 
          12275       3.2876e+6 
          12325      3.25677e+6 
          12375      3.22042e+6 
          12425      3.18576e+6 
          12475      3.15084e+6 
          12525      3.11228e+6 
          12575      3.07067e+6 
          12625      3.03458e+6 
          12675      3.00013e+6 
          12725      2.95287e+6 
          12775      2.84139e+6 
          12825      2.48671e+6 
          12875       2.7981e+6 
          12925      2.82656e+6 
          12975      2.81131e+6 
          13025      2.78577e+6 
          13075      2.76098e+6 
          13125      2.72314e+6 
          13175      2.69122e+6 
          13225       2.6735e+6 
          13275      2.64164e+6 
          13325      2.61527e+6 
          13375      2.58691e+6 
          13425      2.56141e+6 
          13475      2.53393e+6 
          13525      2.50493e+6 
          13575      2.47486e+6 
          13625      2.45429e+6 
          13675      2.42651e+6 
          13725      2.39046e+6 
          13775      2.37334e+6 
          13825       2.3493e+6 
          13875      2.33025e+6 
          13925      2.30169e+6 
          13975      2.27908e+6 
          14025      2.25424e+6 
          14075      2.23388e+6 
          14125      2.20582e+6 
          14175      2.18822e+6 
          14225       2.1589e+6 
          14275      2.13327e+6 
          14325      2.12079e+6 
          14375      2.10114e+6 
          14425      2.04659e+6 
          14475      2.05692e+6 
          14525       2.0194e+6 
          14570       2.0128e+6 
          14620      1.99147e+6 
          14675      1.97325e+6 
          14725      1.94823e+6 
          14775      1.92558e+6 
          14825      1.91055e+6 
          14875      1.87509e+6 
          14925      1.87963e+6 
          14975      1.85668e+6 
          15025      1.82281e+6 
          15075      1.80892e+6 
          15125      1.80406e+6 
          15175      1.78712e+6 
          15225      1.76468e+6 
          15275      1.74943e+6 
          15325      1.73161e+6 
          15375      1.71368e+6 
          15425      1.69166e+6 
          15475      1.67886e+6 
          15525      1.66243e+6 
          15575      1.64075e+6 
          15625      1.63335e+6 
          15675      1.60716e+6 
          15725      1.58583e+6 
          15775      1.56762e+6 
          15825      1.56209e+6 
          15875      1.51206e+6 
          15925      1.52649e+6 
          15975      1.51976e+6 
          16050      1.48716e+6 
          16150       1.4389e+6 
          16250      1.44493e+6 
          16350      1.38893e+6 
          16450      1.33129e+6 
          16550      1.35888e+6 
          16650      1.33152e+6 
          16750      1.26304e+6 
          16850      1.20026e+6 
          16950       1.2484e+6 
          17050      1.22525e+6 
          17150      1.19915e+6 
          17250      1.15968e+6 
          17350      1.04584e+6 
          17450      1.09797e+6 
          17550      1.10059e+6 
          17650      1.08059e+6 
          17750      1.06207e+6 
          17850      1.04032e+6 
          17950      1.01863e+6 
          18050          987745 
          18150          888033 
          18250          924861 
          18350          934880 
          18450          917978 
          18550          899677 
          18650          870873 
          18750          769066 
          18850          833014 
          18950          826334 
          19050          819010 
          19150          802907 
          19250          785732 
          19350          758877 
          19450          678029 
          19550          731040 
          19650          728467 
          19750          715719 
          19850          705027 
          19950          691938 
          20050          679908 
          20150          667999 
          20250          654977 
          20350          641915 
          20450          632320 
          20550          620819 
          20650          608257 
          20750          598436 
          20850          588090 
          20950          576644 
          21050          567344 
          21150          556728 
          21250          546837 
          21350          537305 
          21450          527074 
          21550          511786 
          21650          458676 
          21750          489883 
          21850          490475 
          21950          485320 
          22050          476178 
          22150          468924 
          22250          461728 
          22350          454069 
          22450          446542 
          22550          438093 
          22650          431619 
          22750          424739 
          22850          417429 
          22950          410924 
          23050          404729 
          23150          398041 
          23250          391865 
          23350          385372 
          23450          379557 
          23550          373515 
          23650          367736 
          23750          361600 
          23850          355912 
          23950          350687 
          24050          345151 
          24150          339702 
          24250          334613 
          24350          329284 
          24450          324441 
          24550          318928 
          24650          314585 
          24750          309674 
          24850          304203 
          24950          300184 
          25050          296189 
          25150          291730 
          25250          286865 
          25350          283088 
          25450          278960 
          25550          274467 
          25650          269279 
          25750          266748 
          25850          262444 
          25950          259021 
          26050          253917 
          26150          246293 
          26250          225919 
          26350          240051 
          26450          240269 
          26550          237431 
          26650          233059 
          26750          227102 
          26850          227285 
          26950          225103 
          27050          222309 
          27150          219397 
          27250          216354 
          27350          212951 
          27450          209343 
          27550          201592 
          27650          201457 
          27750          201206 
          27850          199113 
          27950          196659 
          28050          194000 
          28150          191416 
          28250          188836 
          28350          186358 
          28450          183542 
          28550          180627 
          28650          176068 
          28750          169012 
          28850          172785 
          28950          171566 
          29050          169793 
          29150          167513 
          29250          165339 
          29350          163322 
          29450          161173 
          29550          159152 
          29650          157124 
          29750          155104 
          29850          153149 
          29950          151158 
          30050          149219 
          30150          147078 
          30250          144506 
          30350          137396 
          30450          137783 
          30550          139373 
          30650          138188 
          30750          136725 
          30850          134950 
          30950          133320 
          31050          131708 
          31150          129785 
          31250          128496 
          31350          126969 
          31450          125412 
          31550          123824 
          31650          122479 
          31750          120927 
          31850          119552 
          31950          118141 
          32100          116001 
          32300          113316 
          32500          110656 
          32700          107873 
          32900          101417 
          33100          101860 
          33300          100531 
          33500         98424.7 
          33700         96138.7 
          33900         93991.4 
          34100           91891 
          34300         89941.9 
          34500         88009.6 
          34700         86065.6 
          34900         84200.5 
          35100         82460.9 
          35300         80682.6 
          35500         78977.9 
          35700           77253 
          35900         75620.1 
          36100         74038.7 
          36300         72513.2 
          36500           70878 
          36700         69441.9 
          36900           67828 
          37100         66425.3 
          37300         63906.1 
          37500         62071.6 
          37700           62483 
          37900         61353.2 
          38100         60054.1 
          38300           58897 
          38500         57826.6 
          38700         56636.8 
          38900         55495.8 
          39100         54276.5 
          39300         53405.9 
          39500         52364.2 
          39700           51379 
          39900         50309.2 
          40100         49206.5 
          40300         48190.4 
          40500         45852.9 
          40700         46501.9 
          40900         45764.4 
          41100         44943.2 
          41300         44115.8 
          41500         43223.5 
          41700         42097.1 
          41900         41642.6 
          42100         40897.1 
          42300         40227.1 
          42500         39490.6 
          42700         38788.9 
          42900         38094.4 
          43100         37415.2 
          43300         36742.8 
          43500         36067.3 
          43700           35010 
          43900         34656.5 
          44100         34205.3 
          44300         33632.3 
          44500         33056.7 
          44700         32514.5 
          44900         31954.6 
          45100         31410.6 
          45300         30878.7 
          45500         30354.9 
          45700         29839.1 
          45900         29334.6 
          46100         28848.4 
          46300         28288.7 
          46500         26861.1 
          46700         26819.8 
          46900         26863.9 
          47100         26539.4 
          47300         26116.7 
          47500         25688.6 
          47700         25274.9 
          47900         24870.5 
          48100         24470.4 
          48300         24080.8 
          48500         23696.8 
          48700         23321.5 
          48900         22953.1 
          49100         22589.9 
          49300         22238.1 
          49500         21888.1 
          49700         21550.6 
          49900         21217.8 
          50100         20889.6 
          50300           20569 
          50500         20254.2 
          50700         19946.7 
          50900         19639.1 
          51100         19270.7 
          51300         18592.5 
          51500         18723.9 
          51700         18487.7 
          51900         18212.6 
          52100         17939.8 
          52300         17676.2 
          52500         17417.4 
          52700         17160.6 
          52900           16910 
          53100         16662.6 
          53300         16422.4 
          53500         16182.7 
          53700         15944.8 
          53900           15719 
          54100         15497.5 
          54300         15272.4 
          54500         15057.8 
          54700         14838.3 
          54900         14634.2 
          55100         14428.8 
          55300         14221.2 
          55500         14029.6 
          55700         13833.1 
          55900         13636.6 
          56100         13453.4 
          56300         13266.5 
          56500         13086.5 
          56700         12907.7 
          56900           12731 
          57100         12535.7 
          57300         12387.5 
          57500         12221.7 
          57700         12056.8 
          57900           11895 
          58100         11736.2 
          58300         11580.5 
          58500         11429.9 
          58700         11277.8 
          58900           11084 
          59100         10682.9 
          59300         10805.4 
          59500         10647.7 
          59700         10537.8 
          59900         10421.8 
          60100         10286.5 
          60300         10155.4 
          60500         10025.1 
          60700         9895.81 
          60900         9768.35 
          61100         9640.93 
          61300         9523.08 
          61500         9403.47 
          61700         9285.01 
          61900         9168.28 
          62100         9053.54 
          62300         8935.71 
          62500          8827.4 
          62700         8710.61 
          62900         8551.14 
          63100         8490.11 
          63300         8400.91 
          63500            8298 
          63700         8196.21 
          63900         8096.73 
          64200          7950.4 
          64600          7758.9 
          65000          7573.2 
          65400         7395.14 
          65800         7220.84 
          66200         7051.66 
          66600         6887.54 
          67000         6727.75 
          67400         6567.86 
          67800         6381.68 
          68200         6276.26 
          68600         6134.27 
          69000         5996.18 
          69400         5861.87 
          69800          5731.7 
          70200         5604.11 
          70600         5481.46 
          71000          5361.8 
          71400         5245.06 
          71800         5131.32 
          72200         5020.35 
          72600         4913.07 
          73000          4808.9 
          73400          4706.5 
          73800         4607.75 
          74200         4509.42 
          74600         4337.92 
          75000         4233.84 
          75400         4229.26 
          75800            4149 
          76200         4064.29 
          76600         3981.83 
          77000         3901.24 
          77400         3822.78 
          77800         3746.23 
          78200         3671.66 
          78600         3598.89 
          79000         3527.89 
          79400         3458.67 
          79800         3391.08 
          80200         3325.18 
          80600         3260.65 
          81000         3198.09 
          81400         3134.67 
          81800         3076.62 
          82200         3018.65 
          82600         2961.65 
          83000         2905.94 
          83400         2851.32 
          83800         2798.26 
          84200         2746.54 
          84600         2695.95 
          85000         2646.44 
          85400         2598.05 
          85800         2550.75 
          86200         2504.42 
          86600         2454.91 
          87000         2415.17 
          87400         2358.15 
          87800         2316.13 
          88200         2288.54 
          88600         2248.05 
          89000         2208.54 
          89400         2170.06 
          89800         2132.08 
          90200         2095.34 
          90600         2059.21 
          91000         2023.68 
          91400         1989.05 
          91800         1955.25 
          92200         1922.11 
          92600         1889.63 
          93000         1857.86 
          93400         1826.69 
          93800          1790.3 
          94200          1765.1 
          94600         1737.16 
          95000         1708.54 
          95400         1680.41 
          95800         1653.07 
          96200         1626.08 
          96600          1599.8 
          97000         1573.98 
          97400         1548.49 
          97800         1523.84 
          98200          1499.5 
          98600         1475.69 
          99000         1452.37 
          99400         1429.46 
          99800         1407.02 
         100200            1385 
         200000         89.5985 
         400000         5.62575 
         600000         1.10643 
         800000         0.34821 
         1.0e+6        0.141891 
         1.2e+6       0.0681017 
         1.4e+6       0.0366004 
         1.6e+6       0.0213706 
