# Kurucz ODFNEW /NOVER (2003)
# teff = 10500 K (value for the effective temperature for the model. Temperatures are given in K)
# logg = 3 log(cm/s2) (value for Log(G) for the model.)
# meta = -2.5  (value for the Metallicity for the model.)
# lh = 1.25  (l/Hp where l is the  mixing length of the convective element and Hp is the pressure scale height)
# vtur = 2 km/s (Microturbulence velocity)
# alpha = 0.4  (Alpha)
#
# column 1: WAVELENGTH (ANGSTROM), Wavelength in Angstrom
# column 2: FLUX (ERG/CM2/S/A), Flux in erg/cm2/s/A
          226.8      3.4856e-23 
            230      1.2566e-22 
            234     5.08759e-22 
            240     3.52432e-21 
          246.5     2.55895e-20 
          252.4     1.41494e-19 
          256.8     4.81259e-19 
            260     1.14228e-18 
            264       3.268e-18 
          268.5     1.02381e-17 
          273.5     3.48182e-17 
          278.5     1.13666e-16 
            284     3.97398e-16 
            290     1.47341e-15 
            296     5.16489e-15 
            301     1.41817e-14 
            308     5.51131e-14 
            318     3.45089e-13 
            328      1.9319e-12 
            338     9.74832e-12 
            348     4.48452e-11 
            357     1.64302e-10 
            366     5.65392e-10 
            375      1.82984e-9 
            385      6.32351e-9 
            395       2.0486e-8 
            405      6.25735e-8 
            414      1.63145e-7 
            422      3.69042e-7 
            430      8.09265e-7 
            441      2.27183e-6 
            451      5.54793e-6 
            460      1.19742e-5 
            470      2.71641e-5 
            480      5.94641e-5 
            490     0.000125996 
            500     0.000258572 
            506      0.00129525 
            512      0.00258636 
            520      0.00426398 
            530      0.00795195 
            540       0.0139013 
            550       0.0247346 
            560       0.0422103 
            570       0.0705849 
            580        0.112593 
            590        0.186179 
            600        0.295188 
            610        0.459679 
            620        0.704662 
            630         1.06441 
            640          1.5851 
            650         2.32975 
            658         3.14086 
            665         4.05264 
            675         5.77375 
            685         8.13313 
            695         11.3341 
            705         15.6293 
            716         22.0017 
            726         29.7266 
            735         38.6719 
            745         51.3788 
            755         67.6894 
            765         88.4684 
            775         114.739 
            785         147.708 
            795         188.798 
            805         239.691 
            815         302.297 
            825         378.869 
            835           471.5 
            845         584.491 
            855          719.73 
            865         881.523 
            875         1073.96 
            885         1302.01 
            895         1570.69 
            905         1884.56 
            915         4156.36 
            925         12249.5 
            935         18677.8 
            945         38568.3 
            955          634474 
            965      1.24335e+6 
            975         80313.5 
            985      3.03907e+7 
            995      8.99942e+7 
           1005      7.58028e+7 
           1015      9.00296e+6 
           1025         76613.5 
           1035      6.11995e+6 
           1045      8.50968e+7 
           1055      1.65859e+8 
           1065       1.8946e+8 
           1075      2.15656e+8 
           1085      2.19882e+8 
           1095      2.22021e+8 
           1105      2.16012e+8 
           1115      2.16291e+8 
           1125      2.10212e+8 
           1135        2.114e+8 
           1145      2.00019e+8 
           1155      1.84794e+8 
           1165      1.71848e+8 
           1175      1.37941e+8 
           1185       9.4457e+7 
           1195      4.95121e+6 
           1205          491686 
           1215          254172 
           1225          507519 
           1235      3.56321e+6 
           1245      5.97435e+7 
           1255      1.13464e+8 
           1265      1.35935e+8 
           1275      1.67767e+8 
           1285      1.89966e+8 
           1295      1.92715e+8 
           1305      1.81416e+8 
           1315      2.08691e+8 
           1325      2.11563e+8 
           1335      2.10439e+8 
           1345      2.20058e+8 
           1355      2.15488e+8 
           1365      2.12423e+8 
           1375      2.13011e+8 
           1385      2.14718e+8 
           1395      2.12909e+8 
           1405      2.16321e+8 
           1415      2.14723e+8 
           1425      2.14929e+8 
           1435       2.1092e+8 
           1442       2.1587e+8 
           1447      2.14903e+8 
           1455      2.13952e+8 
           1465      2.11129e+8 
           1475       2.1025e+8 
           1485      2.08863e+8 
           1495      2.06803e+8 
           1505      2.07473e+8 
           1512      2.06183e+8 
           1517      2.07462e+8 
           1525      2.02197e+8 
           1535      2.00162e+8 
           1545      2.03277e+8 
           1555      1.96651e+8 
           1565      1.87194e+8 
           1575      1.91036e+8 
           1585      1.93506e+8 
           1595      1.95708e+8 
           1605      1.90089e+8 
           1615      1.88926e+8 
           1625      1.81301e+8 
           1635      1.81133e+8 
           1645      1.81068e+8 
           1655      1.71844e+8 
           1665        1.815e+8 
           1672      1.73596e+8 
           1677      1.75778e+8 
           1685      1.77921e+8 
           1695      1.74437e+8 
           1705      1.71373e+8 
           1715      1.72122e+8 
           1725      1.69815e+8 
           1735      1.72219e+8 
           1745      1.69298e+8 
           1755      1.70004e+8 
           1765      1.64382e+8 
           1775      1.68634e+8 
           1785      1.65354e+8 
           1795      1.66417e+8 
           1805      1.63294e+8 
           1815       1.6206e+8 
           1825      1.61522e+8 
           1835      1.60113e+8 
           1845      1.58139e+8 
           1855      1.56942e+8 
           1865      1.55361e+8 
           1875      1.55798e+8 
           1885      1.54902e+8 
           1895      1.53775e+8 
           1905       1.5311e+8 
           1915       1.5135e+8 
           1925      1.50961e+8 
           1935        1.486e+8 
           1945      1.49795e+8 
           1955      1.48591e+8 
           1967      1.47641e+8 
           1976       1.4626e+8 
           1984      1.45638e+8 
           1995      1.44112e+8 
           2005      1.42435e+8 
           2015      1.39976e+8 
           2025      1.40021e+8 
           2035       1.3994e+8 
           2045      1.38944e+8 
           2055      1.35517e+8 
           2065      1.35638e+8 
           2074      1.36084e+8 
           2078      1.36102e+8 
           2085      1.35813e+8 
           2095      1.34717e+8 
           2105      1.34018e+8 
           2115      1.32914e+8 
           2125       1.3215e+8 
           2135      1.30502e+8 
           2145      1.30761e+8 
           2155      1.29429e+8 
           2165      1.26934e+8 
           2175      1.26439e+8 
           2185      1.26239e+8 
           2195      1.26913e+8 
           2205      1.24757e+8 
           2215      1.22627e+8 
           2225      1.21261e+8 
           2235      1.23346e+8 
           2245      1.21659e+8 
           2255      1.19516e+8 
           2265      1.18521e+8 
           2275      1.19505e+8 
           2285      1.19125e+8 
           2295      1.17482e+8 
           2305      1.17244e+8 
           2315      1.16339e+8 
           2325      1.16003e+8 
           2335      1.14085e+8 
           2345      1.10011e+8 
           2355      1.12713e+8 
           2365      1.09384e+8 
           2375      1.10896e+8 
           2385      1.06829e+8 
           2395       1.0934e+8 
           2405      1.08413e+8 
           2415      1.07924e+8 
           2425      1.09137e+8 
           2435      1.07442e+8 
           2445      1.07397e+8 
           2455      1.07512e+8 
           2465      1.05519e+8 
           2475       1.0532e+8 
           2485      1.05596e+8 
           2495      1.03795e+8 
           2505      1.05154e+8 
           2513       1.0396e+8 
           2518      1.04166e+8 
           2525      1.02159e+8 
           2535      1.00387e+8 
           2545      1.00804e+8 
           2555      1.02175e+8 
           2565      1.00876e+8 
           2575      1.01287e+8 
           2585      1.01142e+8 
           2595      1.00263e+8 
           2605      9.92062e+7 
           2615      9.84764e+7 
           2625      9.80009e+7 
           2635       9.7991e+7 
           2645      9.99546e+7 
           2655      9.94222e+7 
           2665      9.80887e+7 
           2675      9.81254e+7 
           2685      9.79863e+7 
           2695      9.72501e+7 
           2705      9.68156e+7 
           2715      9.56539e+7 
           2725      9.51511e+7 
           2735      9.51666e+7 
           2745      9.22647e+7 
           2755      9.22562e+7 
           2765      9.32064e+7 
           2775      9.39643e+7 
           2785      9.33636e+7 
           2795      8.92584e+7 
           2805      9.12996e+7 
           2815      9.26631e+7 
           2825      9.21593e+7 
           2835      9.12244e+7 
           2845      9.08169e+7 
           2855      9.01634e+7 
           2865      9.01455e+7 
           2875      8.98112e+7 
           2885      8.96196e+7 
           2895      8.94151e+7 
           2910      8.90473e+7 
           2930      8.76076e+7 
           2950      8.70255e+7 
           2970      8.66432e+7 
           2990      8.58293e+7 
           3010      8.54118e+7 
           3030      8.47435e+7 
           3050      8.40205e+7 
           3070      8.32611e+7 
           3090        8.268e+7 
           3110      8.19861e+7 
           3130      8.12878e+7 
           3150      8.06537e+7 
           3170      8.00441e+7 
           3190      7.92175e+7 
           3210      7.87417e+7 
           3230      7.80007e+7 
           3250       7.7543e+7 
           3270       7.6999e+7 
           3290      7.64172e+7 
           3310      7.58403e+7 
           3330      7.52107e+7 
           3350      7.45503e+7 
           3370      7.39898e+7 
           3390      7.34636e+7 
           3410      7.29607e+7 
           3430      7.23973e+7 
           3450      7.18611e+7 
           3470      7.13042e+7 
           3490      7.07676e+7 
           3510      7.02417e+7 
           3530      6.97171e+7 
           3550      6.91909e+7 
           3570      6.86661e+7 
           3590      6.81458e+7 
           3610      6.76356e+7 
           3630      6.71239e+7 
           3640      6.68694e+7 
           3650      6.78495e+7 
           3670      6.70253e+7 
           3690      6.47596e+7 
           3710      7.35909e+7 
           3730      8.41846e+7 
           3750      1.18373e+8 
           3770      1.23667e+8 
           3790      1.42128e+8 
           3810      1.58002e+8 
           3830      1.29556e+8 
           3850      1.66928e+8 
           3870      1.75824e+8 
           3890      1.16349e+8 
           3910       1.7193e+8 
           3930      1.72336e+8 
           3950      1.67818e+8 
           3970      1.10123e+8 
           3990      1.61545e+8 
           4010      1.64319e+8 
           4030      1.61586e+8 
           4050      1.60281e+8 
           4070      1.57206e+8 
           4090      1.38536e+8 
           4110      1.10172e+8 
           4130      1.49703e+8 
           4150      1.49395e+8 
           4170      1.47863e+8 
           4190      1.45912e+8 
           4210      1.43949e+8 
           4230      1.41995e+8 
           4250      1.40086e+8 
           4270      1.38194e+8 
           4290      1.36022e+8 
           4310      1.33207e+8 
           4330      1.13309e+8 
           4350      9.79407e+7 
           4370       1.2761e+8 
           4390      1.26905e+8 
           4410      1.25894e+8 
           4430      1.24236e+8 
           4450      1.22658e+8 
           4470      1.20522e+8 
           4490      1.19056e+8 
           4510      1.17952e+8 
           4530       1.1644e+8 
           4550      1.14914e+8 
           4570       1.1349e+8 
           4590      1.12038e+8 
           4610      1.10641e+8 
           4630      1.09225e+8 
           4650      1.07868e+8 
           4670       1.0651e+8 
           4690      1.05179e+8 
           4710      1.03751e+8 
           4730      1.02574e+8 
           4750      1.01303e+8 
           4770      1.00052e+8 
           4790      9.88106e+7 
           4810      9.72904e+7 
           4830      9.53398e+7 
           4850      8.32288e+7 
           4870      6.89575e+7 
           4890      9.13146e+7 
           4910      9.14379e+7 
           4930      9.04743e+7 
           4950      8.96202e+7 
           4970      8.85495e+7 
           4990      8.74917e+7 
           5010      8.63382e+7 
           5030      8.54252e+7 
           5050      8.43333e+7 
           5070      8.34216e+7 
           5090      8.24416e+7 
           5110      8.14758e+7 
           5130      8.05239e+7 
           5150      7.95872e+7 
           5170      7.86386e+7 
           5190      7.77414e+7 
           5210      7.68542e+7 
           5230      7.59632e+7 
           5250      7.50999e+7 
           5270      7.42325e+7 
           5290      7.33949e+7 
           5310      7.25545e+7 
           5330      7.17378e+7 
           5350      7.09287e+7 
           5370      7.01296e+7 
           5390      6.93417e+7 
           5410      6.85635e+7 
           5430      6.77987e+7 
           5450      6.70446e+7 
           5470      6.62996e+7 
           5490      6.55662e+7 
           5510      6.48429e+7 
           5530      6.41296e+7 
           5550      6.34261e+7 
           5570      6.27322e+7 
           5590       6.2049e+7 
           5610      6.13739e+7 
           5630      6.07081e+7 
           5650      6.00513e+7 
           5670      5.94046e+7 
           5690      5.87666e+7 
           5710      5.81361e+7 
           5730      5.75153e+7 
           5750      5.69017e+7 
           5770      5.62974e+7 
           5790      5.57001e+7 
           5810       5.5112e+7 
           5830      5.45305e+7 
           5850       5.3958e+7 
           5870      5.32421e+7 
           5890      5.28323e+7 
           5910      5.22823e+7 
           5930      5.17395e+7 
           5950      5.12007e+7 
           5970      5.06733e+7 
           5990      5.01475e+7 
           6010      4.96349e+7 
           6030      4.91259e+7 
           6050      4.86236e+7 
           6070      4.81278e+7 
           6090      4.76396e+7 
           6110      4.71566e+7 
           6130        4.668e+7 
           6150      4.62046e+7 
           6170      4.57442e+7 
           6190      4.52859e+7 
           6210      4.48335e+7 
           6230      4.43859e+7 
           6250      4.39432e+7 
           6270       4.3508e+7 
           6290      4.30775e+7 
           6310      4.26526e+7 
           6330       4.2233e+7 
           6350      4.17936e+7 
           6370      4.13979e+7 
           6390      4.10045e+7 
           6410       4.0605e+7 
           6430      4.02107e+7 
           6450      3.98177e+7 
           6470       3.9436e+7 
           6490      3.90315e+7 
           6510      3.85449e+7 
           6530      3.79125e+7 
           6550      3.49258e+7 
           6570      2.88275e+7 
           6590      3.64159e+7 
           6610      3.66752e+7 
           6630      3.64586e+7 
           6650      3.61749e+7 
           6670      3.58202e+7 
           6690      3.54852e+7 
           6710      3.51652e+7 
           6730      3.48359e+7 
           6750      3.45107e+7 
           6770      3.41895e+7 
           6790      3.38724e+7 
           6810      3.35584e+7 
           6830      3.32483e+7 
           6850       3.2942e+7 
           6870      3.26387e+7 
           6890      3.23392e+7 
           6910      3.20434e+7 
           6930      3.17505e+7 
           6950      3.14619e+7 
           6970      3.11761e+7 
           6990      3.08939e+7 
           7010      3.06144e+7 
           7030      3.03383e+7 
           7050      3.00656e+7 
           7070      2.97834e+7 
           7090      2.95287e+7 
           7110      2.92652e+7 
           7130      2.90042e+7 
           7150      2.87463e+7 
           7170      2.84916e+7 
           7190      2.82401e+7 
           7210      2.79901e+7 
           7230       2.7744e+7 
           7250      2.75001e+7 
           7270      2.72592e+7 
           7290      2.70191e+7 
           7310      2.67854e+7 
           7330      2.65518e+7 
           7350      2.63217e+7 
           7370      2.60937e+7 
           7390      2.58679e+7 
           7410      2.56447e+7 
           7430      2.54242e+7 
           7450      2.52058e+7 
           7470        2.499e+7 
           7490      2.47768e+7 
           7510      2.45655e+7 
           7530      2.43561e+7 
           7550      2.41499e+7 
           7570      2.39449e+7 
           7590       2.3743e+7 
           7610      2.35423e+7 
           7630      2.33446e+7 
           7650      2.31487e+7 
           7670      2.29545e+7 
           7690      2.27626e+7 
           7710      2.25724e+7 
           7730      2.23852e+7 
           7750      2.21989e+7 
           7770      2.19787e+7 
           7790      2.18331e+7 
           7810      2.16528e+7 
           7830      2.14748e+7 
           7850      2.12982e+7 
           7870      2.11214e+7 
           7890      2.09454e+7 
           7910      2.07801e+7 
           7930      2.06107e+7 
           7950      2.04433e+7 
           7970       2.0278e+7 
           7990      2.01111e+7 
           8010      1.99515e+7 
           8030      1.97909e+7 
           8050      1.96316e+7 
           8070      1.94743e+7 
           8090      1.93182e+7 
           8110      1.91641e+7 
           8130      1.90112e+7 
           8150      1.88602e+7 
           8170      1.87104e+7 
           8190      1.85618e+7 
           8210       1.8533e+7 
           8230      1.83952e+7 
           8250       1.8264e+7 
           8270      1.81328e+7 
           8290      1.79999e+7 
           8310      1.78616e+7 
           8330      1.77091e+7 
           8350      1.75477e+7 
           8370      1.73321e+7 
           8390      1.71426e+7 
           8410      1.69248e+7 
           8430      1.69024e+7 
           8450      1.68499e+7 
           8470       1.6093e+7 
           8490      1.70641e+7 
           8510      1.57293e+7 
           8530      1.72136e+7 
           8550      1.50161e+7 
           8570      1.74344e+7 
           8590      1.60294e+7 
           8610      1.55525e+7 
           8630      1.76743e+7 
           8650      1.70832e+7 
           8670      1.39818e+7 
           8690      1.75129e+7 
           8710      1.78626e+7 
           8730      1.73138e+7 
           8750      1.35335e+7 
           8770      1.64998e+7 
           8790      1.73981e+7 
           8810      1.73517e+7 
           8830      1.70983e+7 
           8850      1.56925e+7 
           8870      1.31358e+7 
           8890      1.64192e+7 
           8910      1.66858e+7 
           8930      1.66173e+7 
           8950      1.64933e+7 
           8970      1.63159e+7 
           8990      1.58965e+7 
           9010      1.29108e+7 
           9030      1.41556e+7 
           9050      1.56786e+7 
           9070      1.57291e+7 
           9090      1.56481e+7 
           9110      1.55672e+7 
           9130      1.54494e+7 
           9150      1.53171e+7 
           9170      1.51644e+7 
           9190      1.49673e+7 
           9210       1.4333e+7 
           9230       1.1294e+7 
           9250      1.38667e+7 
           9270      1.44786e+7 
           9290      1.44923e+7 
           9310      1.44248e+7 
           9330      1.43293e+7 
           9350      1.42233e+7 
           9370      1.41176e+7 
           9390       1.4013e+7 
           9410      1.39072e+7 
           9430      1.38071e+7 
           9450      1.37053e+7 
           9470      1.35899e+7 
           9490      1.34528e+7 
           9510      1.32563e+7 
           9530      1.25101e+7 
           9550      1.01256e+7 
           9570      1.25316e+7 
           9590      1.29009e+7 
           9610      1.28823e+7 
           9630      1.28216e+7 
           9650      1.27394e+7 
           9670      1.26472e+7 
           9690       1.2557e+7 
           9710      1.24665e+7 
           9730      1.23775e+7 
           9750      1.22888e+7 
           9770       1.2201e+7 
           9790      1.21139e+7 
           9810      1.20277e+7 
           9830      1.19422e+7 
           9850      1.18576e+7 
           9870      1.17737e+7 
           9890      1.16899e+7 
           9910      1.16082e+7 
           9930      1.15264e+7 
           9950      1.14451e+7 
           9970      1.13556e+7 
           9990      1.12449e+7 
          10025      1.05217e+7 
          10075       1.0032e+7 
          10125      1.07408e+7 
          10175      1.05813e+7 
          10225      1.04006e+7 
          10275       1.0224e+7 
          10325      1.00507e+7 
          10375      9.88122e+6 
          10425      9.71525e+6 
          10475      9.55268e+6 
          10525      9.39378e+6 
          10575      9.23812e+6 
          10625      9.08531e+6 
          10675      8.93527e+6 
          10725       8.7896e+6 
          10775      8.64623e+6 
          10825      8.49903e+6 
          10875      8.32932e+6 
          10925      7.33128e+6 
          10975      7.84325e+6 
          11025      7.95792e+6 
          11075      7.84538e+6 
          11125      7.72114e+6 
          11175      7.59941e+6 
          11225      7.47984e+6 
          11275      7.36178e+6 
          11325      7.24757e+6 
          11375      7.13567e+6 
          11425      7.02515e+6 
          11475      6.91714e+6 
          11525      6.81074e+6 
          11575      6.70675e+6 
          11625      6.60458e+6 
          11675      6.50446e+6 
          11725      6.40608e+6 
          11775      6.30941e+6 
          11825      6.21494e+6 
          11875      6.12238e+6 
          11925      6.03114e+6 
          11975      5.94148e+6 
          12025      5.85413e+6 
          12075      5.76777e+6 
          12125       5.6834e+6 
          12175      5.60021e+6 
          12225      5.51896e+6 
          12275      5.43883e+6 
          12325      5.36032e+6 
          12375      5.28314e+6 
          12425      5.20728e+6 
          12475      5.13294e+6 
          12525      5.05986e+6 
          12575      4.98802e+6 
          12625      4.91762e+6 
          12675      4.84842e+6 
          12725      4.77433e+6 
          12775      4.65024e+6 
          12825        4.131e+6 
          12875      4.54192e+6 
          12925      4.51699e+6 
          12975      4.45763e+6 
          13025      4.39638e+6 
          13075      4.33638e+6 
          13125      4.27716e+6 
          13175      4.21893e+6 
          13225      4.16189e+6 
          13275      4.10558e+6 
          13325      4.05043e+6 
          13375      3.99619e+6 
          13425      3.94265e+6 
          13475      3.89021e+6 
          13525      3.83864e+6 
          13575      3.78772e+6 
          13625      3.73786e+6 
          13675      3.68882e+6 
          13725      3.64039e+6 
          13775      3.59296e+6 
          13825      3.54613e+6 
          13875      3.50027e+6 
          13925      3.45497e+6 
          13975      3.41042e+6 
          14025      3.36661e+6 
          14075      3.32353e+6 
          14125      3.28116e+6 
          14175      3.23949e+6 
          14225      3.19833e+6 
          14275      3.15803e+6 
          14325      3.11821e+6 
          14375      3.07906e+6 
          14425      3.04055e+6 
          14475      3.00268e+6 
          14525      2.96526e+6 
          14570      2.93206e+6 
          14620      2.90323e+6 
          14675      2.86489e+6 
          14725      2.83052e+6 
          14775      2.79673e+6 
          14825      2.76333e+6 
          14875      2.73014e+6 
          14925      2.69716e+6 
          14975      2.66423e+6 
          15025      2.63084e+6 
          15075      2.59717e+6 
          15125       2.5634e+6 
          15175      2.53132e+6 
          15225      2.50822e+6 
          15275      2.46034e+6 
          15325      2.43004e+6 
          15375      2.42238e+6 
          15425      2.35287e+6 
          15475      2.37088e+6 
          15525      2.34892e+6 
          15575      2.24114e+6 
          15625      2.32836e+6 
          15675      2.24622e+6 
          15725      2.16172e+6 
          15775      2.26234e+6 
          15825      2.23483e+6 
          15875      2.03077e+6 
          15925      2.16095e+6 
          15975      2.17903e+6 
          16050      2.12054e+6 
          16150      1.99369e+6 
          16250      2.06325e+6 
          16350      1.98115e+6 
          16450       1.8647e+6 
          16550      1.92984e+6 
          16650      1.88839e+6 
          16750      1.81018e+6 
          16850      1.70676e+6 
          16950      1.76601e+6 
          17050       1.7289e+6 
          17150      1.69176e+6 
          17250       1.6527e+6 
          17350      1.51169e+6 
          17450      1.57545e+6 
          17550      1.55253e+6 
          17650      1.51999e+6 
          17750      1.48832e+6 
          17850      1.45751e+6 
          17950       1.4274e+6 
          18050      1.39648e+6 
          18150      1.28644e+6 
          18250      1.32577e+6 
          18350       1.3146e+6 
          18450      1.28822e+6 
          18550      1.26243e+6 
          18650      1.23409e+6 
          18750      1.13856e+6 
          18850       1.1843e+6 
          18950      1.16564e+6 
          19050      1.14295e+6 
          19150      1.12067e+6 
          19250      1.09909e+6 
          19350      1.07388e+6 
          19450          989488 
          19550      1.03319e+6 
          19650      1.01753e+6 
          19750          998366 
          19850          979632 
          19950          961317 
          20050          943411 
          20150          925979 
          20250          908928 
          20350          892257 
          20450          875976 
          20550          860058 
          20650          844513 
          20750          829314 
          20850          814454 
          20950          799925 
          21050          785728 
          21150          771831 
          21250          758252 
          21350          744967 
          21450          731961 
          21550          717080 
          21650          664264 
          21750          690112 
          21850          682737 
          21950          671096 
          22050          659692 
          22150          648527 
          22250          637597 
          22350          626896 
          22450          616428 
          22550          606172 
          22650          596124 
          22750          586288 
          22850          577271 
          22950          567902 
          23050          558724 
          23150          549739 
          23250          540922 
          23350          532285 
          23450          523802 
          23550          515477 
          23650          507274 
          23750          499225 
          23850          491305 
          23950          483507 
          24050          475730 
          24150          467916 
          24250          461393 
          24350          453450 
          24450          445835 
          24550          440466 
          24650          432262 
          24750          425793 
          24850          422312 
          24950          408246 
          25050          409922 
          25150          404143 
          25250          387459 
          25350          391706 
          25450          387413 
          25550          380404 
          25650          361749 
          25750          370075 
          25850          365763 
          25950          360398 
          26050          351785 
          26150          333487 
          26250          324177 
          26350          337939 
          26450          335695 
          26550          331119 
          26650          324867 
          26750          303642 
          26850          315656 
          26950          313406 
          27050          309028 
          27150          304701 
          27250          300450 
          27350          296268 
          27450          291308 
          27550          273443 
          27650          278712 
          27750          279995 
          27850          276429 
          27950          272665 
          28050          268967 
          28150          265324 
          28250          261750 
          28350          258228 
          28450          254769 
          28550          251203 
          28650          244849 
          28750          230948 
          28850          240511 
          28950          238317 
          29050          235193 
          29150          232115 
          29250          229090 
          29350          226110 
          29450          223179 
          29550          220299 
          29650          217461 
          29750          214670 
          29850          211927 
          29950          209225 
          30050          206562 
          30150          203943 
          30250          200884 
          30350          190331 
          30450          191265 
          30550          193604 
          30650          191464 
          30750          189089 
          30850          186745 
          30950          184439 
          31050          182167 
          31150          179931 
          31250          177729 
          31350          175562 
          31450          173426 
          31550          171322 
          31650          169252 
          31750          167212 
          31850          165202 
          31950          163221 
          32100          160310 
          32300          156525 
          32500          152853 
          32700          149256 
          32900          140987 
          33100          141217 
          33300          138908 
          33500          135794 
          33700          132740 
          33900          129766 
          34100          126875 
          34300          124061 
          34500          121323 
          34700          118658 
          34900          116058 
          35100          113541 
          35300          111088 
          35500          108668 
          35700          106301 
          35900          104184 
          36100          101767 
          36300         99868.2 
          36500         97436.4 
          36700         95817.9 
          36900         93227.1 
          37100           91847 
          37300         88749.9 
          37500         85796.5 
          37700         86402.1 
          37900         84747.8 
          38100         82318.8 
          38300         80839.8 
          38500         79816.6 
          38700         78256.7 
          38900         76577.7 
          39100           73719 
          39300         73714.6 
          39500         72477.4 
          39700         71077.3 
          39900         69663.7 
          40100         67485.2 
          40300         65784.8 
          40500         63949.3 
          40700         64404.9 
          40900         63323.9 
          41100         62135.9 
          41300         60976.8 
          41500         59740.8 
          41700           56942 
          41900         57517.6 
          42100         56598.4 
          42300         55567.5 
          42500         54557.7 
          42700         53572.6 
          42900         52609.6 
          43100         51666.2 
          43300         50743.9 
          43500         49822.5 
          43700         47641.3 
          43900         47720.4 
          44100         47257.5 
          44300         46434.4 
          44500           45628 
          44700         44907.6 
          44900         44071.1 
          45100         43316.3 
          45300         42578.5 
          45500         41855.6 
          45700         41147.3 
          45900         40449.8 
          46100         39762.7 
          46300         39040.4 
          46500         37302.7 
          46700           36590 
          46900         37042.5 
          47100           36574 
          47300         35989.2 
          47500           35408 
          47700         34836.8 
          47900           34274 
          48100         33722.5 
          48300         33183.8 
          48500         32649.6 
          48700         32134.2 
          48900         31621.4 
          49100         31125.2 
          49300         30628.3 
          49500           30163 
          49700         29667.5 
          49900           29232 
          50100         28773.9 
          50300         28299.9 
          50500         27904.8 
          50700         27472.6 
          50900         26986.6 
          51100         26550.7 
          51300         25453.7 
          51500         25783.4 
          51700         25365.8 
          51900         25078.4 
          52100         24765.5 
          52300         24393.2 
          52500         23946.7 
          52700         23522.4 
          52900           23314 
          53100         22991.7 
          53300         22656.4 
          53500         22318.8 
          53700         21853.7 
          53900         21545.3 
          54100         21370.8 
          54300         21069.3 
          54500         20767.8 
          54700         20472.7 
          54900         20182.6 
          55100         19814.2 
          55300         19364.4 
          55500         19324.2 
          55700         19072.7 
          55900         18806.3 
          56100         18545.5 
          56300         18289.2 
          56500         18037.2 
          56700         17789.5 
          56900         17512.2 
          57100         16987.7 
          57300         17018.5 
          57500         16839.9 
          57700         16612.4 
          57900         16388.9 
          58100         16169.1 
          58300         15945.3 
          58500         15731.9 
          58700         15517.7 
          58900         15256.1 
          59100         14673.1 
          59300         14865.7 
          59500         14437.1 
          59700         14414.5 
          59900         14335.2 
          60100         14157.6 
          60300           13983 
          60500         13824.8 
          60700           13647 
          60900         13472.1 
          61100         13299.3 
          61300         13130.5 
          61500         12963.5 
          61700         12799.5 
          61900         12638.2 
          62100         12478.8 
          62300         12323.1 
          62500         12150.8 
          62700         11962.3 
          62900         11539.7 
          63100         11646.5 
          63300         11555.1 
          63500         11433.9 
          63700         11293.5 
          63900         11155.5 
          64200         10952.8 
          64600         10688.5 
          65000         10432.5 
          65400         10184.6 
          65800          9943.7 
          66200         9709.57 
          66600         9482.87 
          67000          9259.2 
          67400         9017.77 
          67800         8689.58 
          68200         8622.78 
          68600         8442.46 
          69000         8251.49 
          69400         8051.83 
          69800         7886.35 
          70200         7711.12 
          70600         7539.33 
          71000         7356.35 
          71400            7214 
          71800         7057.34 
          72200         6904.77 
          72600         6735.34 
          73000         6607.08 
          73400         6471.35 
          73800         6334.37 
          74200         6188.25 
          74600         5963.46 
          75000         5786.76 
          75400         5797.56 
          75800         5701.52 
          76200         5585.76 
          76600         5471.97 
          77000         5361.07 
          77400         5249.39 
          77800         5105.93 
          78200         5041.32 
          78600         4944.53 
          79000         4846.78 
          79400          4751.4 
          79800         4658.39 
          80200         4567.64 
          80600          4479.1 
          81000         4392.65 
          81400         4269.87 
          81800         4211.44 
          82200         4145.63 
          82600         4067.14 
          83000         3990.52 
          83400         3915.72 
          83800         3842.65 
          84200         3771.26 
          84600         3701.52 
          85000         3633.39 
          85400         3566.79 
          85800         3501.73 
          86200         3435.94 
          86600         3330.23 
          87000         3308.49 
          87400         3223.58 
          87800          3167.2 
          88200         3141.01 
          88600         3085.45 
          89000          3031.2 
          89400         2978.11 
          89800         2926.13 
          90200         2875.28 
          90600         2825.53 
          91000         2776.91 
          91400         2729.29 
          91800         2682.67 
          92200         2637.02 
          92600         2588.15 
          93000         2548.68 
          93400         2504.92 
          93800         2429.35 
          94200         2413.31 
          94600          2382.8 
          95000         2341.02 
          95400         2301.69 
          95800          2267.2 
          96200         2230.23 
          96600         2193.99 
          97000         2158.52 
          97400         2123.75 
          97800         2089.63 
          98200          2054.2 
          98600          2018.2 
          99000         1991.43 
          99400         1959.99 
          99800         1929.14 
         100200         1898.91 
         200000         122.484 
         400000         7.71071 
         600000         1.52199 
         800000        0.480365 
         1.0e+6        0.196201 
         1.2e+6       0.0943655 
         1.4e+6       0.0508162 
         1.6e+6       0.0297263 
