# Kurucz ODFNEW /NOVER (2003)
# teff = 4750 K (value for the effective temperature for the model. Temperatures are given in K)
# logg = 3 log(cm/s2) (value for Log(G) for the model.)
# meta = -1.5  (value for the Metallicity for the model.)
# lh = 1.25  (l/Hp where l is the  mixing length of the convective element and Hp is the pressure scale height)
# vtur = 2 km/s (Microturbulence velocity)
# alpha = 0  (Alpha)
#
# column 1: WAVELENGTH (ANGSTROM), Wavelength in Angstrom
# column 2: FLUX (ERG/CM2/S/A), Flux in erg/cm2/s/A
          147.2    8.60357e-126 
            151    2.31084e-122 
          155.2    9.03808e-119 
          158.8    7.61274e-116 
            162     2.3519e-113 
            166    2.22338e-110 
          170.3    2.44207e-107 
          173.4    3.05392e-105 
          176.8    5.00201e-103 
          180.2     6.7401e-101 
          181.7    5.52584e-100 
          186.1     2.17141e-97 
            191     1.21009e-94 
          193.9     4.37239e-93 
          198.4     9.26239e-91 
          201.8     4.51864e-89 
            205     1.55793e-87 
          210.5     5.27554e-85 
          216.2     1.60678e-82 
          219.8     5.09417e-81 
            223      9.9794e-80 
          226.8     3.05979e-78 
            230     5.00281e-77 
            234     1.47063e-75 
            240     1.89006e-73 
          246.5     2.77533e-71 
          252.4     2.04947e-69 
          256.8     4.44555e-68 
            260      3.8972e-67 
            264     5.45073e-66 
          268.5     9.61573e-65 
          273.5     2.08283e-63 
          278.5      4.0354e-62 
            284     9.28652e-61 
            290     2.47208e-59 
            296     5.73247e-58 
            301     7.14655e-57 
            308     2.12121e-55 
            318     2.06258e-53 
            328     1.50539e-51 
            338     8.45303e-50 
            348     3.74135e-48 
            357     9.38978e-47 
            366     2.00416e-45 
            375     3.67152e-44 
            385     7.88076e-43 
            395     1.43943e-41 
            405     2.26637e-40 
            414     2.40792e-39 
            422     1.80131e-38 
            430     1.24671e-37 
            441     1.58234e-36 
            451     1.42451e-35 
            460     9.45634e-35 
            470     7.09186e-34 
            480     4.87018e-33 
            490     3.08225e-32 
            500     1.80423e-31 
            506     6.71279e-31 
            512     2.04314e-30 
            520     7.44082e-30 
            530     3.55553e-29 
            540     1.57629e-28 
            550      6.6739e-28 
            560     2.66245e-27 
            570     1.00899e-26 
            580     3.60457e-26 
            590     1.25573e-25 
            600     4.14402e-25 
            610     1.31192e-24 
            620     3.99212e-24 
            630     1.17005e-23 
            640     3.31064e-23 
            650     9.05399e-23 
            658     1.97786e-22 
            665      3.8544e-22 
            675     9.74515e-22 
            685     2.39337e-21 
            695     5.71772e-21 
            705     1.33016e-20 
            716     3.27049e-20 
            726      7.2233e-20 
            735     1.44527e-19 
            745      3.0585e-19 
            755     6.33552e-19 
            765     1.28567e-18 
            775     2.55803e-18 
            785     4.99406e-18 
            795     9.57105e-18 
            805     1.80329e-17 
            815     3.34036e-17 
            825     6.08856e-17 
            835     1.09265e-16 
            845      1.9317e-16 
            855     3.36566e-16 
            865     5.78217e-16 
            875     9.79927e-16 
            885     1.63967e-15 
            895     2.70912e-15 
            905     4.42075e-15 
            915     3.52334e-10 
            925      1.35255e-9 
            935      1.75664e-9 
            945      2.37476e-9 
            955       3.8888e-9 
            965      5.90647e-9 
            975      4.92398e-9 
            985      1.46436e-8 
            995      2.22337e-8 
           1005      2.53958e-8 
           1015      2.29451e-8 
           1025      3.72812e-8 
           1035      6.71218e-8 
           1045      1.23825e-7 
           1055      1.62796e-7 
           1065      3.07561e-7 
           1075      3.93445e-7 
           1085      6.54654e-7 
           1095      8.09684e-7 
           1105      1.17163e-6 
           1115      1.57337e-6 
           1125      2.69796e-6 
           1135      4.04124e-6 
           1145      5.57411e-6 
           1155      6.76999e-6 
           1165      7.97468e-6 
           1175      9.91578e-6 
           1185      1.24513e-5 
           1195      8.84745e-6 
           1205      9.56025e-6 
           1215      4.08087e-6 
           1225      1.65963e-5 
           1235      2.71378e-5 
           1245      4.91539e-5 
           1255      7.80978e-5 
           1265     0.000111936 
           1275     0.000149897 
           1285     0.000193466 
           1295     0.000239423 
           1305     0.000314077 
           1315     0.000391865 
           1325      0.00046333 
           1335     0.000549486 
           1345     0.000682227 
           1355     0.000864004 
           1365      0.00101118 
           1375      0.00120852 
           1385      0.00144264 
           1395      0.00172656 
           1405      0.00216912 
           1415      0.00265882 
           1425      0.00313665 
           1435      0.00388232 
           1442      0.00483684 
           1447      0.00479141 
           1455       0.0056555 
           1465      0.00702265 
           1475      0.00767632 
           1485      0.00933698 
           1495       0.0121258 
           1505       0.0150319 
           1512       0.0140624 
           1517        0.017829 
           1525       0.0299553 
           1535        0.217798 
           1545        0.202898 
           1555        0.384562 
           1565         0.36439 
           1575        0.739753 
           1585         0.92115 
           1595         1.10679 
           1605         1.23692 
           1615         1.60573 
           1625         2.02359 
           1635         2.55839 
           1645         4.29351 
           1655           2.898 
           1665          5.7505 
           1672          3.9646 
           1677         6.69809 
           1685         11.9129 
           1695         18.8914 
           1705         22.5777 
           1715         20.1838 
           1725         28.5292 
           1735         34.1472 
           1745         47.9018 
           1755         63.4074 
           1765         65.3563 
           1775         67.9904 
           1785         92.8148 
           1795         103.229 
           1805         122.083 
           1815         123.532 
           1825         150.901 
           1835         174.501 
           1845         137.255 
           1855          192.02 
           1865         226.294 
           1875         254.137 
           1885         282.863 
           1895         367.348 
           1905         364.924 
           1915         434.008 
           1925         487.134 
           1935         408.471 
           1945         598.182 
           1955          646.32 
           1967         828.766 
           1976         846.175 
           1984         899.823 
           1995         992.742 
           2005         1025.78 
           2015         1195.08 
           2025          998.64 
           2035         1444.61 
           2045         1760.76 
           2055         1871.95 
           2065         1958.64 
           2074         2163.61 
           2078         2882.47 
           2085         3330.77 
           2095         5628.59 
           2105         7870.63 
           2115           10620 
           2125         8643.14 
           2135         10266.6 
           2145           14884 
           2155           15061 
           2165         13272.9 
           2175         14612.5 
           2185         21325.2 
           2195           22893 
           2205         23081.7 
           2215         16123.5 
           2225         26382.2 
           2235         39750.5 
           2245         39197.6 
           2255         27414.8 
           2265         23206.4 
           2275         27805.5 
           2285         43265.4 
           2295         33915.5 
           2305         44570.6 
           2315         39015.4 
           2325           37325 
           2335         30242.1 
           2345           18402 
           2355         46271.1 
           2365         21381.7 
           2375         32848.6 
           2385         14262.6 
           2395         21502.9 
           2405         22212.2 
           2415         33125.3 
           2425           75498 
           2435         78805.8 
           2445          102816 
           2455          104367 
           2465           85319 
           2475         67939.7 
           2485         16506.6 
           2495         45697.5 
           2505           69414 
           2513         24308.1 
           2518         11761.8 
           2525         14888.7 
           2535         44797.3 
           2545         60734.8 
           2555          133263 
           2565          105588 
           2575          137240 
           2585          114532 
           2595         95530.3 
           2605         66923.9 
           2615         60220.7 
           2625         90778.6 
           2635          201766 
           2645          283111 
           2655          390340 
           2665          285005 
           2675          314451 
           2685          350511 
           2695          251458 
           2705          317282 
           2715          207795 
           2725          152881 
           2735          217837 
           2745          116463 
           2755          179529 
           2765          254335 
           2775          259002 
           2785          116212 
           2795         31867.6 
           2805         42193.3 
           2815          183562 
           2825          300718 
           2835          250129 
           2845          115620 
           2855         42775.4 
           2865          203258 
           2875          345366 
           2885          332697 
           2895          429419 
           2910          560149 
           2930          530938 
           2950          492248 
           2970          482523 
           2990          509801 
           3010          502384 
           3030          552441 
           3050          598110 
           3070          592421 
           3090          537035 
           3110          624760 
           3130          543739 
           3150          518404 
           3170          609469 
           3190          563867 
           3210          634079 
           3230          597616 
           3250          839095 
           3270          992689 
           3290          978325 
           3310          877824 
           3330          881206 
           3350          819489 
           3370          532441 
           3390          696511 
           3410          760580 
           3430          912164 
           3450          910829 
           3470          989279 
           3490      1.10253e+6 
           3510      1.20127e+6 
           3530      1.11759e+6 
           3550      1.33333e+6 
           3570      1.02884e+6 
           3590      1.02007e+6 
           3610      1.18276e+6 
           3630       1.1798e+6 
           3640      1.22243e+6 
           3650      1.31788e+6 
           3670      1.39743e+6 
           3690       1.3531e+6 
           3710      1.44374e+6 
           3730      1.01855e+6 
           3750      1.17558e+6 
           3770       1.4752e+6 
           3790      1.51302e+6 
           3810      1.47805e+6 
           3830      1.01152e+6 
           3850      1.25891e+6 
           3870      1.13103e+6 
           3890      1.26898e+6 
           3910      1.48527e+6 
           3930          816419 
           3950      1.50057e+6 
           3970      1.04888e+6 
           3990      1.90881e+6 
           4010      2.05654e+6 
           4030      1.98577e+6 
           4050      1.96274e+6 
           4070      1.92507e+6 
           4090      2.17544e+6 
           4110      2.14238e+6 
           4130      2.10335e+6 
           4150      2.02195e+6 
           4170      2.11257e+6 
           4190      1.99483e+6 
           4210      2.00588e+6 
           4230      1.96868e+6 
           4250      1.90132e+6 
           4270      1.76132e+6 
           4290      1.56418e+6 
           4310      1.24913e+6 
           4330      2.02803e+6 
           4350      1.92443e+6 
           4370      2.00192e+6 
           4390      1.89048e+6 
           4410      2.14088e+6 
           4430      2.45792e+6 
           4450      2.44272e+6 
           4470      2.56006e+6 
           4490      2.64419e+6 
           4510      2.78508e+6 
           4530      2.62102e+6 
           4550      2.70685e+6 
           4570      2.82535e+6 
           4590      2.76466e+6 
           4610      2.81535e+6 
           4630      2.83801e+6 
           4650      2.83629e+6 
           4670         2.91e+6 
           4690      2.90167e+6 
           4710      2.87233e+6 
           4730      2.91595e+6 
           4750      2.93135e+6 
           4770      2.92056e+6 
           4790      2.91166e+6 
           4810      2.93781e+6 
           4830      2.90643e+6 
           4850      2.88843e+6 
           4870      2.76754e+6 
           4890       2.8984e+6 
           4910      2.91594e+6 
           4930      2.87249e+6 
           4950      2.93665e+6 
           4970      3.01007e+6 
           4990      2.88552e+6 
           5010      2.80715e+6 
           5030      2.92692e+6 
           5050      2.89329e+6 
           5070       2.9775e+6 
           5090      2.91198e+6 
           5110      2.92082e+6 
           5130      2.90096e+6 
           5150      2.82719e+6 
           5170      2.67555e+6 
           5190       2.7463e+6 
           5210      2.83018e+6 
           5230      2.92771e+6 
           5250      3.00085e+6 
           5270      2.82145e+6 
           5290      3.00868e+6 
           5310      3.06877e+6 
           5330      2.91595e+6 
           5350       3.0295e+6 
           5370      3.01272e+6 
           5390      2.99922e+6 
           5410      2.96821e+6 
           5430      2.97615e+6 
           5450      3.01358e+6 
           5470      3.02596e+6 
           5490       3.0482e+6 
           5510      3.02909e+6 
           5530      3.05896e+6 
           5550      3.08722e+6 
           5570       3.0255e+6 
           5590      3.00317e+6 
           5610      3.02884e+6 
           5630      3.07059e+6 
           5650      3.07685e+6 
           5670      3.03925e+6 
           5690      3.07215e+6 
           5710      3.01311e+6 
           5730      3.09538e+6 
           5750      3.07149e+6 
           5770      3.07818e+6 
           5790      3.05381e+6 
           5810      3.07344e+6 
           5830      3.08354e+6 
           5850       3.0506e+6 
           5870      3.05598e+6 
           5890       2.9233e+6 
           5910      3.04334e+6 
           5930      3.04373e+6 
           5950      3.04299e+6 
           5970      3.04314e+6 
           5990      3.03903e+6 
           6010      3.01247e+6 
           6030      3.01884e+6 
           6050      3.03998e+6 
           6070      3.01977e+6 
           6090      3.01054e+6 
           6110       2.9948e+6 
           6130      2.93107e+6 
           6150      2.97429e+6 
           6170      2.91862e+6 
           6190      2.96931e+6 
           6210      2.97424e+6 
           6230      2.93984e+6 
           6250      2.90225e+6 
           6270       2.9518e+6 
           6290      2.95439e+6 
           6310      2.91819e+6 
           6330      2.92714e+6 
           6350      2.94395e+6 
           6370      2.94239e+6 
           6390      2.92483e+6 
           6410       2.8913e+6 
           6430      2.90158e+6 
           6450      2.89584e+6 
           6470      2.88535e+6 
           6490      2.85095e+6 
           6510      2.89667e+6 
           6530      2.90607e+6 
           6550      2.87307e+6 
           6570      2.72618e+6 
           6590      2.86198e+6 
           6610      2.87616e+6 
           6630      2.87375e+6 
           6650      2.86118e+6 
           6670      2.83871e+6 
           6690      2.86267e+6 
           6710      2.83776e+6 
           6730      2.84904e+6 
           6750      2.82953e+6 
           6770      2.82583e+6 
           6790      2.82563e+6 
           6810       2.8132e+6 
           6830      2.81726e+6 
           6850      2.79561e+6 
           6870      2.79189e+6 
           6890      2.79745e+6 
           6910      2.78507e+6 
           6930      2.77992e+6 
           6950      2.76496e+6 
           6970      2.76718e+6 
           6990      2.75507e+6 
           7010      2.73883e+6 
           7030       2.7418e+6 
           7050      2.73839e+6 
           7070      2.72759e+6 
           7090      2.71964e+6 
           7110      2.71703e+6 
           7130      2.69485e+6 
           7150      2.68281e+6 
           7170      2.68927e+6 
           7190      2.65458e+6 
           7210       2.6606e+6 
           7230      2.67098e+6 
           7250      2.66629e+6 
           7270      2.65927e+6 
           7290      2.63733e+6 
           7310      2.64139e+6 
           7330      2.63015e+6 
           7350      2.63015e+6 
           7370       2.6299e+6 
           7390        2.607e+6 
           7410      2.58498e+6 
           7430      2.59443e+6 
           7450      2.59022e+6 
           7470      2.58953e+6 
           7490      2.57465e+6 
           7510      2.56964e+6 
           7530      2.56796e+6 
           7550      2.56707e+6 
           7570      2.55576e+6 
           7590      2.54374e+6 
           7610       2.5419e+6 
           7630      2.53649e+6 
           7650      2.53239e+6 
           7670      2.49717e+6 
           7690      2.51962e+6 
           7710      2.49154e+6 
           7730      2.49537e+6 
           7750      2.47906e+6 
           7770      2.49365e+6 
           7790      2.47825e+6 
           7810      2.47836e+6 
           7830      2.46031e+6 
           7850      2.45812e+6 
           7870      2.45677e+6 
           7890      2.44518e+6 
           7910      2.42837e+6 
           7930      2.41153e+6 
           7950      2.40269e+6 
           7970      2.41597e+6 
           7990      2.40843e+6 
           8010      2.39325e+6 
           8030      2.39227e+6 
           8050      2.37348e+6 
           8070      2.37798e+6 
           8090      2.35818e+6 
           8110      2.36146e+6 
           8130      2.35778e+6 
           8150      2.35059e+6 
           8170      2.34389e+6 
           8190      2.31291e+6 
           8210      2.31909e+6 
           8230      2.30656e+6 
           8250      2.31349e+6 
           8270      2.31277e+6 
           8290      2.30366e+6 
           8310      2.29002e+6 
           8330      2.26438e+6 
           8350      2.27877e+6 
           8370      2.27102e+6 
           8390      2.23612e+6 
           8410      2.25953e+6 
           8430      2.23568e+6 
           8450      2.24753e+6 
           8470      2.22574e+6 
           8490      2.21877e+6 
           8510      2.14478e+6 
           8530      2.20583e+6 
           8550      2.00752e+6 
           8570      2.20944e+6 
           8590      2.19488e+6 
           8610      2.18459e+6 
           8630      2.18637e+6 
           8650      2.17672e+6 
           8670      1.99779e+6 
           8690      2.14076e+6 
           8710      2.15994e+6 
           8730       2.1555e+6 
           8750      2.13522e+6 
           8770      2.14435e+6 
           8790       2.1328e+6 
           8810      2.10619e+6 
           8830      2.10589e+6 
           8850      2.10999e+6 
           8870      2.09264e+6 
           8890      2.10668e+6 
           8910      2.10141e+6 
           8930      2.08965e+6 
           8950      2.07736e+6 
           8970      2.07705e+6 
           8990      2.07401e+6 
           9010      2.03363e+6 
           9030      2.05836e+6 
           9050      2.05677e+6 
           9070      2.04721e+6 
           9090      2.01933e+6 
           9110      2.02695e+6 
           9130      2.02531e+6 
           9150      2.01287e+6 
           9170      2.00235e+6 
           9190      1.99788e+6 
           9210      1.98184e+6 
           9230      1.97326e+6 
           9250      1.96839e+6 
           9270      1.97157e+6 
           9290       1.9644e+6 
           9310      1.96384e+6 
           9330       1.9582e+6 
           9350      1.94935e+6 
           9370      1.93825e+6 
           9390      1.93757e+6 
           9410      1.91538e+6 
           9430      1.92349e+6 
           9450      1.91325e+6 
           9470      1.91421e+6 
           9490      1.90904e+6 
           9510      1.90501e+6 
           9530       1.8964e+6 
           9550      1.88293e+6 
           9570       1.8847e+6 
           9590      1.88229e+6 
           9610      1.87496e+6 
           9630      1.86775e+6 
           9650      1.85301e+6 
           9670      1.85087e+6 
           9690      1.85295e+6 
           9710      1.84453e+6 
           9730      1.83902e+6 
           9750       1.8299e+6 
           9770      1.82885e+6 
           9790       1.8182e+6 
           9810      1.82035e+6 
           9830      1.81509e+6 
           9850      1.81033e+6 
           9870      1.80223e+6 
           9890      1.79756e+6 
           9910      1.79181e+6 
           9930      1.78892e+6 
           9950      1.78314e+6 
           9970      1.77834e+6 
           9990      1.77282e+6 
          10025      1.76207e+6 
          10075      1.74496e+6 
          10125      1.73468e+6 
          10175       1.7192e+6 
          10225       1.7074e+6 
          10275      1.69646e+6 
          10325      1.67586e+6 
          10375      1.66514e+6 
          10425       1.6577e+6 
          10475      1.64239e+6 
          10525       1.6325e+6 
          10575      1.61623e+6 
          10625      1.60268e+6 
          10675      1.58701e+6 
          10725      1.58113e+6 
          10775      1.56288e+6 
          10825      1.54565e+6 
          10875      1.53794e+6 
          10925        1.525e+6 
          10975      1.50635e+6 
          11025      1.49718e+6 
          11075       1.4902e+6 
          11125      1.47772e+6 
          11175       1.4686e+6 
          11225      1.46096e+6 
          11275      1.44471e+6 
          11325      1.44041e+6 
          11375      1.42635e+6 
          11425      1.41245e+6 
          11475      1.41187e+6 
          11525       1.4031e+6 
          11575      1.38952e+6 
          11625      1.37215e+6 
          11675       1.3688e+6 
          11725      1.36551e+6 
          11775      1.34975e+6 
          11825      1.33782e+6 
          11875      1.32535e+6 
          11925      1.32828e+6 
          11975      1.30187e+6 
          12025      1.30333e+6 
          12075      1.29334e+6 
          12125      1.28941e+6 
          12175      1.28359e+6 
          12225      1.27498e+6 
          12275      1.26451e+6 
          12325      1.25812e+6 
          12375      1.24937e+6 
          12425      1.24126e+6 
          12475      1.23373e+6 
          12525      1.22539e+6 
          12575      1.21764e+6 
          12625      1.20948e+6 
          12675      1.20158e+6 
          12725      1.19487e+6 
          12775      1.18759e+6 
          12825      1.16777e+6 
          12875      1.17199e+6 
          12925      1.16341e+6 
          12975      1.15851e+6 
          13025      1.15126e+6 
          13075      1.14489e+6 
          13125      1.13407e+6 
          13175      1.12704e+6 
          13225      1.12439e+6 
          13275      1.11427e+6 
          13325      1.11012e+6 
          13375       1.1042e+6 
          13425      1.09921e+6 
          13475      1.09277e+6 
          13525      1.08693e+6 
          13575      1.07861e+6 
          13625      1.07192e+6 
          13675      1.06829e+6 
          13725      1.06314e+6 
          13775      1.05718e+6 
          13825      1.05203e+6 
          13875      1.04444e+6 
          13925      1.03921e+6 
          13975      1.03441e+6 
          14025      1.02747e+6 
          14075      1.02334e+6 
          14125      1.01539e+6 
          14175      1.01203e+6 
          14225      1.00336e+6 
          14275          996899 
          14325          996598 
          14375          993233 
          14425          982575 
          14475          984339 
          14525          974985 
          14570          971012 
          14620          968313 
          14675          963429 
          14725          957541 
          14775          954764 
          14825          950426 
          14875          938173 
          14925          944819 
          14975          939326 
          15025          922488 
          15075          922413 
          15125          926963 
          15175          923809 
          15225          917459 
          15275          912964 
          15325          910818 
          15375          905764 
          15425          901881 
          15475          900105 
          15525          894051 
          15575          887590 
          15625          887103 
          15675          880916 
          15725          873069 
          15775          862517 
          15825          866718 
          15875          849965 
          15925          858764 
          15975          853677 
          16050          846156 
          16150          832286 
          16250          825370 
          16350          811387 
          16450          791528 
          16550          783821 
          16650          767843 
          16750          750444 
          16850          730895 
          16950          724368 
          17050          708704 
          17150          693265 
          17250          681212 
          17350          660166 
          17450          655207 
          17550          643395 
          17650          630973 
          17750          619161 
          17850          607501 
          17950          596554 
          18050          584458 
          18150          567743 
          18250          562172 
          18350          552772 
          18450          541041 
          18550          532114 
          18650          521993 
          18750          502092 
          18850          503098 
          18950          491948 
          19050          485489 
          19150          476405 
          19250          468316 
          19350          458739 
          19450          444813 
          19550          442935 
          19650          435453 
          19750          425868 
          19850          419742 
          19950          412687 
          20050          406369 
          20150          399524 
          20250          392097 
          20350          384987 
          20450          379313 
          20550          372588 
          20650          365578 
          20750          360007 
          20850          354005 
          20950          347458 
          21050          342379 
          21150          336614 
          21250          331101 
          21350          325576 
          21450          320386 
          21550          315132 
          21650          306320 
          21750          304545 
          21850          299476 
          21950          295142 
          22050          289504 
          22150          285828 
          22250          280951 
          22350          276557 
          22450          272268 
          22550          267925 
          22650          263589 
          22750          259719 
          22850          255423 
          22950          246014 
          23050          245160 
          23150          242126 
          23250          231907 
          23350          232468 
          23450          230647 
          23550          220772 
          23650          221886 
          23750          219815 
          23850          211312 
          23950          211686 
          24050          209643 
          24150          203085 
          24250          202272 
          24350          200169 
          24450          195535 
          24550          192827 
          24650          191817 
          24750          188044 
          24850          184380 
          24950          183365 
          25050          181262 
          25150          177292 
          25250          175323 
          25350          173497 
          25450          170787 
          25550          168564 
          25650          166216 
          25750          164495 
          25850          161218 
          25950          159900 
          26050          157747 
          26150          155419 
          26250          151761 
          26350          151251 
          26450          149399 
          26550          146704 
          26650          144571 
          26750          143276 
          26850          141756 
          26950          139747 
          27050          137995 
          27150          136162 
          27250          134470 
          27350          132622 
          27450          130937 
          27550          128887 
          27650          127483 
          27750          125891 
          27850          124231 
          27950          122422 
          28050          120746 
          28150          119372 
          28250          117905 
          28350          116442 
          28450          114899 
          28550          113421 
          28650          111946 
          28750          110162 
          28850          109178 
          28950          107804 
          29050          106367 
          29150          105133 
          29250          103623 
          29350          102319 
          29450          101008 
          29550           99890 
          29650         98420.2 
          29750         97410.7 
          29850         96272.9 
          29950         95017.9 
          30050         93643.9 
          30150         92754.4 
          30250         91635.7 
          30350         90120.8 
          30450         88952.9 
          30550         88323.1 
          30650         87214.3 
          30750         86177.9 
          30850         84982.8 
          30950         83931.1 
          31050         83117.8 
          31150         81855.1 
          31250         81150.8 
          31350         79817.4 
          31450         79192.6 
          31550         78123.7 
          31650         77420.2 
          31750         76301.7 
          31850         75403.6 
          31950         74607.6 
          32100         73407.4 
          32300         71493.7 
          32500         70077.9 
          32700         68462.3 
          32900         66560.5 
          33100         65407.8 
          33300         63758.2 
          33500         62465.4 
          33700         61162.3 
          33900         59524.8 
          34100         58446.3 
          34300         57257.6 
          34500         55810.7 
          34700           54775 
          34900         53635.6 
          35100         52380.9 
          35300         51250.8 
          35500         50280.4 
          35700         49103.8 
          35900         48087.6 
          36100         47215.1 
          36300         46158.8 
          36500         45221.7 
          36700         44279.8 
          36900         43383.3 
          37100           42457 
          37300         41623.9 
          37500         40760.4 
          37700         39976.6 
          37900         39251.6 
          38100         38420.1 
          38300         37696.3 
          38500         36952.4 
          38700         36264.6 
          38900         35516.7 
          39100         34848.7 
          39300         34177.8 
          39500         33552.5 
          39700         32911.7 
          39900         32213.5 
          40100         31670.4 
          40300         31064.5 
          40500         30395.6 
          40700         29890.6 
          40900         29387.3 
          41100         28827.7 
          41300         28315.1 
          41500         27789.1 
          41700           27261 
          41900         26799.7 
          42100         26256.6 
          42300         25848.8 
          42500         25370.4 
          42700         24924.7 
          42900         24039.8 
          43100         23340.6 
          43300         23187.8 
          43500         22318.1 
          43700         21863.7 
          43900         21584.8 
          44100         20734.7 
          44300           20546 
          44500         20213.4 
          44700         19474.8 
          44900           19397 
          45100         19010.5 
          45300           18452 
          45500         18313.8 
          45700         18105.1 
          45900           17521 
          46100         17424.5 
          46300         17106.9 
          46500         16923.7 
          46700         16675.4 
          46900         16412.7 
          47100         16160.2 
          47300         16040.7 
          47500         15711.3 
          47700         15478.4 
          47900         15285.7 
          48100         14947.8 
          48300         14870.1 
          48500         14632.4 
          48700         14352.5 
          48900         14157.9 
          49100         13960.6 
          49300           13739 
          49500         13527.2 
          49700         13333.8 
          49900         13164.3 
          50100         12901.1 
          50300         12794.8 
          50500           12535 
          50700         12382.2 
          50900         12245.5 
          51100         12026.2 
          51300         11876.1 
          51500           11693 
          51700         11596.4 
          51900           11366 
          52100         11210.2 
          52300         11047.5 
          52500         10926.9 
          52700         10802.3 
          52900         10581.2 
          53100         10465.6 
          53300         10314.5 
          53500           10190 
          53700         10060.4 
          53900         9926.01 
          54100         9786.85 
          54300         9617.53 
          54500         9526.27 
          54700          9396.8 
          54900         9251.59 
          55100         9145.46 
          55300         9062.92 
          55500         8878.47 
          55700         8818.47 
          55900         8675.07 
          56100          8559.1 
          56300         8439.68 
          56500         8357.62 
          56700          8247.9 
          56900         8112.76 
          57100         8036.73 
          57300         7928.63 
          57500         7825.03 
          57700         7722.68 
          57900         7638.63 
          58100         7525.97 
          58300         7432.97 
          58500            7348 
          58700         7243.35 
          58900         7155.69 
          59100         7067.86 
          59300         6978.81 
          59500          6887.7 
          59700         6812.25 
          59900          6726.3 
          60100         6644.58 
          60300         6559.14 
          60500         6471.58 
          60700         6392.51 
          60900         6316.25 
          61100         6232.69 
          61300         6162.11 
          61500         6086.94 
          61700         6014.49 
          61900         5943.14 
          62100         5869.95 
          62300         5797.28 
          62500          5723.2 
          62700          5655.8 
          62900         5587.22 
          63100         5520.07 
          63300          5457.7 
          63500         5388.34 
          63700         5328.37 
          63900         5259.55 
          64200         5168.65 
          64600         5045.71 
          65000         4927.53 
          65400         4812.66 
          65800          4701.5 
          66200         4591.82 
          66600         4486.46 
          67000         4384.13 
          67400         4283.32 
          67800         4186.46 
          68200         4092.13 
          68600         4000.44 
          69000         3910.83 
          69400          3823.8 
          69800         3739.66 
          70200          3657.1 
          70600         3577.61 
          71000         3499.82 
          71400         3424.14 
          71800         3350.36 
          72200         3278.65 
          72600         3208.81 
          73000         3141.01 
          73400         3074.64 
          73800         3010.34 
          74200         2947.52 
          74600         2884.66 
          75000         2825.91 
          75400         2768.77 
          75800         2712.22 
          76200         2657.08 
          76600         2603.34 
          77000         2550.95 
          77400         2499.93 
          77800         2450.14 
          78200         2401.55 
          78600         2354.18 
          79000         2307.94 
          79400         2262.88 
          79800         2218.89 
          80200         2175.96 
          80600         2134.06 
          81000         2093.23 
          81400          2053.2 
          81800         2014.31 
          82200          1976.3 
          82600         1939.15 
          83000          1902.9 
          83400         1867.41 
          83800         1832.83 
          84200         1799.04 
          84600         1765.96 
          85000         1733.69 
          85400         1702.14 
          85800         1671.31 
          86200         1641.13 
          86600         1611.69 
          87000         1582.92 
          87400         1554.66 
          87800         1527.13 
          88200         1500.24 
          88600         1473.81 
          89000         1448.04 
          89400          1422.9 
          89800          1398.2 
          90200         1374.11 
          90600         1350.53 
          91000         1327.36 
          91400         1304.44 
          91800         1282.51 
          92200         1260.81 
          92600         1239.53 
          93000         1219.05 
          93400         1198.35 
          93800          1178.3 
          94200         1159.32 
          94600          1139.6 
          95000         1121.51 
          95400         1103.18 
          95800          1084.5 
          96200         1067.65 
          96600         1049.42 
          97000         1033.41 
          97400          1016.8 
          97800          999.64 
          98200         984.754 
          98600         969.146 
          99000         953.413 
          99400         938.205 
          99800         924.345 
         100200         909.963 
         200000         59.5185 
         400000         3.78095 
         600000        0.748258 
         800000        0.236351 
         1.0e+6       0.0965256 
         1.2e+6       0.0463953 
         1.4e+6       0.0249583 
         1.6e+6       0.0145803 
