# Kurucz ODFNEW /NOVER (2003)
# teff = 11000 K (value for the effective temperature for the model. Temperatures are given in K)
# logg = 3 log(cm/s2) (value for Log(G) for the model.)
# meta = -1  (value for the Metallicity for the model.)
# lh = 1.25  (l/Hp where l is the  mixing length of the convective element and Hp is the pressure scale height)
# vtur = 2 km/s (Microturbulence velocity)
# alpha = 0  (Alpha)
#
# column 1: WAVELENGTH (ANGSTROM), Wavelength in Angstrom
# column 2: FLUX (ERG/CM2/S/A), Flux in erg/cm2/s/A
            240     9.86626e-23 
          246.5     8.58956e-22 
          252.4     5.26711e-21 
          256.8     1.92414e-20 
            260     4.80302e-20 
            264     1.46182e-19 
          268.5     4.90653e-19 
          273.5     1.79853e-18 
          278.5     6.30795e-18 
            284     2.38114e-17 
            290      9.5683e-17 
            296     3.62759e-16 
            301      1.0594e-15 
            308     4.47521e-15 
            318     3.13457e-14 
            328     1.94633e-13 
            338     1.08233e-12 
            348     5.44295e-12 
            357     2.15049e-11 
            366     7.93276e-11 
            375     2.74219e-10 
            385      1.01423e-9 
            395      3.50085e-9 
            405      1.13454e-8 
            414      3.10886e-8 
            422      7.33366e-8 
            430      1.67293e-7 
            441       4.9431e-7 
            451      1.26115e-6 
            460      2.82529e-6 
            470      6.66431e-6 
            480      1.51379e-5 
            490      3.31964e-5 
            500      7.04017e-5 
            506     0.000207922 
            512     0.000386898 
            520     0.000649775 
            530      0.00122849 
            540      0.00221438 
            550      0.00401538 
            560      0.00701923 
            570       0.0120312 
            580       0.0198589 
            590       0.0333082 
            600        0.054045 
            610       0.0862701 
            620        0.135383 
            630        0.209361 
            640        0.318758 
            650         0.47994 
            658        0.659001 
            665        0.863737 
            675         1.25804 
            685         1.81185 
            695         2.58152 
            705         3.63605 
            716         5.23836 
            726         7.22616 
            735         9.57401 
            745         12.9786 
            755         17.4411 
            765         23.2388 
            775         30.7236 
            785         40.3002 
            795          52.445 
            805         67.8029 
            815         87.0381 
            825         110.994 
            835         140.334 
            845         177.099 
            855         221.649 
            865         275.957 
            875         341.496 
            885          420.58 
            895         515.177 
            905         626.253 
            915         5774.07 
            925         31559.6 
            935         51543.5 
            945          129460 
            955      2.69123e+6 
            965      4.62687e+6 
            975          454711 
            985      3.10229e+7 
            995      5.57698e+7 
           1005      5.64409e+7 
           1015      1.71491e+7 
           1025          232956 
           1035      1.00303e+7 
           1045      6.99486e+7 
           1055      1.08318e+8 
           1065      1.03773e+8 
           1075      1.23112e+8 
           1085      1.25702e+8 
           1095      1.28997e+8 
           1105      1.43018e+8 
           1115      1.79943e+8 
           1125      1.92853e+8 
           1135      2.05592e+8 
           1145      1.93861e+8 
           1155      1.95512e+8 
           1165      2.05296e+8 
           1175      1.84399e+8 
           1185      1.38925e+8 
           1195      1.28904e+7 
           1205      2.47332e+6 
           1215          427099 
           1225      1.70658e+6 
           1235      2.73132e+7 
           1245      1.43357e+8 
           1255      2.02519e+8 
           1265      1.75166e+8 
           1275       2.4266e+8 
           1285      2.79257e+8 
           1295      2.52385e+8 
           1305      1.94377e+8 
           1315      2.73131e+8 
           1325      2.84238e+8 
           1335      2.67376e+8 
           1345      3.05461e+8 
           1355      2.89684e+8 
           1365      2.62001e+8 
           1375      2.80879e+8 
           1385      2.88936e+8 
           1395      2.91565e+8 
           1405      2.94929e+8 
           1415      2.75873e+8 
           1425      2.80512e+8 
           1435      2.65767e+8 
           1442      2.85641e+8 
           1447      2.95617e+8 
           1455      2.94458e+8 
           1465      2.81412e+8 
           1475      2.71895e+8 
           1485      2.76496e+8 
           1495      2.81979e+8 
           1505      2.82852e+8 
           1512      2.74834e+8 
           1517      2.85057e+8 
           1525      2.71383e+8 
           1535      2.63398e+8 
           1545      2.78733e+8 
           1555      2.60202e+8 
           1565      2.45167e+8 
           1575      2.49293e+8 
           1585      2.63807e+8 
           1595      2.71186e+8 
           1605      2.56235e+8 
           1615      2.56943e+8 
           1625      2.40322e+8 
           1635      2.45326e+8 
           1645      2.47155e+8 
           1655      2.24083e+8 
           1665      2.45914e+8 
           1672      2.16315e+8 
           1677      2.34075e+8 
           1685      2.46387e+8 
           1695      2.35254e+8 
           1705      2.28161e+8 
           1715      2.24778e+8 
           1725      2.21597e+8 
           1735      2.29287e+8 
           1745      2.24576e+8 
           1755      2.34757e+8 
           1765      2.15162e+8 
           1775      2.30537e+8 
           1785      2.26826e+8 
           1795       2.3491e+8 
           1805       2.2821e+8 
           1815       2.2545e+8 
           1825      2.19627e+8 
           1835      2.14868e+8 
           1845      2.07974e+8 
           1855      2.07807e+8 
           1865      2.07318e+8 
           1875      2.15442e+8 
           1885      2.12548e+8 
           1895       2.0773e+8 
           1905      2.07849e+8 
           1915      2.04995e+8 
           1925      2.05026e+8 
           1935      2.03868e+8 
           1945      2.08728e+8 
           1955      2.04223e+8 
           1967       2.0761e+8 
           1976      2.05762e+8 
           1984      2.02699e+8 
           1995      1.96343e+8 
           2005      1.96657e+8 
           2015      1.88178e+8 
           2025      1.92176e+8 
           2035      1.91193e+8 
           2045      1.92715e+8 
           2055      1.85286e+8 
           2065      1.84485e+8 
           2074      1.87442e+8 
           2078      1.88649e+8 
           2085      1.90027e+8 
           2095      1.84278e+8 
           2105      1.83968e+8 
           2115      1.82418e+8 
           2125      1.82107e+8 
           2135      1.69082e+8 
           2145      1.78325e+8 
           2155      1.78069e+8 
           2165      1.71566e+8 
           2175       1.6937e+8 
           2185      1.67713e+8 
           2195       1.7443e+8 
           2205       1.6876e+8 
           2215      1.60874e+8 
           2225      1.56555e+8 
           2235      1.67043e+8 
           2245      1.56798e+8 
           2255      1.54299e+8 
           2265      1.54467e+8 
           2275      1.60456e+8 
           2285      1.61883e+8 
           2295      1.55333e+8 
           2305      1.52762e+8 
           2315      1.49694e+8 
           2325      1.50423e+8 
           2335      1.45897e+8 
           2345      1.37812e+8 
           2355      1.45563e+8 
           2365      1.37484e+8 
           2375      1.41465e+8 
           2385      1.30718e+8 
           2395      1.38784e+8 
           2405      1.33626e+8 
           2415      1.35332e+8 
           2425       1.3844e+8 
           2435      1.32978e+8 
           2445      1.38718e+8 
           2455      1.34983e+8 
           2465      1.33965e+8 
           2475      1.29988e+8 
           2485      1.36356e+8 
           2495      1.32487e+8 
           2505      1.38144e+8 
           2513      1.32421e+8 
           2518      1.34285e+8 
           2525      1.27012e+8 
           2535      1.26246e+8 
           2545      1.25151e+8 
           2555      1.29645e+8 
           2565      1.28166e+8 
           2575      1.33121e+8 
           2585      1.32702e+8 
           2595      1.32129e+8 
           2605      1.27874e+8 
           2615      1.27069e+8 
           2625      1.28257e+8 
           2635      1.28848e+8 
           2645      1.35204e+8 
           2655      1.33466e+8 
           2665      1.28488e+8 
           2675      1.30751e+8 
           2685      1.30615e+8 
           2695      1.27231e+8 
           2705      1.27718e+8 
           2715      1.24366e+8 
           2725      1.24287e+8 
           2735      1.28235e+8 
           2745      1.18493e+8 
           2755      1.17992e+8 
           2765      1.20722e+8 
           2775      1.24149e+8 
           2785      1.23609e+8 
           2795      1.13858e+8 
           2805      1.18841e+8 
           2815      1.23912e+8 
           2825      1.22758e+8 
           2835      1.19747e+8 
           2845      1.16821e+8 
           2855      1.15949e+8 
           2865      1.18046e+8 
           2875      1.16192e+8 
           2885      1.17909e+8 
           2895      1.16579e+8 
           2910      1.19864e+8 
           2930      1.16355e+8 
           2950      1.15489e+8 
           2970      1.14976e+8 
           2990      1.14138e+8 
           3010      1.14631e+8 
           3030      1.13767e+8 
           3050      1.12187e+8 
           3070      1.10898e+8 
           3090      1.10548e+8 
           3110      1.08866e+8 
           3130      1.07536e+8 
           3150      1.07071e+8 
           3170      1.06028e+8 
           3190      1.03648e+8 
           3210      1.03877e+8 
           3230      1.02649e+8 
           3250      1.02099e+8 
           3270      1.01601e+8 
           3290      1.00847e+8 
           3310      1.00206e+8 
           3330      9.89242e+7 
           3350      9.74948e+7 
           3370      9.67988e+7 
           3390      9.58501e+7 
           3410      9.55423e+7 
           3430      9.46235e+7 
           3450      9.40265e+7 
           3470       9.2977e+7 
           3490      9.21928e+7 
           3510      9.16619e+7 
           3530       9.0992e+7 
           3550      9.02118e+7 
           3570      8.93487e+7 
           3590      8.85664e+7 
           3610      8.78046e+7 
           3630      8.69969e+7 
           3640      8.66561e+7 
           3650      8.76127e+7 
           3670      8.64451e+7 
           3690      8.33663e+7 
           3710      9.37136e+7 
           3730      1.05657e+8 
           3750      1.43627e+8 
           3770      1.48236e+8 
           3790      1.68048e+8 
           3810      1.85023e+8 
           3830      1.53153e+8 
           3850        1.929e+8 
           3870      2.01713e+8 
           3890      1.39672e+8 
           3910      1.97284e+8 
           3930      1.96118e+8 
           3950      1.92833e+8 
           3970      1.31793e+8 
           3990      1.85914e+8 
           4010      1.87825e+8 
           4030      1.84109e+8 
           4050      1.83322e+8 
           4070      1.79669e+8 
           4090      1.61116e+8 
           4110      1.30104e+8 
           4130      1.70456e+8 
           4150      1.70643e+8 
           4170      1.68607e+8 
           4190       1.6651e+8 
           4210      1.64318e+8 
           4230      1.61923e+8 
           4250      1.59696e+8 
           4270       1.5742e+8 
           4290      1.55223e+8 
           4310        1.519e+8 
           4330      1.31919e+8 
           4350      1.14676e+8 
           4370      1.45788e+8 
           4390      1.44207e+8 
           4410      1.43355e+8 
           4430      1.41411e+8 
           4450      1.39696e+8 
           4470      1.36965e+8 
           4490      1.34738e+8 
           4510      1.33994e+8 
           4530      1.32233e+8 
           4550      1.29991e+8 
           4570      1.29074e+8 
           4590      1.26996e+8 
           4610      1.25914e+8 
           4630      1.23833e+8 
           4650       1.2271e+8 
           4670      1.21079e+8 
           4690      1.19568e+8 
           4710       1.1761e+8 
           4730      1.16562e+8 
           4750      1.15077e+8 
           4770       1.1372e+8 
           4790      1.12284e+8 
           4810      1.10586e+8 
           4830      1.08459e+8 
           4850      9.63152e+7 
           4870      8.06627e+7 
           4890      1.03992e+8 
           4910      1.03849e+8 
           4930      1.02413e+8 
           4950      1.01668e+8 
           4970      1.00464e+8 
           4990      9.92156e+7 
           5010      9.74735e+7 
           5030      9.67579e+7 
           5050       9.5157e+7 
           5070      9.45117e+7 
           5090       9.3391e+7 
           5110      9.22357e+7 
           5130      9.12102e+7 
           5150      9.00628e+7 
           5170      8.87613e+7 
           5190      8.78995e+7 
           5210      8.69123e+7 
           5230       8.5786e+7 
           5250      8.49423e+7 
           5270       8.3763e+7 
           5290      8.30245e+7 
           5310      8.18952e+7 
           5330      8.11054e+7 
           5350      8.02106e+7 
           5370      7.92876e+7 
           5390      7.83904e+7 
           5410      7.74682e+7 
           5430      7.65906e+7 
           5450      7.57644e+7 
           5470      7.48954e+7 
           5490      7.40645e+7 
           5510      7.32225e+7 
           5530      7.24265e+7 
           5550      7.16339e+7 
           5570      7.08399e+7 
           5590      7.00566e+7 
           5610      6.92983e+7 
           5630      6.85382e+7 
           5650      6.77576e+7 
           5670      6.70273e+7 
           5690      6.63149e+7 
           5710       6.5597e+7 
           5730      6.48863e+7 
           5750       6.4185e+7 
           5770      6.34953e+7 
           5790      6.27989e+7 
           5810      6.21363e+7 
           5830      6.14724e+7 
           5850      6.08194e+7 
           5870       5.9906e+7 
           5890      5.95086e+7 
           5910      5.89048e+7 
           5930      5.82906e+7 
           5950      5.76355e+7 
           5970      5.70608e+7 
           5990      5.64326e+7 
           6010      5.58866e+7 
           6030      5.53082e+7 
           6050      5.47311e+7 
           6070      5.41655e+7 
           6090      5.36072e+7 
           6110       5.3059e+7 
           6130      5.25149e+7 
           6150      5.19109e+7 
           6170      5.14473e+7 
           6190      5.09266e+7 
           6210      5.04125e+7 
           6230      4.98962e+7 
           6250      4.93411e+7 
           6270      4.89032e+7 
           6290      4.84099e+7 
           6310      4.79161e+7 
           6330      4.74474e+7 
           6350      4.67846e+7 
           6370       4.6391e+7 
           6390      4.60457e+7 
           6410      4.55855e+7 
           6430      4.51439e+7 
           6450      4.46642e+7 
           6470      4.42652e+7 
           6490      4.38094e+7 
           6510      4.32722e+7 
           6530      4.26135e+7 
           6550      3.96623e+7 
           6570      3.30046e+7 
           6590       4.1004e+7 
           6610      4.11692e+7 
           6630      4.09049e+7 
           6650      4.05587e+7 
           6670      4.01389e+7 
           6690      3.97621e+7 
           6710      3.94124e+7 
           6730      3.90346e+7 
           6750      3.86697e+7 
           6770      3.83051e+7 
           6790      3.79441e+7 
           6810      3.75868e+7 
           6830      3.72329e+7 
           6850      3.68849e+7 
           6870       3.6542e+7 
           6890      3.62039e+7 
           6910      3.58669e+7 
           6930      3.55315e+7 
           6950      3.52079e+7 
           6970      3.48844e+7 
           6990      3.45664e+7 
           7010      3.42437e+7 
           7030      3.39363e+7 
           7050      3.36152e+7 
           7070      3.32911e+7 
           7090      3.30196e+7 
           7110      3.27134e+7 
           7130      3.24226e+7 
           7150      3.21302e+7 
           7170      3.18442e+7 
           7190       3.1558e+7 
           7210      3.12767e+7 
           7230      3.09929e+7 
           7250      3.07196e+7 
           7270      3.04482e+7 
           7290      3.01722e+7 
           7310      2.99093e+7 
           7330      2.96475e+7 
           7350      2.93887e+7 
           7370      2.91309e+7 
           7390      2.88755e+7 
           7410      2.86224e+7 
           7430      2.83662e+7 
           7450      2.81224e+7 
           7470      2.78721e+7 
           7490      2.76375e+7 
           7510      2.73963e+7 
           7530      2.71666e+7 
           7550       2.6933e+7 
           7570      2.67021e+7 
           7590      2.64733e+7 
           7610      2.62478e+7 
           7630       2.6023e+7 
           7650      2.58002e+7 
           7670       2.5582e+7 
           7690      2.53656e+7 
           7710      2.51486e+7 
           7730      2.49399e+7 
           7750      2.47304e+7 
           7770      2.43324e+7 
           7790      2.43169e+7 
           7810      2.41147e+7 
           7830      2.39136e+7 
           7850      2.37076e+7 
           7870      2.34899e+7 
           7890      2.32705e+7 
           7910      2.31301e+7 
           7930      2.29399e+7 
           7950        2.274e+7 
           7970      2.25643e+7 
           7990      2.23435e+7 
           8010      2.21962e+7 
           8030      2.20151e+7 
           8050      2.18361e+7 
           8070      2.16586e+7 
           8090      2.14825e+7 
           8110       2.1308e+7 
           8130      2.11372e+7 
           8150      2.09666e+7 
           8170      2.07986e+7 
           8190      2.06258e+7 
           8210      2.05445e+7 
           8230      2.03825e+7 
           8250      2.02533e+7 
           8270      2.01103e+7 
           8290       1.9952e+7 
           8310      1.98037e+7 
           8330      1.96267e+7 
           8350      1.94507e+7 
           8370      1.92164e+7 
           8390      1.90098e+7 
           8410      1.87741e+7 
           8430      1.87461e+7 
           8450      1.86105e+7 
           8470      1.78847e+7 
           8490       1.8884e+7 
           8510      1.74636e+7 
           8530      1.90138e+7 
           8550      1.67095e+7 
           8570       1.9205e+7 
           8590      1.77622e+7 
           8610      1.72529e+7 
           8630      1.93947e+7 
           8650      1.88036e+7 
           8670      1.55866e+7 
           8690      1.91737e+7 
           8710      1.94954e+7 
           8730      1.89509e+7 
           8750      1.50962e+7 
           8770      1.81295e+7 
           8790       1.8973e+7 
           8810      1.89044e+7 
           8830      1.86367e+7 
           8850      1.72669e+7 
           8870      1.46216e+7 
           8890      1.79479e+7 
           8910      1.81688e+7 
           8930      1.80733e+7 
           8950      1.79545e+7 
           8970      1.77692e+7 
           8990      1.73555e+7 
           9010       1.4322e+7 
           9030      1.56133e+7 
           9050      1.70931e+7 
           9070       1.7091e+7 
           9090      1.69899e+7 
           9110      1.69154e+7 
           9130      1.67885e+7 
           9150      1.66679e+7 
           9170      1.64923e+7 
           9190      1.62809e+7 
           9210      1.56689e+7 
           9230      1.25313e+7 
           9250      1.51634e+7 
           9270      1.56557e+7 
           9290      1.57568e+7 
           9310      1.56866e+7 
           9330      1.55718e+7 
           9350      1.54587e+7 
           9370      1.53439e+7 
           9390      1.52222e+7 
           9410      1.50755e+7 
           9430      1.50023e+7 
           9450      1.48937e+7 
           9470      1.47737e+7 
           9490      1.46258e+7 
           9510       1.4426e+7 
           9530      1.37047e+7 
           9550       1.1245e+7 
           9570      1.37023e+7 
           9590      1.40352e+7 
           9610      1.39988e+7 
           9630      1.38965e+7 
           9650      1.38377e+7 
           9670      1.37286e+7 
           9690      1.36379e+7 
           9710      1.35402e+7 
           9730      1.34428e+7 
           9750      1.33457e+7 
           9770      1.32501e+7 
           9790      1.31551e+7 
           9810      1.30604e+7 
           9830      1.29652e+7 
           9850      1.28734e+7 
           9870      1.27818e+7 
           9890      1.26863e+7 
           9910      1.26017e+7 
           9930      1.25117e+7 
           9950      1.24234e+7 
           9970      1.23346e+7 
           9990      1.22127e+7 
          10025      1.14915e+7 
          10075      1.09594e+7 
          10125      1.16515e+7 
          10175       1.1479e+7 
          10225      1.12838e+7 
          10275      1.10907e+7 
          10325      1.09005e+7 
          10375      1.07163e+7 
          10425      1.05357e+7 
          10475      1.03575e+7 
          10525      1.01828e+7 
          10575      1.00146e+7 
          10625      9.84884e+6 
          10675      9.67117e+6 
          10725      9.52324e+6 
          10775      9.36919e+6 
          10825      9.20471e+6 
          10875      9.03235e+6 
          10925      8.01242e+6 
          10975      8.53071e+6 
          11025      8.62367e+6 
          11075      8.49745e+6 
          11125      8.36219e+6 
          11175       8.2296e+6 
          11225      8.09964e+6 
          11275      7.95921e+6 
          11325      7.83945e+6 
          11375      7.72409e+6 
          11425      7.60411e+6 
          11475      7.48649e+6 
          11525      7.37118e+6 
          11575      7.25787e+6 
          11625      7.14484e+6 
          11675      7.03485e+6 
          11725      6.93058e+6 
          11775      6.81914e+6 
          11825      6.72172e+6 
          11875      6.62035e+6 
          11925      6.52283e+6 
          11975      6.42434e+6 
          12025      6.33012e+6 
          12075      6.23621e+6 
          12125      6.14439e+6 
          12175      6.05438e+6 
          12225      5.96563e+6 
          12275      5.87838e+6 
          12325      5.79309e+6 
          12375      5.70947e+6 
          12425      5.62725e+6 
          12475      5.54495e+6 
          12525      5.46715e+6 
          12575      5.38826e+6 
          12625       5.3121e+6 
          12675      5.23745e+6 
          12725      5.15891e+6 
          12775      5.03297e+6 
          12825      4.50479e+6 
          12875      4.91213e+6 
          12925      4.87894e+6 
          12975      4.81321e+6 
          13025       4.7468e+6 
          13075      4.68147e+6 
          13125      4.61722e+6 
          13175      4.55294e+6 
          13225       4.4923e+6 
          13275      4.43116e+6 
          13325      4.37124e+6 
          13375       4.3125e+6 
          13425      4.25452e+6 
          13475      4.19749e+6 
          13525      4.14118e+6 
          13575       4.0864e+6 
          13625      4.03211e+6 
          13675      3.97871e+6 
          13725      3.92637e+6 
          13775      3.87509e+6 
          13825      3.82444e+6 
          13875      3.77462e+6 
          13925      3.72561e+6 
          13975      3.67739e+6 
          14025      3.62996e+6 
          14075       3.5833e+6 
          14125      3.53739e+6 
          14175      3.49223e+6 
          14225      3.44762e+6 
          14275      3.40391e+6 
          14325      3.36073e+6 
          14375      3.31843e+6 
          14425      3.27555e+6 
          14475      3.23552e+6 
          14525      3.19471e+6 
          14570      3.15939e+6 
          14620      3.12601e+6 
          14675      3.08443e+6 
          14725      3.04719e+6 
          14775       3.0102e+6 
          14825      2.97433e+6 
          14875       2.9382e+6 
          14925      2.90298e+6 
          14975        2.867e+6 
          15025      2.83093e+6 
          15075      2.79477e+6 
          15125      2.75838e+6 
          15175      2.72403e+6 
          15225      2.69902e+6 
          15275      2.64812e+6 
          15325      2.61579e+6 
          15375      2.60613e+6 
          15425      2.53401e+6 
          15475      2.55038e+6 
          15525      2.52648e+6 
          15575      2.41586e+6 
          15625      2.50041e+6 
          15675      2.41764e+6 
          15725      2.33038e+6 
          15775       2.4275e+6 
          15825       2.3985e+6 
          15875      2.19386e+6 
          15925      2.32212e+6 
          15975      2.33581e+6 
          16050      2.27586e+6 
          16150      2.14535e+6 
          16250      2.20962e+6 
          16350      2.12532e+6 
          16450      2.00572e+6 
          16550      2.06532e+6 
          16650      2.02034e+6 
          16750      1.94137e+6 
          16850      1.83467e+6 
          16950       1.8894e+6 
          17050      1.84903e+6 
          17150      1.80921e+6 
          17250      1.76779e+6 
          17350       1.6267e+6 
          17450      1.68642e+6 
          17550       1.6598e+6 
          17650      1.62508e+6 
          17750      1.59104e+6 
          17850      1.55801e+6 
          17950      1.52585e+6 
          18050      1.49234e+6 
          18150       1.3825e+6 
          18250       1.4192e+6 
          18350      1.40489e+6 
          18450      1.37665e+6 
          18550      1.34892e+6 
          18650      1.31933e+6 
          18750        1.223e+6 
          18850      1.26636e+6 
          18950      1.24527e+6 
          19050      1.22101e+6 
          19150       1.1972e+6 
          19250      1.17402e+6 
          19350      1.14793e+6 
          19450      1.06306e+6 
          19550      1.10436e+6 
          19650       1.0867e+6 
          19750      1.06617e+6 
          19850      1.04618e+6 
          19950      1.02653e+6 
          20050      1.00742e+6 
          20150          988721 
          20250          970436 
          20350          952643 
          20450          935242 
          20550          918133 
          20650          901488 
          20750          885295 
          20850          869371 
          20950          853821 
          21050          838620 
          21150          823718 
          21250          809193 
          21350          794961 
          21450          781064 
          21550          765688 
          21650          712247 
          21750          737201 
          21850          728441 
          21950          715993 
          22050          703795 
          22150          691850 
          22250          680173 
          22350          668731 
          22450          657532 
          22550          646564 
          22650          635830 
          22750          625310 
          22850          615519 
          22950          605497 
          23050          595688 
          23150          586068 
          23250          576646 
          23350          567406 
          23450          558337 
          23550          549441 
          23650          540676 
          23750          532071 
          23850          523612 
          23950          515288 
          24050          506974 
          24150          498663 
          24250          491689 
          24350          483236 
          24450          475157 
          24550          469338 
          24650          460689 
          24750          453770 
          24850          449820 
          24950          435413 
          25050          436572 
          25150          430362 
          25250          413446 
          25350          417161 
          25450          412371 
          25550          405075 
          25650          386262 
          25750          393966 
          25850          389204 
          25950          383503 
          26050          374779 
          26150          356267 
          26250          346374 
          26350          359940 
          26450          357192 
          26550          352651 
          26650          345772 
          26750          324438 
          26850          335973 
          26950          333230 
          27050          328542 
          27150          323933 
          27250          319404 
          27350          314952 
          27450          309917 
          27550          291843 
          27650          296935 
          27750          297719 
          27850          293832 
          27950          289823 
          28050          285883 
          28150          282007 
          28250          278196 
          28350          274451 
          28450          270766 
          28550          267042 
          28650          260670 
          28750          246458 
          28850          255796 
          28950          253232 
          29050          249929 
          29150          246652 
          29250          243432 
          29350          240263 
          29450          237144 
          29550          234075 
          29650          231059 
          29750          228086 
          29850          225165 
          29950          222291 
          30050          219458 
          30150          216674 
          30250          213535 
          30350          202744 
          30450          203755 
          30550          205749 
          30650          203395 
          30750          200867 
          30850          198359 
          30950          195919 
          31050          193503 
          31150          191125 
          31250          188781 
          31350          186474 
          31450          184201 
          31550          181964 
          31650          179759 
          31750          177590 
          31850          175455 
          31950          173348 
          32100          170251 
          32300          166224 
          32500          162319 
          32700          158511 
          32900          150005 
          33100          150096 
          33300          147510 
          33500          144193 
          33700          140941 
          33900          137778 
          34100          134699 
          34300          131704 
          34500          128795 
          34700          125960 
          34900          123197 
          35100          120519 
          35300          117911 
          35500          115340 
          35700          112825 
          35900          110568 
          36100          108011 
          36300          105978 
          36500          103414 
          36700          101664 
          36900         98957.1 
          37100         97452.4 
          37300         94279.2 
          37500         91119.6 
          37700           91661 
          37900         89890.9 
          38100         87366.6 
          38300         85791.3 
          38500         84645.6 
          38700         82983.2 
          38900         81218.4 
          39100         78285.2 
          39300         78195.3 
          39500         76823.6 
          39700         75336.8 
          39900         73875.9 
          40100         71620.3 
          40300           69821 
          40500         67842.3 
          40700         68291.6 
          40900         67109.6 
          41100         65851.4 
          41300         64618.9 
          41500         63334.7 
          41700         60462.5 
          41900         60981.1 
          42100         59975.8 
          42300         58881.5 
          42500         57811.4 
          42700         56764.9 
          42900         55741.5 
          43100         54742.7 
          43300         53763.9 
          43500         52788.9 
          43700         50539.3 
          43900         50613.5 
          44100         50066.3 
          44300           49193 
          44500           48337 
          44700         47566.1 
          44900         46683.6 
          45100         45883.3 
          45300         45100.9 
          45500         44334.1 
          45700         43582.5 
          45900         42844.1 
          46100         42116.8 
          46300         41360.1 
          46500         39532.9 
          46700         38804.6 
          46900         39253.6 
          47100         38735.8 
          47300         38114.3 
          47500         37496.8 
          47700         36889.9 
          47900         36293.5 
          48100           35709 
          48300         35136.2 
          48500         34571.5 
          48700         34024.4 
          48900         33480.4 
          49100         32955.1 
          49300         32429.4 
          49500         31934.2 
          49700         31410.8 
          49900         30947.7 
          50100         30462.4 
          50300         29960.1 
          50500         29541.6 
          50700         29083.2 
          50900         28571.6 
          51100           28119 
          51300         26958.2 
          51500         27301.8 
          51700         26854.2 
          51900         26559.5 
          52100         26206.1 
          52300           25816 
          52500         25353.1 
          52700         24900.6 
          52900           24675 
          53100         24327.8 
          53300         23973.2 
          53500         23623.2 
          53700         23132.7 
          53900           22807 
          54100         22614.2 
          54300         22290.8 
          54500         21971.5 
          54700         21658.8 
          54900         21351.3 
          55100         20974.4 
          55300         20497.8 
          55500         20448.1 
          55700         20175.3 
          55900         19893.7 
          56100         19618.1 
          56300         19345.8 
          56500         19079.3 
          56700         18817.2 
          56900         18530.4 
          57100         17981.4 
          57300         18009.8 
          57500         17811.8 
          57700         17570.9 
          57900           17334 
          58100           17101 
          58300         16864.1 
          58500           16639 
          58700         16412.1 
          58900         16143.3 
          59100         15511.1 
          59300         15729.2 
          59500         15271.4 
          59700         15254.8 
          59900         15160.5 
          60100         14986.7 
          60300         14806.7 
          60500         14616.3 
          60700         14428.1 
          60900         14243.1 
          61100         14060.2 
          61300         13881.4 
          61500         13704.6 
          61700         13530.8 
          61900         13359.9 
          62100         13191.9 
          62300         13026.8 
          62500         12852.9 
          62700         12651.3 
          62900         12198.6 
          63100         12319.2 
          63300         12223.6 
          63500           12086 
          63700         11937.8 
          63900         11791.2 
          64200         11576.2 
          64600         11296.9 
          65000         11026.4 
          65400         10763.3 
          65800         10508.4 
          66200         10260.6 
          66600         10021.4 
          67000         9786.24 
          67400         9535.25 
          67800         9182.13 
          68200         9113.61 
          68600         8920.38 
          69000         8718.35 
          69400         8508.63 
          69800         8331.75 
          70200         8146.86 
          70600         7965.62 
          71000         7772.99 
          71400         7621.11 
          71800         7455.31 
          72200         7294.16 
          72600         7114.94 
          73000         6979.36 
          73400         6835.39 
          73800         6690.52 
          74200         6538.39 
          74600         6290.56 
          75000         6095.11 
          75400         6125.04 
          75800         6022.21 
          76200         5898.75 
          76600         5778.43 
          77000         5661.11 
          77400         5543.32 
          77800         5391.61 
          78200         5323.29 
          78600         5220.64 
          79000         5117.27 
          79400         5016.48 
          79800          4918.1 
          80200         4822.19 
          80600         4728.57 
          81000         4637.14 
          81400         4507.08 
          81800         4446.44 
          82200         4376.01 
          82600         4293.09 
          83000         4212.05 
          83400         4132.97 
          83800         4055.73 
          84200         3980.25 
          84600         3906.54 
          85000         3834.51 
          85400         3764.16 
          85800         3695.37 
          86200         3626.63 
          86600         3511.63 
          87000         3492.25 
          87400         3399.06 
          87800         3339.91 
          88200         3314.19 
          88600         3255.49 
          89000         3198.13 
          89400            3142 
          89800         3087.12 
          90200         3033.36 
          90600          2980.8 
          91000          2929.4 
          91400          2879.1 
          91800         2829.88 
          92200         2781.67 
          92600         2729.84 
          93000         2688.29 
          93400         2642.12 
          93800         2558.49 
          94200         2545.68 
          94600         2513.08 
          95000         2468.84 
          95400         2427.19 
          95800         2390.96 
          96200          2351.9 
          96600         2313.65 
          97000         2276.15 
          97400         2239.43 
          97800         2203.42 
          98200         2165.97 
          98600         2127.51 
          99000         2099.67 
          99400         2066.45 
          99800         2033.88 
         100200         2001.95 
         200000         128.361 
         400000         8.00762 
         600000         1.57033 
         800000        0.493133 
         1.0e+6        0.200608 
         1.2e+6       0.0961523 
         1.4e+6       0.0516196 
         1.6e+6       0.0301119 
