# Kurucz ODFNEW /NOVER (2003)
# teff = 10000 K (value for the effective temperature for the model. Temperatures are given in K)
# logg = 2.5 log(cm/s2) (value for Log(G) for the model.)
# meta = -2.5  (value for the Metallicity for the model.)
# lh = 1.25  (l/Hp where l is the  mixing length of the convective element and Hp is the pressure scale height)
# vtur = 2 km/s (Microturbulence velocity)
# alpha = 0.4  (Alpha)
#
# column 1: WAVELENGTH (ANGSTROM), Wavelength in Angstrom
# column 2: FLUX (ERG/CM2/S/A), Flux in erg/cm2/s/A
            240     5.97548e-23 
          246.5     5.61217e-22 
          252.4     3.45424e-21 
          256.8     1.26376e-20 
            260     3.15583e-20 
            264     9.59931e-20 
          268.5     3.21561e-19 
          273.5     1.17503e-18 
          278.5     4.10835e-18 
            284      1.5445e-17 
            290     6.17774e-17 
            296     2.32966e-16 
            301     6.77814e-16 
            308     2.84731e-15 
            318     1.97999e-14 
            328     1.22217e-13 
            338      6.7584e-13 
            348     3.38672e-12 
            357     1.33413e-11 
            366      4.9154e-11 
            375     1.69755e-10 
            385     6.27954e-10 
            395      2.16952e-9 
            405      7.04216e-9 
            414      1.93372e-8 
            422       4.5713e-8 
            430      1.04565e-7 
            441      3.10207e-7 
            451      7.94573e-7 
            460      1.78662e-6 
            470      4.23339e-6 
            480      9.66138e-6 
            490      2.12967e-5 
            500      4.53959e-5 
            506     0.000189604 
            512     0.000375962 
            520     0.000639688 
            530      0.00123674 
            540      0.00224746 
            550      0.00413431 
            560      0.00729961 
            570       0.0126156 
            580       0.0208411 
            590       0.0354349 
            600       0.0578646 
            610       0.0927477 
            620        0.146203 
            630        0.226873 
            640        0.346838 
            650        0.522847 
            658        0.718882 
            665        0.943304 
            675         1.37595 
            685         1.98294 
            695         2.82509 
            705          3.9804 
            716         5.73322 
            726         7.90446 
            735          10.468 
            745         14.1759 
            755         19.0286 
            765         25.3245 
            775         33.4313 
            785         43.7843 
            795         56.9089 
            805          73.442 
            815         94.1107 
            825         119.795 
            835         151.378 
            845         190.411 
            855         237.862 
            865         295.452 
            875         364.918 
            885         448.357 
            895         548.004 
            905         665.995 
            915          1676.6 
            925         5575.05 
            935         8735.37 
            945         18839.7 
            955          673922 
            965      1.19226e+6 
            975           48261 
            985      2.18445e+7 
            995      5.42857e+7 
           1005      4.45462e+7 
           1015      5.20358e+6 
           1025         36797.1 
           1035      4.12662e+6 
           1045      5.26581e+7 
           1055      9.92032e+7 
           1065      1.11273e+8 
           1075      1.27106e+8 
           1085      1.30307e+8 
           1095       1.3037e+8 
           1105      1.27268e+8 
           1115      1.27471e+8 
           1125      1.24593e+8 
           1135      1.24486e+8 
           1145      1.16324e+8 
           1155      1.04706e+8 
           1165      9.47274e+7 
           1175      7.23566e+7 
           1185      5.53387e+7 
           1195          826310 
           1205          213126 
           1215          115176 
           1225          234605 
           1235          668034 
           1245      2.67911e+7 
           1255      5.83766e+7 
           1265      7.34566e+7 
           1275      9.65957e+7 
           1285      1.13987e+8 
           1295      1.17795e+8 
           1305      1.11075e+8 
           1315       1.3198e+8 
           1325      1.35802e+8 
           1335      1.36278e+8 
           1345      1.44224e+8 
           1355      1.41758e+8 
           1365      1.39792e+8 
           1375      1.41548e+8 
           1385      1.44113e+8 
           1395      1.43736e+8 
           1405      1.46331e+8 
           1415      1.44955e+8 
           1425       1.4561e+8 
           1435      1.42596e+8 
           1442      1.47366e+8 
           1447      1.47008e+8 
           1455      1.46999e+8 
           1465      1.45257e+8 
           1475      1.44855e+8 
           1485      1.44485e+8 
           1495      1.43724e+8 
           1505      1.44476e+8 
           1512      1.43799e+8 
           1517      1.45123e+8 
           1525      1.41434e+8 
           1535       1.4013e+8 
           1545      1.43025e+8 
           1555      1.38178e+8 
           1565      1.31329e+8 
           1575      1.34155e+8 
           1585      1.37088e+8 
           1595      1.39101e+8 
           1605      1.34968e+8 
           1615      1.34461e+8 
           1625      1.28675e+8 
           1635      1.29093e+8 
           1645        1.291e+8 
           1655      1.22133e+8 
           1665      1.29885e+8 
           1672      1.23962e+8 
           1677      1.25518e+8 
           1685      1.27547e+8 
           1695      1.24817e+8 
           1705      1.22928e+8 
           1715      1.23799e+8 
           1725      1.22211e+8 
           1735       1.2436e+8 
           1745      1.22383e+8 
           1755      1.23353e+8 
           1765      1.18905e+8 
           1775      1.22574e+8 
           1785      1.20342e+8 
           1795      1.21401e+8 
           1805      1.19204e+8 
           1815      1.18443e+8 
           1825      1.17737e+8 
           1835      1.16938e+8 
           1845      1.15464e+8 
           1855      1.14923e+8 
           1865      1.13878e+8 
           1875      1.14456e+8 
           1885      1.13934e+8 
           1895      1.13144e+8 
           1905      1.12634e+8 
           1915      1.11461e+8 
           1925      1.11434e+8 
           1935      1.09782e+8 
           1945      1.10997e+8 
           1955       1.1016e+8 
           1967      1.09638e+8 
           1976      1.08554e+8 
           1984      1.08245e+8 
           1995      1.07121e+8 
           2005      1.05821e+8 
           2015       1.0379e+8 
           2025      1.04063e+8 
           2035      1.04234e+8 
           2045      1.03586e+8 
           2055       1.0093e+8 
           2065      1.01121e+8 
           2074      1.01726e+8 
           2078      1.01832e+8 
           2085      1.01678e+8 
           2095      1.00855e+8 
           2105      1.00495e+8 
           2115      9.96729e+7 
           2125      9.91875e+7 
           2135      9.76655e+7 
           2145      9.83127e+7 
           2155      9.72969e+7 
           2165      9.53633e+7 
           2175      9.50379e+7 
           2185      9.49197e+7 
           2195      9.58708e+7 
           2205      9.40811e+7 
           2215      9.23429e+7 
           2225      9.12255e+7 
           2235       9.3307e+7 
           2245      9.18348e+7 
           2255       9.0059e+7 
           2265      8.92729e+7 
           2275      9.05643e+7 
           2285       9.0365e+7 
           2295      8.90285e+7 
           2305      8.89029e+7 
           2315      8.82279e+7 
           2325      8.81187e+7 
           2335        8.664e+7 
           2345      8.33268e+7 
           2355      8.57045e+7 
           2365      8.30617e+7 
           2375      8.43874e+7 
           2385      8.09327e+7 
           2395      8.32597e+7 
           2405      8.25036e+7 
           2415      8.23063e+7 
           2425      8.33649e+7 
           2435      8.19637e+7 
           2445      8.21768e+7 
           2455      8.22401e+7 
           2465      8.06689e+7 
           2475      8.04427e+7 
           2485      8.10107e+7 
           2495         7.96e+7 
           2505      8.08689e+7 
           2513      7.98478e+7 
           2518      8.00658e+7 
           2525      7.83284e+7 
           2535      7.70199e+7 
           2545      7.73115e+7 
           2555      7.86639e+7 
           2565      7.77253e+7 
           2575      7.82705e+7 
           2585      7.82863e+7 
           2595      7.75834e+7 
           2605      7.67224e+7 
           2615      7.61643e+7 
           2625      7.58912e+7 
           2635      7.60054e+7 
           2645       7.7855e+7 
           2655      7.74513e+7 
           2665      7.62771e+7 
           2675      7.64291e+7 
           2685      7.64723e+7 
           2695      7.58436e+7 
           2705      7.55825e+7 
           2715      7.46281e+7 
           2725      7.43198e+7 
           2735      7.44925e+7 
           2745      7.20308e+7 
           2755      7.20151e+7 
           2765      7.28848e+7 
           2775      7.37107e+7 
           2785      7.32891e+7 
           2795      6.96696e+7 
           2805      7.15295e+7 
           2815      7.29572e+7 
           2825      7.25785e+7 
           2835      7.17767e+7 
           2845      7.14639e+7 
           2855       7.0904e+7 
           2865      7.09791e+7 
           2875      7.07961e+7 
           2885      7.07678e+7 
           2895      7.06843e+7 
           2910      7.05358e+7 
           2930      6.93963e+7 
           2950      6.89866e+7 
           2970      6.88123e+7 
           2990      6.82277e+7 
           3010      6.80559e+7 
           3030      6.76118e+7 
           3050      6.71006e+7 
           3070      6.65249e+7 
           3090      6.61795e+7 
           3110      6.56894e+7 
           3130      6.51717e+7 
           3150      6.47492e+7 
           3170      6.43359e+7 
           3190      6.36872e+7 
           3210      6.34043e+7 
           3230      6.28237e+7 
           3250      6.25772e+7 
           3270      6.22333e+7 
           3290       6.1841e+7 
           3310      6.14398e+7 
           3330      6.09723e+7 
           3350       6.0458e+7 
           3370      6.00809e+7 
           3390      5.97215e+7 
           3410      5.94053e+7 
           3430      5.90028e+7 
           3450      5.86308e+7 
           3470      5.82291e+7 
           3490      5.78482e+7 
           3510      5.74783e+7 
           3530       5.7107e+7 
           3550      5.67314e+7 
           3570      5.63517e+7 
           3590       5.5977e+7 
           3610      5.56099e+7 
           3630       5.5239e+7 
           3640      5.50525e+7 
           3650      5.59361e+7 
           3670      5.50512e+7 
           3690      5.44699e+7 
           3710      6.57821e+7 
           3730      8.07945e+7 
           3750      1.15378e+8 
           3770      1.17918e+8 
           3790      1.31791e+8 
           3810      1.44701e+8 
           3830       1.2027e+8 
           3850      1.50969e+8 
           3870      1.55942e+8 
           3890      1.10322e+8 
           3910      1.52391e+8 
           3930       1.5111e+8 
           3950        1.487e+8 
           3970      1.04276e+8 
           3990      1.43835e+8 
           4010      1.44513e+8 
           4030      1.42249e+8 
           4050      1.41077e+8 
           4070       1.3861e+8 
           4090        1.264e+8 
           4110      1.02075e+8 
           4130      1.32489e+8 
           4150      1.31784e+8 
           4170      1.30241e+8 
           4190      1.28586e+8 
           4210      1.26921e+8 
           4230      1.25256e+8 
           4250      1.23636e+8 
           4270      1.22036e+8 
           4290      1.20387e+8 
           4310       1.1822e+8 
           4330      1.04311e+8 
           4350      9.05982e+7 
           4370       1.1358e+8 
           4390      1.12608e+8 
           4410      1.11532e+8 
           4430      1.10111e+8 
           4450      1.08749e+8 
           4470      1.06977e+8 
           4490      1.05601e+8 
           4510      1.04697e+8 
           4530      1.03396e+8 
           4550      1.02069e+8 
           4570      1.00862e+8 
           4590      9.96054e+7 
           4610      9.84133e+7 
           4630      9.71835e+7 
           4650        9.602e+7 
           4670      9.48504e+7 
           4690      9.36989e+7 
           4710      9.24668e+7 
           4730      9.14457e+7 
           4750      9.03449e+7 
           4770      8.92627e+7 
           4790      8.81921e+7 
           4810      8.70369e+7 
           4830      8.55311e+7 
           4850      7.70051e+7 
           4870      6.42255e+7 
           4890      8.22115e+7 
           4910      8.19463e+7 
           4930      8.09929e+7 
           4950      8.01952e+7 
           4970      7.92613e+7 
           4990      7.83397e+7 
           5010      7.73283e+7 
           5030      7.65344e+7 
           5050      7.55749e+7 
           5070      7.47863e+7 
           5090      7.39308e+7 
           5110      7.30848e+7 
           5130      7.22527e+7 
           5150      7.14326e+7 
           5170      7.05935e+7 
           5190      6.98113e+7 
           5210       6.9039e+7 
           5230      6.82545e+7 
           5250       6.7499e+7 
           5270      6.67353e+7 
           5290      6.60028e+7 
           5310      6.52607e+7 
           5330      6.45464e+7 
           5350      6.38344e+7 
           5370      6.31312e+7 
           5390      6.24392e+7 
           5410      6.17544e+7 
           5430      6.10806e+7 
           5450      6.04162e+7 
           5470      5.97599e+7 
           5490      5.91141e+7 
           5510       5.8476e+7 
           5530      5.78456e+7 
           5550      5.72252e+7 
           5570      5.66122e+7 
           5590      5.60089e+7 
           5610      5.54116e+7 
           5630      5.48237e+7 
           5650      5.42427e+7 
           5670      5.36697e+7 
           5690      5.31057e+7 
           5710      5.25471e+7 
           5730      5.19974e+7 
           5750       5.1454e+7 
           5770       5.0918e+7 
           5790      5.03893e+7 
           5810      4.98677e+7 
           5830      4.93522e+7 
           5850      4.88447e+7 
           5870      4.82172e+7 
           5890      4.78458e+7 
           5910      4.73575e+7 
           5930      4.68746e+7 
           5950      4.63962e+7 
           5970      4.59273e+7 
           5990      4.54594e+7 
           6010       4.5004e+7 
           6030      4.45506e+7 
           6050      4.41042e+7 
           6070      4.36627e+7 
           6090      4.32271e+7 
           6110      4.27972e+7 
           6130       4.2372e+7 
           6150      4.19485e+7 
           6170      4.15384e+7 
           6190      4.11298e+7 
           6210      4.07256e+7 
           6230      4.03267e+7 
           6250      3.99302e+7 
           6270      3.95436e+7 
           6290      3.91592e+7 
           6310      3.87789e+7 
           6330      3.84045e+7 
           6350      3.80079e+7 
           6370      3.76563e+7 
           6390      3.73066e+7 
           6410      3.69485e+7 
           6430       3.6596e+7 
           6450      3.62444e+7 
           6470      3.59028e+7 
           6490       3.5562e+7 
           6510      3.51403e+7 
           6530      3.46285e+7 
           6550      3.23371e+7 
           6570      2.67242e+7 
           6590      3.33788e+7 
           6610      3.34729e+7 
           6630      3.32704e+7 
           6650      3.29811e+7 
           6670      3.26651e+7 
           6690       3.2364e+7 
           6710      3.20751e+7 
           6730        3.178e+7 
           6750      3.14886e+7 
           6770      3.12001e+7 
           6790      3.09152e+7 
           6810      3.06332e+7 
           6830      3.03547e+7 
           6850      3.00789e+7 
           6870      2.98067e+7 
           6890      2.95371e+7 
           6910      2.92709e+7 
           6930       2.9008e+7 
           6950      2.87477e+7 
           6970      2.84907e+7 
           6990      2.82369e+7 
           7010      2.79848e+7 
           7030      2.77366e+7 
           7050      2.74908e+7 
           7070      2.72375e+7 
           7090      2.70076e+7 
           7110      2.67702e+7 
           7130       2.6535e+7 
           7150      2.63027e+7 
           7170      2.60734e+7 
           7190      2.58454e+7 
           7210      2.56211e+7 
           7230      2.53988e+7 
           7250      2.51786e+7 
           7270      2.49611e+7 
           7290      2.47443e+7 
           7310      2.45329e+7 
           7330      2.43228e+7 
           7350      2.41146e+7 
           7370       2.3909e+7 
           7390      2.37052e+7 
           7410      2.35034e+7 
           7430       2.3304e+7 
           7450      2.31064e+7 
           7470      2.29113e+7 
           7490      2.27186e+7 
           7510      2.25276e+7 
           7530      2.23383e+7 
           7550      2.21514e+7 
           7570      2.19668e+7 
           7590      2.17831e+7 
           7610      2.16024e+7 
           7630      2.14233e+7 
           7650      2.12458e+7 
           7670      2.10705e+7 
           7690      2.08967e+7 
           7710      2.07244e+7 
           7730      2.05549e+7 
           7750      2.03862e+7 
           7770      2.01815e+7 
           7790      2.00545e+7 
           7810      1.98913e+7 
           7830      1.97296e+7 
           7850      1.95699e+7 
           7870      1.94092e+7 
           7890      1.92492e+7 
           7910      1.91002e+7 
           7930      1.89464e+7 
           7950       1.8794e+7 
           7970       1.8644e+7 
           7990      1.84924e+7 
           8010      1.83479e+7 
           8030      1.82023e+7 
           8050      1.80573e+7 
           8070      1.79147e+7 
           8090      1.77727e+7 
           8110      1.76325e+7 
           8130      1.74939e+7 
           8150      1.73566e+7 
           8170      1.72209e+7 
           8190      1.70858e+7 
           8210      1.70647e+7 
           8230      1.69401e+7 
           8250      1.68216e+7 
           8270      1.67018e+7 
           8290      1.65774e+7 
           8310      1.64415e+7 
           8330       1.6278e+7 
           8350      1.61239e+7 
           8370      1.58716e+7 
           8390      1.57275e+7 
           8410      1.55356e+7 
           8430      1.56576e+7 
           8450      1.56168e+7 
           8470      1.48348e+7 
           8490      1.60345e+7 
           8510      1.45968e+7 
           8530      1.62174e+7 
           8550      1.40684e+7 
           8570      1.64316e+7 
           8590      1.52038e+7 
           8610      1.47461e+7 
           8630      1.66971e+7 
           8650      1.62876e+7 
           8670      1.33408e+7 
           8690      1.65671e+7 
           8710      1.67389e+7 
           8730      1.63489e+7 
           8750      1.29622e+7 
           8770       1.5699e+7 
           8790      1.62513e+7 
           8810      1.61732e+7 
           8830      1.59845e+7 
           8850      1.49792e+7 
           8870      1.25794e+7 
           8890      1.54544e+7 
           8910      1.55597e+7 
           8930      1.54778e+7 
           8950      1.53659e+7 
           8970      1.52137e+7 
           8990       1.4933e+7 
           9010      1.23516e+7 
           9030      1.35541e+7 
           9050        1.468e+7 
           9070      1.46635e+7 
           9090      1.45871e+7 
           9110      1.44814e+7 
           9130      1.43728e+7 
           9150       1.4266e+7 
           9170      1.41433e+7 
           9190      1.39824e+7 
           9210      1.35588e+7 
           9230      1.08359e+7 
           9250      1.31755e+7 
           9270      1.35369e+7 
           9290      1.35215e+7 
           9310        1.344e+7 
           9330      1.33417e+7 
           9350      1.32438e+7 
           9370      1.31465e+7 
           9390      1.30504e+7 
           9410      1.29525e+7 
           9430      1.28607e+7 
           9450      1.27671e+7 
           9470      1.26729e+7 
           9490      1.25606e+7 
           9510      1.24095e+7 
           9530      1.18954e+7 
           9550      9.71126e+6 
           9570       1.1871e+7 
           9590       1.2071e+7 
           9610      1.20339e+7 
           9630      1.19571e+7 
           9650       1.1876e+7 
           9670      1.17907e+7 
           9690      1.17072e+7 
           9710      1.16238e+7 
           9730      1.15415e+7 
           9750      1.14597e+7 
           9770      1.13785e+7 
           9790      1.12983e+7 
           9810      1.12186e+7 
           9830      1.11398e+7 
           9850      1.10612e+7 
           9870       1.0984e+7 
           9890      1.09065e+7 
           9910       1.0831e+7 
           9930      1.07554e+7 
           9950      1.06806e+7 
           9970      1.06063e+7 
           9990      1.05178e+7 
          10025      9.95497e+6 
          10075      9.49528e+6 
          10125      1.00426e+7 
          10175      9.88158e+6 
          10225      9.71455e+6 
          10275      9.55065e+6 
          10325      9.39017e+6 
          10375      9.23374e+6 
          10425      9.07986e+6 
          10475      8.92953e+6 
          10525      8.78231e+6 
          10575      8.63781e+6 
          10625      8.49664e+6 
          10675      8.35706e+6 
          10725      8.22201e+6 
          10775      8.08942e+6 
          10825      7.95346e+6 
          10875      7.81328e+6 
          10925      6.97272e+6 
          10975      7.41757e+6 
          11025      7.45893e+6 
          11075      7.34596e+6 
          11125      7.23047e+6 
          11175      7.11734e+6 
          11225      7.00624e+6 
          11275      6.89623e+6 
          11325      6.79023e+6 
          11375      6.68612e+6 
          11425      6.58357e+6 
          11475      6.48312e+6 
          11525      6.38416e+6 
          11575      6.28751e+6 
          11625      6.19228e+6 
          11675      6.09928e+6 
          11725      6.00791e+6 
          11775       5.9176e+6 
          11825      5.82994e+6 
          11875      5.74355e+6 
          11925      5.65867e+6 
          11975      5.57526e+6 
          12025      5.49382e+6 
          12075      5.41353e+6 
          12125      5.33464e+6 
          12175      5.25736e+6 
          12225      5.18143e+6 
          12275       5.1068e+6 
          12325      5.03345e+6 
          12375      4.96162e+6 
          12425      4.89102e+6 
          12475      4.82139e+6 
          12525      4.75344e+6 
          12575      4.68641e+6 
          12625      4.62076e+6 
          12675        4.556e+6 
          12725      4.49212e+6 
          12775      4.39262e+6 
          12825      3.94731e+6 
          12875      4.28488e+6 
          12925      4.24931e+6 
          12975      4.19111e+6 
          13025       4.1339e+6 
          13075      4.07767e+6 
          13125       4.0226e+6 
          13175      3.96804e+6 
          13225      3.91483e+6 
          13275       3.8623e+6 
          13325      3.81067e+6 
          13375      3.75991e+6 
          13425      3.71001e+6 
          13475      3.66074e+6 
          13525      3.61251e+6 
          13575       3.5651e+6 
          13625      3.51828e+6 
          13675      3.47245e+6 
          13725       3.4272e+6 
          13775      3.38271e+6 
          13825      3.33897e+6 
          13875      3.29597e+6 
          13925      3.25369e+6 
          13975      3.21212e+6 
          14025      3.17107e+6 
          14075       3.1307e+6 
          14125      3.09102e+6 
          14175        3.052e+6 
          14225      3.01345e+6 
          14275      2.97556e+6 
          14325       2.9383e+6 
          14375      2.90167e+6 
          14425      2.86547e+6 
          14475      2.83007e+6 
          14525      2.79508e+6 
          14570        2.764e+6 
          14620      2.73737e+6 
          14675      2.70133e+6 
          14725      2.66929e+6 
          14775      2.63744e+6 
          14825      2.60614e+6 
          14875      2.57486e+6 
          14925      2.54326e+6 
          14975      2.51169e+6 
          15025      2.47815e+6 
          15075      2.44665e+6 
          15125      2.41403e+6 
          15175      2.38506e+6 
          15225      2.37105e+6 
          15275       2.3147e+6 
          15325       2.2892e+6 
          15375      2.29282e+6 
          15425      2.21528e+6 
          15475      2.24865e+6 
          15525      2.23138e+6 
          15575       2.1138e+6 
          15625      2.20954e+6 
          15675      2.13705e+6 
          15725      2.04822e+6 
          15775      2.14744e+6 
          15825      2.12351e+6 
          15875      1.93256e+6 
          15925      2.06112e+6 
          15975      2.06891e+6 
          16050      2.01993e+6 
          16150      1.90038e+6 
          16250      1.95596e+6 
          16350      1.88701e+6 
          16450      1.77866e+6 
          16550      1.82848e+6 
          16650      1.78823e+6 
          16750      1.72505e+6 
          16850        1.629e+6 
          16950      1.67396e+6 
          17050      1.63792e+6 
          17150      1.60287e+6 
          17250       1.5675e+6 
          17350      1.44811e+6 
          17450      1.49763e+6 
          17550      1.47156e+6 
          17650       1.4409e+6 
          17750      1.41096e+6 
          17850      1.38183e+6 
          17950      1.35339e+6 
          18050      1.32513e+6 
          18150      1.23109e+6 
          18250      1.26299e+6 
          18350      1.24692e+6 
          18450      1.22204e+6 
          18550      1.19762e+6 
          18650      1.17236e+6 
          18750      1.08937e+6 
          18850      1.12556e+6 
          18950      1.10616e+6 
          19050      1.08461e+6 
          19150      1.06365e+6 
          19250      1.04318e+6 
          19350      1.02125e+6 
          19450          949077 
          19550          982763 
          19650          966102 
          19750          947960 
          19850          930239 
          19950          912929 
          20050          896020 
          20150          879503 
          20250          863360 
          20350          847591 
          20450          832178 
          20550          817114 
          20650          802398 
          20750          788007 
          20850          773932 
          20950          760175 
          21050          746721 
          21150          733562 
          21250          720701 
          21350          708106 
          21450          695795 
          21550          682668 
          21650          637186 
          21750          657971 
          21850          649145 
          21950          638107 
          22050          627303 
          22150          616722 
          22250          606366 
          22350          596224 
          22450          586290 
          22550          576567 
          22650          567045 
          22750          557725 
          22850          549196 
          22950          540322 
          23050          531623 
          23150          523097 
          23250          514739 
          23350          506539 
          23450          498474 
          23550          490548 
          23650          482710 
          23750          475061 
          23850          467496 
          23950          460073 
          24050          452562 
          24150          444972 
          24250          439561 
          24350          431269 
          24450          423929 
          24550          419732 
          24650          411448 
          24750          405356 
          24850          402906 
          24950          387803 
          25050          391167 
          25150          385662 
          25250          368414 
          25350          374025 
          25450          369603 
          25550          363362 
          25650          344754 
          25750          353439 
          25850          349030 
          25950          343989 
          26050          336640 
          26150          318882 
          26250          311662 
          26350          323430 
          26450          320817 
          26550          316496 
          26650          310757 
          26750          291112 
          26850          301975 
          26950          298965 
          27050          294777 
          27150          290657 
          27250          286610 
          27350          282629 
          27450          278339 
          27550          262236 
          27650          267266 
          27750          267373 
          27850          263752 
          27950          260165 
          28050          256643 
          28150          253177 
          28250          249769 
          28350          246421 
          28450          243128 
          28550          239884 
          28650          234646 
          28750          221818 
          28850          230010 
          28950          227462 
          29050          224483 
          29150          221554 
          29250          218672 
          29350          215837 
          29450          213045 
          29550          210303 
          29650          207601 
          29750          204943 
          29850          202325 
          29950          199750 
          30050          197217 
          30150          194726 
          30250          192069 
          30350          182700 
          30450          183643 
          30550          185030 
          30650          182838 
          30750          180571 
          30850          178338 
          30950          176141 
          31050          173977 
          31150          171844 
          31250          169747 
          31350          167677 
          31450          165645 
          31550          163639 
          31650          161662 
          31750          159719 
          31850          157804 
          31950          155917 
          32100          153140 
          32300          149530 
          32500          146030 
          32700          142625 
          32900          135261 
          33100          135214 
          33300          132738 
          33500          129755 
          33700          126843 
          33900          124003 
          34100          121244 
          34300          118560 
          34500          115945 
          34700          113405 
          34900          110921 
          35100          108520 
          35300          106184 
          35500          103855 
          35700          101574 
          35900         99656.6 
          36100         97231.4 
          36300         95548.2 
          36500         93078.8 
          36700         91683.9 
          36900         89049.3 
          37100         87916.6 
          37300         85170.2 
          37500         82163.8 
          37700         82717.8 
          37900         81112.7 
          38100         78716.6 
          38300         77367.6 
          38500         76398.1 
          38700         74903.7 
          38900         73343.7 
          39100         70530.3 
          39300         70621.7 
          39500         69367.5 
          39700         68024.9 
          39900         66712.9 
          40100         64701.9 
          40300         63038.4 
          40500         61434.3 
          40700         61707.6 
          40900         60614.6 
          41100         59479.7 
          41300         58370.5 
          41500         57240.6 
          41700         54673.6 
          41900         55127.2 
          42100           54188 
          42300           53201 
          42500         52236.3 
          42700         51293.6 
          42900         50372.2 
          43100         49469.8 
          43300         48589.9 
          43500           47728 
          43700         45745.5 
          43900         45812.5 
          44100         45256.5 
          44300         44468.7 
          44500           43697 
          44700         43012.7 
          44900         42208.1 
          45100         41486.3 
          45300         40781.2 
          45500         40090.5 
          45700         39413.8 
          45900         38749.2 
          46100         38094.7 
          46300         37423.6 
          46500         35872.3 
          46700           35196 
          46900         35540.4 
          47100         35045.7 
          47300         34480.5 
          47500         33923.6 
          47700         33374.8 
          47900         32835.6 
          48100         32305.8 
          48300         31793.4 
          48500         31278.7 
          48700         30788.8 
          48900         30293.3 
          49100         29825.1 
          49300         29341.8 
          49500         28906.8 
          49700         28415.3 
          49900         28017.1 
          50100         27577.7 
          50300         27102.7 
          50500         26748.1 
          50700         26335.3 
          50900         25843.7 
          51100         25483.1 
          51300         24491.7 
          51500         24739.4 
          51700         24284.8 
          51900         24053.2 
          52100         23739.8 
          52300         23387.8 
          52500         22961.2 
          52700         22517.3 
          52900         22356.8 
          53100         22041.7 
          53300         21721.5 
          53500         21405.4 
          53700           20934 
          53900         20644.1 
          54100           20493 
          54300         20200.5 
          54500           19913 
          54700         19629.1 
          54900         19351.4 
          55100         19016.3 
          55300         18535.3 
          55500         18536.5 
          55700         18288.3 
          55900         18033.5 
          56100         17784.2 
          56300         17538.1 
          56500         17297.3 
          56700         17059.5 
          56900         16808.3 
          57100         16273.6 
          57300           16338 
          57500         16150.5 
          57700         15932.4 
          57900           15718 
          58100         15508.4 
          58300         15292.5 
          58500         15091.2 
          58700         14887.9 
          58900         14654.5 
          59100         14125.2 
          59300         14278.6 
          59500         13849.7 
          59700         13847.9 
          59900         13754.6 
          60100         13582.9 
          60300           13409 
          60500         13262.9 
          60700         13091.8 
          60900         12924.6 
          61100         12759.4 
          61300         12597.1 
          61500         12437.6 
          61700         12279.9 
          61900           12125 
          62100         11972.8 
          62300         11823.2 
          62500         11660.9 
          62700         11488.9 
          62900         11088.4 
          63100         11190.4 
          63300         11093.5 
          63500         10971.4 
          63700         10836.7 
          63900         10704.4 
          64200         10509.5 
          64600           10257 
          65000         10010.7 
          65400         9773.28 
          65800         9536.48 
          66200         9312.41 
          66600         9096.42 
          67000         8884.91 
          67400         8659.51 
          67800         8355.21 
          68200         8273.69 
          68600         8102.23 
          69000         7919.94 
          69400         7724.02 
          69800         7569.25 
          70200         7401.36 
          70600         7236.78 
          71000         7056.67 
          71400         6924.69 
          71800         6774.38 
          72200         6628.13 
          72600         6460.44 
          73000         6342.75 
          73400         6212.35 
          73800         6080.93 
          74200         5944.72 
          74600          5737.5 
          75000         5564.14 
          75400         5571.13 
          75800         5474.85 
          76200         5362.83 
          76600         5253.68 
          77000         5147.26 
          77400          5041.5 
          77800         4898.67 
          78200         4841.85 
          78600         4747.63 
          79000         4653.85 
          79400         4562.38 
          79800         4473.16 
          80200         4386.07 
          80600         4301.12 
          81000         4218.15 
          81400         4099.13 
          81800         4046.64 
          82200         3981.15 
          82600         3905.85 
          83000         3832.32 
          83400         3760.55 
          83800          3690.4 
          84200         3621.89 
          84600         3554.98 
          85000         3489.58 
          85400         3425.72 
          85800         3363.25 
          86200         3301.64 
          86600         3199.98 
          87000         3180.72 
          87400         3101.03 
          87800         3047.28 
          88200         3017.08 
          88600         2963.22 
          89000         2911.63 
          89400          2860.7 
          89800         2810.79 
          90200         2761.97 
          90600         2711.98 
          91000         2667.54 
          91400         2621.83 
          91800         2577.08 
          92200         2533.28 
          92600         2484.77 
          93000         2448.46 
          93400         2407.36 
          93800         2336.01 
          94200         2320.92 
          94600         2289.21 
          95000         2248.19 
          95400         2210.46 
          95800          2178.2 
          96200          2142.7 
          96600         2107.92 
          97000         2073.83 
          97400         2040.43 
          97800         2007.71 
          98200         1973.57 
          98600         1937.63 
          99000          1913.4 
          99400          1883.2 
          99800         1853.61 
         100200         1824.58 
         200000         117.832 
         400000         7.41992 
         600000         1.46433 
         800000           0.462 
         1.0e+6        0.188628 
         1.2e+6       0.0906819 
         1.4e+6       0.0488095 
         1.6e+6       0.0285402 
