# Kurucz ODFNEW /NOVER (2003)
# teff = 31000 K (value for the effective temperature for the model. Temperatures are given in K)
# logg = 5 log(cm/s2) (value for Log(G) for the model.)
# meta = 0  (value for the Metallicity for the model.)
# lh = 1.25  (l/Hp where l is the  mixing length of the convective element and Hp is the pressure scale height)
# vtur = 2 km/s (Microturbulence velocity)
# alpha = 0.4  (Alpha)
#
# column 1: WAVELENGTH (ANGSTROM), Wavelength in Angstrom
# column 2: FLUX (ERG/CM2/S/A), Flux in erg/cm2/s/A
          147.2      6.19623e-8 
            151       1.8102e-7 
          155.2      5.59361e-7 
          158.8      1.40852e-6 
            162      3.10352e-6 
            166      8.00967e-6 
          170.3      2.11369e-5 
          173.4      4.16679e-5 
          176.8      8.51473e-5 
          180.2     0.000169663 
          181.7     0.000228092 
          186.1     0.000531125 
            191      0.00130643 
          193.9      0.00218038 
          198.4      0.00469493 
          201.8      0.00820478 
            205       0.0136546 
          210.5       0.0317009 
          216.2       0.0725984 
          219.8        0.120118 
            223        0.185384 
          226.8        0.314247 
            230         27.6679 
            234         58.4978 
            240         106.982 
          246.5         202.314 
          252.4         354.626 
          256.8         506.657 
            260         746.883 
            264         1018.31 
          268.5         1539.17 
          273.5         2298.79 
          278.5         3273.02 
            284         6067.86 
            290         9201.43 
            296         13523.7 
            301         18368.5 
            308         33225.9 
            318         65902.7 
            328          107965 
            338          189832 
            348          308242 
            357        1.003e+6 
            366      2.04325e+6 
            375      2.70227e+6 
            385      4.15425e+6 
            395      8.38885e+6 
            405      1.09223e+7 
            414      1.58621e+7 
            422      1.86002e+7 
            430      2.32232e+7 
            441      3.01587e+7 
            451      3.71282e+7 
            460      4.28841e+7 
            470      5.36784e+7 
            480       6.4976e+7 
            490      7.81592e+7 
            500      9.46118e+7 
            506      2.27919e+8 
            512      1.60108e+9 
            520      1.53269e+9 
            530      1.54581e+9 
            540      1.43741e+9 
            550      1.87368e+9 
            560      2.17088e+9 
            570      2.29505e+9 
            580      2.09497e+9 
            590        2.416e+9 
            600      2.21213e+9 
            610      2.58071e+9 
            620      2.84409e+9 
            630      2.86054e+9 
            640      2.70921e+9 
            650      2.89703e+9 
            658      2.77376e+9 
            665      3.01809e+9 
            675      3.07593e+9 
            685       2.7871e+9 
            695      3.54567e+9 
            705      3.15512e+9 
            716      3.79598e+9 
            726      3.71429e+9 
            735      3.79139e+9 
            745      3.99397e+9 
            755      4.02785e+9 
            765      4.20584e+9 
            775      4.34074e+9 
            785      4.52069e+9 
            795      4.50424e+9 
            805      4.48337e+9 
            815      4.48661e+9 
            825      4.74597e+9 
            835      3.99588e+9 
            845      4.66411e+9 
            855      4.66345e+9 
            865      4.83096e+9 
            875      4.93334e+9 
            885      5.11878e+9 
            895      5.21479e+9 
            905      5.10432e+9 
            915      5.37404e+9 
            925     1.77264e+10 
            935     3.44545e+10 
            945     6.31352e+10 
            955     7.62608e+10 
            965     9.62997e+10 
            975     2.81929e+10 
            985     8.55521e+10 
            995     7.55342e+10 
           1005     8.12559e+10 
           1015     8.27856e+10 
           1025     4.42555e+10 
           1035      7.3853e+10 
           1045     9.48219e+10 
           1055     8.89339e+10 
           1065     7.05679e+10 
           1075     7.79587e+10 
           1085     7.12609e+10 
           1095     7.84046e+10 
           1105      7.2333e+10 
           1115      7.0199e+10 
           1125     5.26476e+10 
           1135     6.83873e+10 
           1145     6.18072e+10 
           1155     6.10889e+10 
           1165      6.0783e+10 
           1175     3.95851e+10 
           1185     5.58431e+10 
           1195     5.25249e+10 
           1205     4.41664e+10 
           1215     2.86153e+10 
           1225     4.71745e+10 
           1235     5.24849e+10 
           1245     5.07483e+10 
           1255     5.02848e+10 
           1265     5.08984e+10 
           1275     5.17369e+10 
           1285     5.12086e+10 
           1295     4.19945e+10 
           1305     4.39393e+10 
           1315     4.92843e+10 
           1325     4.63845e+10 
           1335       4.528e+10 
           1345     4.38762e+10 
           1355     4.42159e+10 
           1365     4.09722e+10 
           1375     3.97169e+10 
           1385     3.82145e+10 
           1395     2.60029e+10 
           1405     2.85921e+10 
           1415     3.53412e+10 
           1425     3.27691e+10 
           1435     3.43172e+10 
           1442     3.48944e+10 
           1447     3.43909e+10 
           1455     3.29194e+10 
           1465     3.13464e+10 
           1475     3.14422e+10 
           1485     3.10048e+10 
           1495      3.0133e+10 
           1505     2.78394e+10 
           1512     2.64749e+10 
           1517     2.68278e+10 
           1525     2.66637e+10 
           1535     2.28622e+10 
           1545     2.12762e+10 
           1555     2.07246e+10 
           1565     2.23694e+10 
           1575     2.34546e+10 
           1585     2.32091e+10 
           1595     2.32936e+10 
           1605     2.25758e+10 
           1615     2.15445e+10 
           1625     2.16968e+10 
           1635     2.21439e+10 
           1645     2.19645e+10 
           1655     2.19365e+10 
           1665     2.16412e+10 
           1672     2.05211e+10 
           1677     2.28798e+10 
           1685      2.1912e+10 
           1695     2.09474e+10 
           1705      2.0359e+10 
           1715     1.95946e+10 
           1725     1.86844e+10 
           1735     1.93131e+10 
           1745     1.90986e+10 
           1755     1.88852e+10 
           1765     1.85207e+10 
           1775     1.76525e+10 
           1785     1.78077e+10 
           1795     1.77653e+10 
           1805     1.77621e+10 
           1815     1.67149e+10 
           1825     1.67969e+10 
           1835      1.6441e+10 
           1845     1.50879e+10 
           1855      1.5334e+10 
           1865     1.54765e+10 
           1875     1.53762e+10 
           1885     1.41691e+10 
           1895     1.34189e+10 
           1905     1.41161e+10 
           1915      1.3479e+10 
           1925     1.27101e+10 
           1935     1.34383e+10 
           1945     1.37147e+10 
           1955       1.239e+10 
           1967     1.30406e+10 
           1976      1.3611e+10 
           1984     1.26746e+10 
           1995     1.24585e+10 
           2005     1.26241e+10 
           2015     1.25873e+10 
           2025     1.26488e+10 
           2035     1.18662e+10 
           2045     1.18342e+10 
           2055     1.06756e+10 
           2065     1.05397e+10 
           2074     1.07857e+10 
           2078     1.03045e+10 
           2085     1.05257e+10 
           2095     1.03242e+10 
           2105     1.09005e+10 
           2115     1.09611e+10 
           2125     1.08832e+10 
           2135     1.06996e+10 
           2145     1.03668e+10 
           2155     1.04939e+10 
           2165     1.02573e+10 
           2175     1.01759e+10 
           2185      9.95674e+9 
           2195      9.98664e+9 
           2205      9.86062e+9 
           2215      9.62973e+9 
           2225      9.49771e+9 
           2235       9.3292e+9 
           2245       9.2814e+9 
           2255      9.00812e+9 
           2265      9.01981e+9 
           2275      8.89338e+9 
           2285      8.69666e+9 
           2295      7.97158e+9 
           2305      8.38118e+9 
           2315      8.27308e+9 
           2325       8.1951e+9 
           2335      8.03523e+9 
           2345      8.02781e+9 
           2355       7.9034e+9 
           2365      7.80236e+9 
           2375      7.62793e+9 
           2385      7.46011e+9 
           2395      7.39006e+9 
           2405       7.3372e+9 
           2415      7.19776e+9 
           2425      7.14685e+9 
           2435      6.97898e+9 
           2445       6.9239e+9 
           2455      6.84761e+9 
           2465       6.7717e+9 
           2475      6.65313e+9 
           2485      6.50147e+9 
           2495      5.19582e+9 
           2505      6.22337e+9 
           2513      6.02214e+9 
           2518      6.09807e+9 
           2525      6.21026e+9 
           2535      6.16605e+9 
           2545      5.94378e+9 
           2555      5.94004e+9 
           2565      5.84629e+9 
           2575      5.82427e+9 
           2585      5.76407e+9 
           2595      5.68617e+9 
           2605       5.6376e+9 
           2615      5.54608e+9 
           2625      5.49188e+9 
           2635      5.41848e+9 
           2645      5.33747e+9 
           2655       5.2696e+9 
           2665      5.11672e+9 
           2675      5.07221e+9 
           2685      5.06863e+9 
           2695       4.9096e+9 
           2705       4.8485e+9 
           2715      4.81689e+9 
           2725      4.75537e+9 
           2735      4.69256e+9 
           2745      4.65573e+9 
           2755      4.61122e+9 
           2765       4.5255e+9 
           2775      4.54103e+9 
           2785      4.45801e+9 
           2795      4.28748e+9 
           2805      4.32294e+9 
           2815      4.32223e+9 
           2825      4.24056e+9 
           2835      4.12839e+9 
           2845      4.16593e+9 
           2855      4.08656e+9 
           2865      4.04789e+9 
           2875      3.99403e+9 
           2885      3.95078e+9 
           2895      3.89566e+9 
           2910      3.79296e+9 
           2930      3.74895e+9 
           2950      3.62872e+9 
           2970      3.57126e+9 
           2990      3.47367e+9 
           3010      3.34529e+9 
           3030      3.29228e+9 
           3050       3.2469e+9 
           3070      3.19958e+9 
           3090      3.06257e+9 
           3110      3.05022e+9 
           3130      2.95942e+9 
           3150      2.91022e+9 
           3170      2.83826e+9 
           3190      2.77165e+9 
           3210      2.72775e+9 
           3230       2.6575e+9 
           3250      2.61794e+9 
           3270      2.55007e+9 
           3290      2.50019e+9 
           3310      2.44941e+9 
           3330      2.39021e+9 
           3350       2.3445e+9 
           3370      2.29231e+9 
           3390       2.2597e+9 
           3410      2.21247e+9 
           3430      2.16981e+9 
           3450        2.115e+9 
           3470       2.0742e+9 
           3490       2.0312e+9 
           3510      1.99561e+9 
           3530      1.96444e+9 
           3550      1.92294e+9 
           3570      1.89285e+9 
           3590      1.83692e+9 
           3610      1.81382e+9 
           3630      1.77219e+9 
           3640      1.76846e+9 
           3650      1.73673e+9 
           3670      1.71461e+9 
           3690      1.68431e+9 
           3710      1.61811e+9 
           3730      1.57882e+9 
           3750      1.55158e+9 
           3770      1.49458e+9 
           3790      1.53324e+9 
           3810      1.57664e+9 
           3830      1.39614e+9 
           3850      1.59257e+9 
           3870      1.58018e+9 
           3890      1.30413e+9 
           3910      1.58645e+9 
           3930      1.55359e+9 
           3950      1.50672e+9 
           3970      1.20633e+9 
           3990      1.46287e+9 
           4010      1.46511e+9 
           4030      1.38079e+9 
           4050      1.42274e+9 
           4070      1.34459e+9 
           4090       1.2336e+9 
           4110      1.10779e+9 
           4130      1.28834e+9 
           4150      1.28279e+9 
           4170      1.28295e+9 
           4190      1.25981e+9 
           4210      1.24719e+9 
           4230       1.2213e+9 
           4250      1.17967e+9 
           4270      1.14986e+9 
           4290      1.12895e+9 
           4310      1.09169e+9 
           4330      9.95709e+8 
           4350      9.15359e+8 
           4370      1.04168e+9 
           4390      1.02658e+9 
           4410      1.02666e+9 
           4430      1.02189e+9 
           4450      9.99805e+8 
           4470      9.45627e+8 
           4490       9.6841e+8 
           4510      9.61248e+8 
           4530       9.4863e+8 
           4550      9.31592e+8 
           4570      9.16457e+8 
           4590      8.98653e+8 
           4610      8.77578e+8 
           4630      8.62807e+8 
           4650      8.28604e+8 
           4670      8.37294e+8 
           4690      8.26777e+8 
           4710      7.94773e+8 
           4730      8.07279e+8 
           4750      7.92246e+8 
           4770      7.88647e+8 
           4790      7.75129e+8 
           4810      7.56859e+8 
           4830      7.36829e+8 
           4850      6.78585e+8 
           4870      6.10137e+8 
           4890      7.04143e+8 
           4910        6.997e+8 
           4930      6.74086e+8 
           4950      6.77936e+8 
           4970      6.75907e+8 
           4990      6.65129e+8 
           5010      6.38816e+8 
           5030      6.42651e+8 
           5050      6.30317e+8 
           5070      6.27113e+8 
           5090      6.15724e+8 
           5110      6.06369e+8 
           5130      5.96224e+8 
           5150      5.88137e+8 
           5170      5.80198e+8 
           5190      5.73134e+8 
           5210      5.64454e+8 
           5230      5.57321e+8 
           5250      5.49215e+8 
           5270      5.40578e+8 
           5290      5.34048e+8 
           5310      5.26265e+8 
           5330      5.19008e+8 
           5350      5.11331e+8 
           5370      5.04759e+8 
           5390      4.96923e+8 
           5410      4.89819e+8 
           5430      4.83956e+8 
           5450      4.76732e+8 
           5470      4.70306e+8 
           5490      4.64173e+8 
           5510      4.58303e+8 
           5530      4.51594e+8 
           5550      4.46021e+8 
           5570      4.39934e+8 
           5590      4.33886e+8 
           5610      4.28176e+8 
           5630      4.22751e+8 
           5650      4.16235e+8 
           5670      4.09624e+8 
           5690      4.02269e+8 
           5710       3.9874e+8 
           5730      3.94538e+8 
           5750      3.87811e+8 
           5770      3.84866e+8 
           5790      3.79571e+8 
           5810      3.74675e+8 
           5830      3.69105e+8 
           5850      3.64857e+8 
           5870       3.4873e+8 
           5890      3.52892e+8 
           5910      3.50227e+8 
           5930      3.45984e+8 
           5950      3.41491e+8 
           5970      3.38498e+8 
           5990      3.33302e+8 
           6010      3.29804e+8 
           6030      3.25279e+8 
           6050      3.21516e+8 
           6070      3.17795e+8 
           6090      3.13913e+8 
           6110      3.09995e+8 
           6130      3.06331e+8 
           6150      3.01533e+8 
           6170      2.98206e+8 
           6190      2.95063e+8 
           6210      2.91661e+8 
           6230      2.88199e+8 
           6250      2.84304e+8 
           6270      2.81055e+8 
           6290      2.77852e+8 
           6310      2.74239e+8 
           6330      2.71286e+8 
           6350      2.67544e+8 
           6370      2.64901e+8 
           6390      2.61686e+8 
           6410      2.58561e+8 
           6430      2.55697e+8 
           6450      2.52647e+8 
           6470      2.48757e+8 
           6490       2.4609e+8 
           6510       2.4298e+8 
           6530       2.3872e+8 
           6550      2.27175e+8 
           6570      2.01653e+8 
           6590      2.28511e+8 
           6610      2.29088e+8 
           6630      2.27313e+8 
           6650       2.2456e+8 
           6670      2.19616e+8 
           6690      2.17312e+8 
           6710       2.1724e+8 
           6730      2.14329e+8 
           6750      2.12639e+8 
           6770      2.10307e+8 
           6790      2.06905e+8 
           6810       2.0544e+8 
           6830      2.02906e+8 
           6850      2.01016e+8 
           6870      1.98754e+8 
           6890      1.96181e+8 
           6910      1.93595e+8 
           6930       1.9237e+8 
           6950      1.90313e+8 
           6970      1.88253e+8 
           6990      1.86175e+8 
           7010      1.84125e+8 
           7030      1.82065e+8 
           7050      1.80154e+8 
           7070      1.75398e+8 
           7090      1.76351e+8 
           7110       1.7413e+8 
           7130      1.72362e+8 
           7150      1.70773e+8 
           7170      1.68979e+8 
           7190      1.67224e+8 
           7210      1.65464e+8 
           7230      1.62042e+8 
           7250      1.61586e+8 
           7270      1.60306e+8 
           7290      1.57344e+8 
           7310      1.56949e+8 
           7330      1.55309e+8 
           7350      1.53711e+8 
           7370      1.52164e+8 
           7390      1.50603e+8 
           7410       1.4905e+8 
           7430      1.47498e+8 
           7450      1.45988e+8 
           7470      1.43654e+8 
           7490      1.42895e+8 
           7510      1.41554e+8 
           7530      1.40032e+8 
           7550      1.38769e+8 
           7570      1.37379e+8 
           7590       1.3597e+8 
           7610      1.34306e+8 
           7630       1.3326e+8 
           7650      1.31901e+8 
           7670      1.30651e+8 
           7690      1.29309e+8 
           7710      1.28037e+8 
           7730      1.26657e+8 
           7750      1.25552e+8 
           7770      1.24102e+8 
           7790      1.23124e+8 
           7810      1.21877e+8 
           7830      1.20739e+8 
           7850      1.19617e+8 
           7870       1.1814e+8 
           7890       1.1687e+8 
           7910      1.16123e+8 
           7930      1.14969e+8 
           7950      1.13867e+8 
           7970      1.12756e+8 
           7990      1.11673e+8 
           8010      1.10664e+8 
           8030      1.09564e+8 
           8050      1.08538e+8 
           8070      1.07526e+8 
           8090       1.0638e+8 
           8110      1.04572e+8 
           8130       1.0448e+8 
           8150      1.03475e+8 
           8170      1.02602e+8 
           8190      1.00944e+8 
           8210      1.00224e+8 
           8230      9.92369e+7 
           8250      9.87121e+7 
           8270      9.67976e+7 
           8290      9.67751e+7 
           8310      9.60534e+7 
           8330      9.51421e+7 
           8350      9.38872e+7 
           8370      9.31971e+7 
           8390      9.25874e+7 
           8410      9.16681e+7 
           8430      9.08997e+7 
           8450      8.94938e+7 
           8470      8.92818e+7 
           8490      8.82867e+7 
           8510      8.75341e+7 
           8530      8.66684e+7 
           8550      8.58512e+7 
           8570      8.54048e+7 
           8590      8.33891e+7 
           8610      8.33629e+7 
           8630      8.34322e+7 
           8650      8.16572e+7 
           8670      7.97924e+7 
           8690      8.11467e+7 
           8710      8.10227e+7 
           8730      7.89466e+7 
           8750      7.51958e+7 
           8770      7.68615e+7 
           8790      7.83796e+7 
           8810       7.8194e+7 
           8830        7.684e+7 
           8850      7.28134e+7 
           8870      6.95694e+7 
           8890      7.41284e+7 
           8910      7.49253e+7 
           8930      7.45759e+7 
           8950      7.41066e+7 
           8970      7.31585e+7 
           8990      7.07404e+7 
           9010      6.45284e+7 
           9030      6.64328e+7 
           9050      6.99113e+7 
           9070      6.95804e+7 
           9090      6.97396e+7 
           9110      6.94928e+7 
           9130      6.89491e+7 
           9150      6.83285e+7 
           9170       6.7417e+7 
           9190      6.63924e+7 
           9210      6.30754e+7 
           9230      5.68369e+7 
           9250      6.18486e+7 
           9270      6.39143e+7 
           9290      6.41763e+7 
           9310      6.35792e+7 
           9330      6.32074e+7 
           9350      6.28942e+7 
           9370      6.24672e+7 
           9390      6.19749e+7 
           9410      6.13884e+7 
           9430      6.09122e+7 
           9450      6.03172e+7 
           9470      5.94326e+7 
           9490      5.90192e+7 
           9510      5.75507e+7 
           9530      5.45717e+7 
           9550      4.93287e+7 
           9570       5.4787e+7 
           9590      5.63201e+7 
           9610       5.6139e+7 
           9630      5.56095e+7 
           9650      5.57514e+7 
           9670      5.53357e+7 
           9690      5.48507e+7 
           9710      5.41175e+7 
           9730      5.40027e+7 
           9750      5.35991e+7 
           9770      5.31786e+7 
           9790      5.27532e+7 
           9810      5.22487e+7 
           9830      5.19232e+7 
           9850      5.14718e+7 
           9870      5.10817e+7 
           9890      5.05672e+7 
           9910      4.99758e+7 
           9930      4.99008e+7 
           9950      4.94683e+7 
           9970      4.89706e+7 
           9990      4.84689e+7 
          10025      4.54771e+7 
          10075      4.39394e+7 
          10125      4.58768e+7 
          10175      4.54052e+7 
          10225      4.45334e+7 
          10275      4.37228e+7 
          10325      4.27138e+7 
          10375      4.21106e+7 
          10425      4.13332e+7 
          10475      4.05688e+7 
          10525      3.98136e+7 
          10575      3.90943e+7 
          10625      3.83802e+7 
          10675      3.76182e+7 
          10725      3.70095e+7 
          10775      3.63391e+7 
          10825      3.52969e+7 
          10875      3.48011e+7 
          10925      3.12761e+7 
          10975      3.26622e+7 
          11025      3.29431e+7 
          11075      3.26033e+7 
          11125      3.20796e+7 
          11175      3.15337e+7 
          11225      3.09754e+7 
          11275      3.04375e+7 
          11325      2.98697e+7 
          11375      2.94097e+7 
          11425      2.89076e+7 
          11475      2.84313e+7 
          11525      2.79605e+7 
          11575      2.74782e+7 
          11625      2.70152e+7 
          11675       2.6538e+7 
          11725      2.61461e+7 
          11775       2.5711e+7 
          11825      2.52876e+7 
          11875      2.48793e+7 
          11925      2.44737e+7 
          11975      2.37622e+7 
          12025       2.3689e+7 
          12075      2.33093e+7 
          12125      2.29342e+7 
          12175      2.25694e+7 
          12225      2.22099e+7 
          12275      2.18603e+7 
          12325        2.151e+7 
          12375      2.11719e+7 
          12425      2.08472e+7 
          12475      2.05032e+7 
          12525      2.01367e+7 
          12575      1.98735e+7 
          12625      1.95689e+7 
          12675      1.92816e+7 
          12725      1.89368e+7 
          12775      1.82371e+7 
          12825       1.6696e+7 
          12875      1.79102e+7 
          12925      1.78255e+7 
          12975      1.74429e+7 
          13025      1.73162e+7 
          13075      1.70773e+7 
          13125      1.68246e+7 
          13175      1.65743e+7 
          13225      1.63318e+7 
          13275       1.6092e+7 
          13325      1.58523e+7 
          13375      1.56074e+7 
          13425      1.53774e+7 
          13475      1.51712e+7 
          13525      1.49396e+7 
          13575      1.47381e+7 
          13625      1.45013e+7 
          13675      1.43213e+7 
          13725      1.41034e+7 
          13775      1.39216e+7 
          13825      1.37259e+7 
          13875      1.35318e+7 
          13925      1.33289e+7 
          13975      1.31544e+7 
          14025       1.2962e+7 
          14075      1.27944e+7 
          14125      1.26146e+7 
          14175      1.24437e+7 
          14225      1.22735e+7 
          14275      1.21037e+7 
          14325      1.19403e+7 
          14375      1.17777e+7 
          14425      1.16196e+7 
          14475       1.1463e+7 
          14525       1.1308e+7 
          14570      1.11717e+7 
          14620      1.10239e+7 
          14675      1.08637e+7 
          14725      1.07197e+7 
          14775      1.05757e+7 
          14825        1.044e+7 
          14875      1.03032e+7 
          14925       1.0169e+7 
          14975      1.00372e+7 
          15025      9.90341e+6 
          15075      9.75941e+6 
          15125       9.6535e+6 
          15175      9.52978e+6 
          15225      9.40748e+6 
          15275      9.28706e+6 
          15325      9.16881e+6 
          15375      9.05222e+6 
          15425      8.93457e+6 
          15475      8.82407e+6 
          15525      8.71075e+6 
          15575      8.59527e+6 
          15625      8.49977e+6 
          15675      8.37817e+6 
          15725      8.26708e+6 
          15775      8.18947e+6 
          15825      8.08184e+6 
          15875      7.92981e+6 
          15925      7.86866e+6 
          15975      7.80265e+6 
          16050      7.63294e+6 
          16150      7.40799e+6 
          16250      7.30967e+6 
          16350       7.0751e+6 
          16450      6.84553e+6 
          16550      6.81215e+6 
          16650      6.65977e+6 
          16750      6.40714e+6 
          16850      6.17753e+6 
          16950      6.19743e+6 
          17050      6.02956e+6 
          17150      5.93576e+6 
          17250      5.77877e+6 
          17350      5.42137e+6 
          17450      5.49018e+6 
          17550      5.41887e+6 
          17650      5.30104e+6 
          17750      5.18325e+6 
          17850      5.06681e+6 
          17950      4.95988e+6 
          18050      4.83581e+6 
          18150      4.52502e+6 
          18250      4.57273e+6 
          18350      4.54182e+6 
          18450      4.44889e+6 
          18550      4.34851e+6 
          18650      4.21112e+6 
          18750      3.94987e+6 
          18850      4.07442e+6 
          18950      4.00174e+6 
          19050      3.90274e+6 
          19150      3.83938e+6 
          19250      3.76269e+6 
          19350      3.66142e+6 
          19450      3.40209e+6 
          19550       3.5105e+6 
          19650      3.46881e+6 
          19750      3.40016e+6 
          19850      3.33291e+6 
          19950       3.2674e+6 
          20050       3.2034e+6 
          20150      3.14097e+6 
          20250      3.07998e+6 
          20350      3.02059e+6 
          20450      2.96157e+6 
          20550      2.89936e+6 
          20650      2.85059e+6 
          20750      2.79588e+6 
          20850      2.74373e+6 
          20950      2.69194e+6 
          21050      2.64075e+6 
          21150      2.58088e+6 
          21250      2.54497e+6 
          21350      2.49788e+6 
          21450      2.45073e+6 
          21550      2.39275e+6 
          21650      2.22056e+6 
          21750      2.29711e+6 
          21850      2.27597e+6 
          21950      2.23824e+6 
          22050       2.1983e+6 
          22150      2.15922e+6 
          22250      2.12053e+6 
          22350      2.08372e+6 
          22450      2.04711e+6 
          22550      2.01136e+6 
          22650      1.97638e+6 
          22750      1.94216e+6 
          22850      1.90868e+6 
          22950      1.87606e+6 
          23050      1.84365e+6 
          23150      1.81264e+6 
          23250      1.78203e+6 
          23350      1.75201e+6 
          23450      1.72258e+6 
          23550      1.69378e+6 
          23650      1.66548e+6 
          23750      1.63786e+6 
          23850      1.61097e+6 
          23950      1.58428e+6 
          24050      1.55837e+6 
          24150      1.53302e+6 
          24250       1.5081e+6 
          24350      1.48367e+6 
          24450      1.45971e+6 
          24550       1.4364e+6 
          24650      1.41324e+6 
          24750      1.38819e+6 
          24850      1.36874e+6 
          24950      1.34648e+6 
          25050       1.3259e+6 
          25150      1.30502e+6 
          25250       1.2833e+6 
          25350       1.2644e+6 
          25450      1.24541e+6 
          25550      1.22512e+6 
          25650       1.2039e+6 
          25750      1.18792e+6 
          25850      1.17069e+6 
          25950      1.15234e+6 
          26050      1.13113e+6 
          26150      1.10261e+6 
          26250       1.0355e+6 
          26350      1.07443e+6 
          26450      1.06783e+6 
          26550      1.05162e+6 
          26650      1.03398e+6 
          26750      1.01068e+6 
          26850      1.00333e+6 
          26950          993405 
          27050          979946 
          27150          965688 
          27250          951663 
          27350          937565 
          27450          920397 
          27550          893625 
          27650          887321 
          27750          882943 
          27850          872679 
          27950          860321 
          28050          848069 
          28150          836255 
          28250          824539 
          28350          813060 
          28450          801723 
          28550          788352 
          28650          769869 
          28750          746109 
          28850          753438 
          28950          747164 
          29050          737832 
          29150          727813 
          29250          717957 
          29350          708263 
          29450          698683 
          29550          689389 
          29650          680161 
          29750          671127 
          29850          662198 
          29950          653374 
          30050          644819 
          30150          635658 
          30250          624669 
          30350          600069 
          30450          597719 
          30550          601240 
          30650          595638 
          30750          587826 
          30850          580301 
          30950          573332 
          31050          565972 
          31150          558733 
          31250          551614 
          31350          544727 
          31450          537803 
          31550          531106 
          31650          524446 
          31750          517896 
          31850          511455 
          31950          505085 
          32100          495769 
          32300          483654 
          32500          471870 
          32700          459950 
          32900          435615 
          33100          434046 
          33300          427625 
          33500          417868 
          33700          408146 
          33900          398657 
          34100          389459 
          34300          380479 
          34500          371776 
          34700          363999 
          34900          355694 
          35100          347738 
          35300          339969 
          35500          332383 
          35700          324974 
          35900          317826 
          36100          310875 
          36300          304085 
          36500          297481 
          36700          291059 
          36900          284260 
          37100          277618 
          37300          267289 
          37500          260267 
          37700          260712 
          37900          255906 
          38100          250195 
          38300          245144 
          38500          240438 
          38700          235515 
          38900          230455 
          39100          225299 
          39300          221395 
          39500          217019 
          39700          212699 
          39900          208471 
          40100          203552 
          40300          198862 
          40500          189856 
          40700          192059 
          40900          188846 
          41100          185199 
          41300          181490 
          41500          177816 
          41700          173244 
          41900          171079 
          42100          168237 
          42300          165083 
          42500          161932 
          42700          158990 
          42900          155827 
          43100          153173 
          43300          150365 
          43500          147413 
          43700          143092 
          43900          141367 
          44100          139700 
          44300          137249 
          44500          134801 
          44700          132522 
          44900          130177 
          45100          127884 
          45300          125641 
          45500          123447 
          45700          121301 
          45900          119200 
          46100          117021 
          46300          114622 
          46500          108537 
          46700          108409 
          46900          108469 
          47100          107323 
          47300          105703 
          47500          103926 
          47700          102201 
          47900          100505 
          48100         98843.8 
          48300         97216.3 
          48500         95621.8 
          48700         94061.2 
          48900         92530.9 
          49100         91031.6 
          49300         89562.9 
          49500         88124.2 
          49700         86713.2 
          49900         85331.1 
          50100         83975.8 
          50300         82646.7 
          50500         81344.9 
          50700         80068.3 
          50900         78724.9 
          51100         77050.9 
          51300           74231 
          51500         74796.2 
          51700         73983.2 
          51900           72912 
          52100         71798.2 
          52300         70706.1 
          52500         69633.9 
          52700         68581.5 
          52900         67549.6 
          53100         66536.7 
          53300         65542.3 
          53500         64567.5 
          53700         63609.3 
          53900           62670 
          54100           61748 
          54300         60842.9 
          54500         59953.3 
          54700           59080 
          54900         58222.9 
          55100         57381.6 
          55300         56554.6 
          55500         55742.9 
          55700         54946.2 
          55900         54163.1 
          56100         53394.6 
          56300         52639.1 
          56500         51896.6 
          56700         51166.6 
          56900         50449.2 
          57100         49621.5 
          57300         49045.1 
          57500         48375.2 
          57700         47706.6 
          57900         47049.5 
          58100         46404.7 
          58300         45769.8 
          58500           45169 
          58700         44476.9 
          58900         43573.7 
          59100         41832.9 
          59300         42473.6 
          59500         41959.8 
          59700         41480.4 
          59900         41052.7 
          60100         40541.1 
          60300         40005.3 
          60500         39477.7 
          60700         38959.3 
          60900         38448.9 
          61100         37947.3 
          61300         37453.5 
          61500         36968.2 
          61700         36490.5 
          61900         36020.1 
          62100         35556.9 
          62300         35101.8 
          62500         34652.8 
          62700         34101.5 
          62900         33476.5 
          63100         33216.4 
          63300         32911.8 
          63500         32517.1 
          63700         32110.8 
          63900         31709.9 
          64200         31119.9 
          64600         30354.8 
          65000         29612.3 
          65400         28893.5 
          65800         28195.3 
          66200         27518.6 
          66600           26862 
          67000         26224.2 
          67400         25529.9 
          67800         24744.4 
          68200         24401.5 
          68600         23856.8 
          69000         23307.2 
          69400         22772.6 
          69800         22254.1 
          70200         21749.7 
          70600         21259.8 
          71000         20783.3 
          71400         20319.8 
          71800         19869.6 
          72200         19431.1 
          72600         19005.3 
          73000         18591.2 
          73400         18187.7 
          73800         17795.3 
          74200         17354.9 
          74600         16547.2 
          75000         16121.3 
          75400         16226.4 
          75800         15978.9 
          76200         15651.3 
          76600         15325.8 
          77000         15008.8 
          77400           14700 
          77800         14398.6 
          78200         14105.7 
          78600         13819.8 
          79000         13541.4 
          79400         13269.6 
          79800           13005 
          80200         12746.8 
          80600         12494.7 
          81000         12248.7 
          81400         11993.9 
          81800         11769.9 
          82200         11546.4 
          82600         11323.8 
          83000         11106.7 
          83400         10894.2 
          83800         10686.9 
          84200         10484.7 
          84600         10286.8 
          85000         10094.3 
          85400          9905.4 
          85800         9721.65 
          86200         9539.87 
          86600         9327.36 
          87000         9170.62 
          87400         8908.34 
          87800         8747.69 
          88200         8698.55 
          88600         8545.32 
          89000         8392.11 
          89400         8242.71 
          89800         8096.09 
          90200         7953.14 
          90600         7812.85 
          91000         7675.62 
          91400         7541.84 
          91800         7410.54 
          92200         7282.57 
          92600         7156.96 
          93000         7034.11 
          93400         6909.21 
          93800         6750.22 
          94200         6658.63 
          94600         6567.92 
          95000         6457.62 
          95400         6349.77 
          95800          6243.9 
          96200         6140.39 
          96600         6038.77 
          97000         5939.42 
          97400          5841.9 
          97800         5746.55 
          98200         5652.95 
          98600         5561.45 
          99000         5472.01 
          99400         5383.83 
          99800         5297.64 
         100200          5213.4 
         200000         323.027 
         400000         19.7107 
         600000         3.83029 
         800000           1.197 
         1.0e+6        0.485341 
         1.2e+6        0.232112 
         1.4e+6          0.1244 
         1.6e+6       0.0724748 
