# Kurucz ODFNEW /NOVER (2003)
# teff = 9500 K (value for the effective temperature for the model. Temperatures are given in K)
# logg = 3.5 log(cm/s2) (value for Log(G) for the model.)
# meta = -0.5  (value for the Metallicity for the model.)
# lh = 1.25  (l/Hp where l is the  mixing length of the convective element and Hp is the pressure scale height)
# vtur = 2 km/s (Microturbulence velocity)
# alpha = 0  (Alpha)
#
# column 1: WAVELENGTH (ANGSTROM), Wavelength in Angstrom
# column 2: FLUX (ERG/CM2/S/A), Flux in erg/cm2/s/A
            284     1.70354e-23 
            290     1.43421e-22 
            296     7.10796e-22 
            301       2.532e-21 
            308     1.39526e-20 
            318      1.4046e-19 
            328     1.23131e-18 
            338     9.49936e-18 
            348     6.52427e-17 
            357     3.36857e-16 
            366     1.60615e-15 
            375     7.09604e-15 
            385     3.40601e-14 
            395     1.50788e-13 
            405     6.19648e-13 
            414     2.08371e-12 
            422     5.85898e-12 
            430     1.58314e-11 
            441     5.84927e-11 
            451     1.81216e-10 
            460     4.80312e-10 
            470      1.35575e-9 
            480      3.65856e-9 
            490       9.4719e-9 
            500      2.35682e-8 
            506      4.35988e-8 
            512      7.54252e-8 
            520      1.46178e-7 
            530      3.25377e-7 
            540       6.9912e-7 
            550      1.46607e-6 
            560      2.98548e-6 
            570      5.92285e-6 
            580      1.14407e-5 
            590      2.16774e-5 
            600      4.00882e-5 
            610        7.259e-5 
            620     0.000128817 
            630     0.000224234 
            640     0.000383287 
            650     0.000644016 
            658     0.000963742 
            665       0.0013598 
            675       0.0021946 
            685       0.0034893 
            695      0.00546838 
            705      0.00845438 
            716       0.0134567 
            726        0.020264 
            735       0.0289919 
            745       0.0426886 
            755       0.0621675 
            765       0.0895821 
            775        0.127804 
            785        0.180556 
            795        0.252649 
            805        0.350409 
            815        0.481721 
            825        0.656678 
            835        0.888027 
            845         1.19183 
            855         1.58741 
            865         2.09878 
            875         2.75546 
            885         3.59344 
            895         4.65597 
            905         5.99483 
            915         96.7174 
            925         719.754 
            935            1216 
            945         2026.48 
            955         2950.72 
            965         3865.74 
            975         3264.33 
            985         5496.64 
            995         6064.43 
           1005         7555.29 
           1015         8335.97 
           1025         6158.91 
           1035         10907.4 
           1045           13583 
           1055         15702.5 
           1065         17323.8 
           1075         20429.5 
           1085         23184.8 
           1095         25242.5 
           1105         73187.7 
           1115       2.5933e+6 
           1125      4.09524e+6 
           1135        5.354e+6 
           1145       4.6221e+6 
           1155      4.39274e+6 
           1165      3.39528e+6 
           1175      1.51349e+6 
           1185      1.44736e+6 
           1195         77006.6 
           1205         57914.7 
           1215           13453 
           1225         60974.6 
           1235          137818 
           1245          448641 
           1255      5.20739e+6 
           1265      9.60407e+6 
           1275      2.45139e+7 
           1285      4.05631e+7 
           1295      4.39691e+7 
           1305      2.80275e+7 
           1315      5.32952e+7 
           1325      6.33238e+7 
           1335      6.09645e+7 
           1345      7.70921e+7 
           1355        7.262e+7 
           1365       6.5211e+7 
           1375      7.10807e+7 
           1385      6.90524e+7 
           1395      7.19436e+7 
           1405      7.86923e+7 
           1415      7.64607e+7 
           1425      8.37826e+7 
           1435      7.60877e+7 
           1442      8.53444e+7 
           1447      9.22585e+7 
           1455      9.34463e+7 
           1465      8.54117e+7 
           1475      8.20394e+7 
           1485       8.6299e+7 
           1495      9.26019e+7 
           1505      9.42761e+7 
           1512      8.67791e+7 
           1517      9.34846e+7 
           1525      8.83059e+7 
           1535      8.68873e+7 
           1545      9.68691e+7 
           1555      8.48038e+7 
           1565      7.55005e+7 
           1575      8.64589e+7 
           1585      9.45488e+7 
           1595      1.00832e+8 
           1605       9.4392e+7 
           1615       9.3517e+7 
           1625      8.48824e+7 
           1635      8.88601e+7 
           1645      9.42817e+7 
           1655      7.78677e+7 
           1665       9.2953e+7 
           1672      6.84601e+7 
           1677      8.68962e+7 
           1685      9.59954e+7 
           1695       8.8547e+7 
           1705      8.50427e+7 
           1715      8.60507e+7 
           1725      8.47419e+7 
           1735      8.91618e+7 
           1745      8.65753e+7 
           1755      9.39737e+7 
           1765      8.13048e+7 
           1775      9.00073e+7 
           1785      8.88338e+7 
           1795      9.59799e+7 
           1805      9.10897e+7 
           1815      9.05164e+7 
           1825      8.65399e+7 
           1835       8.4495e+7 
           1845      7.85183e+7 
           1855      8.19909e+7 
           1865      8.21765e+7 
           1875      8.55747e+7 
           1885      8.50318e+7 
           1895      8.38807e+7 
           1905      7.98777e+7 
           1915      8.28805e+7 
           1925      8.35466e+7 
           1935      8.12807e+7 
           1945      8.55498e+7 
           1955      8.42343e+7 
           1967      8.59262e+7 
           1976      8.42335e+7 
           1984      8.22664e+7 
           1995      8.00554e+7 
           2005      7.89299e+7 
           2015      7.57973e+7 
           2025      7.56596e+7 
           2035      7.75014e+7 
           2045      7.96082e+7 
           2055      7.60877e+7 
           2065      7.49938e+7 
           2074      7.82943e+7 
           2078      8.00068e+7 
           2085      7.91533e+7 
           2095      7.64544e+7 
           2105      7.49085e+7 
           2115      7.47542e+7 
           2125      7.53096e+7 
           2135      6.55078e+7 
           2145      7.23012e+7 
           2155      7.27885e+7 
           2165      6.95899e+7 
           2175       6.8574e+7 
           2185      6.86406e+7 
           2195      7.23742e+7 
           2205      6.95497e+7 
           2215      6.41424e+7 
           2225      6.33693e+7 
           2235      6.96771e+7 
           2245      6.33014e+7 
           2255      6.22908e+7 
           2265      6.24007e+7 
           2275      6.61472e+7 
           2285      6.78315e+7 
           2295      6.37619e+7 
           2305      6.30241e+7 
           2315      6.13799e+7 
           2325      6.13932e+7 
           2335      5.88342e+7 
           2345      5.43491e+7 
           2355      6.07961e+7 
           2365       5.4826e+7 
           2375      5.80827e+7 
           2385      5.12777e+7 
           2395      5.58333e+7 
           2405      5.34108e+7 
           2415       5.4676e+7 
           2425      5.76565e+7 
           2435      5.52124e+7 
           2445      5.85831e+7 
           2455      5.64379e+7 
           2465      5.60913e+7 
           2475      5.39711e+7 
           2485      5.67416e+7 
           2495      5.49611e+7 
           2505      5.96107e+7 
           2513       5.4698e+7 
           2518      5.54186e+7 
           2525       5.2022e+7 
           2535      5.12266e+7 
           2545      5.15333e+7 
           2555       5.4382e+7 
           2565       5.4177e+7 
           2575      5.73109e+7 
           2585      5.72404e+7 
           2595      5.64756e+7 
           2605      5.41875e+7 
           2615      5.38312e+7 
           2625      5.61763e+7 
           2635      5.64343e+7 
           2645      6.13502e+7 
           2655      6.05202e+7 
           2665      5.66774e+7 
           2675      5.84604e+7 
           2685      5.84176e+7 
           2695      5.61072e+7 
           2705      5.70318e+7 
           2715      5.47112e+7 
           2725      5.50308e+7 
           2735      5.84366e+7 
           2745       5.1252e+7 
           2755      5.16847e+7 
           2765      5.33467e+7 
           2775      5.62749e+7 
           2785      5.53761e+7 
           2795      4.52903e+7 
           2805         4.96e+7 
           2815      5.71401e+7 
           2825       5.7265e+7 
           2835      5.53758e+7 
           2845      5.37073e+7 
           2855      5.24073e+7 
           2865      5.48326e+7 
           2875      5.35722e+7 
           2885      5.47087e+7 
           2895      5.31537e+7 
           2910      5.71182e+7 
           2930      5.51036e+7 
           2950      5.49174e+7 
           2970      5.52651e+7 
           2990      5.53457e+7 
           3010      5.59724e+7 
           3030       5.5478e+7 
           3050      5.49148e+7 
           3070      5.42216e+7 
           3090      5.46702e+7 
           3110      5.36499e+7 
           3130      5.32433e+7 
           3150      5.35983e+7 
           3170      5.32053e+7 
           3190      5.16258e+7 
           3210       5.2319e+7 
           3230      5.13914e+7 
           3250      5.16596e+7 
           3270      5.17096e+7 
           3290      5.18659e+7 
           3310      5.18359e+7 
           3330      5.09026e+7 
           3350      5.01153e+7 
           3370      5.01326e+7 
           3390      4.96838e+7 
           3410      5.01978e+7 
           3430      4.99599e+7 
           3450      4.96514e+7 
           3470      4.91057e+7 
           3490      4.88631e+7 
           3510      4.89989e+7 
           3530       4.8938e+7 
           3550      4.87499e+7 
           3570       4.8084e+7 
           3590      4.78304e+7 
           3610      4.76054e+7 
           3630      4.73596e+7 
           3640       4.7148e+7 
           3650      4.77158e+7 
           3670       4.7351e+7 
           3690      4.53976e+7 
           3710      4.87413e+7 
           3730      5.24631e+7 
           3750      7.11426e+7 
           3770      7.70402e+7 
           3790      9.70221e+7 
           3810      1.13278e+8 
           3830      8.83493e+7 
           3850      1.23588e+8 
           3870      1.38362e+8 
           3890      7.61794e+7 
           3910      1.35943e+8 
           3930      1.38936e+8 
           3950      1.34934e+8 
           3970      7.22533e+7 
           3990      1.28762e+8 
           4010      1.37836e+8 
           4030      1.36531e+8 
           4050      1.34947e+8 
           4070      1.29897e+8 
           4090       1.0389e+8 
           4110      7.83183e+7 
           4130      1.23038e+8 
           4150      1.26173e+8 
           4170        1.245e+8 
           4190      1.23267e+8 
           4210       1.2178e+8 
           4230      1.19422e+8 
           4250      1.17886e+8 
           4270      1.15927e+8 
           4290      1.14384e+8 
           4310      1.09151e+8 
           4330      8.37654e+7 
           4350      7.06513e+7 
           4370      1.05553e+8 
           4390      1.06065e+8 
           4410      1.05578e+8 
           4430      1.04847e+8 
           4450      1.03951e+8 
           4470      1.02465e+8 
           4490      1.00246e+8 
           4510      9.96754e+7 
           4530      9.82373e+7 
           4550      9.61654e+7 
           4570      9.61174e+7 
           4590      9.44144e+7 
           4610      9.43255e+7 
           4630      9.22189e+7 
           4650      9.19378e+7 
           4670      9.06822e+7 
           4690      8.91997e+7 
           4710      8.69035e+7 
           4730      8.73606e+7 
           4750      8.63209e+7 
           4770      8.51068e+7 
           4790      8.39034e+7 
           4810      8.23278e+7 
           4830      7.93575e+7 
           4850      6.27287e+7 
           4870      5.02504e+7 
           4890      7.51565e+7 
           4910      7.72645e+7 
           4930      7.63444e+7 
           4950      7.61623e+7 
           4970      7.55445e+7 
           4990      7.45271e+7 
           5010      7.30192e+7 
           5030      7.26973e+7 
           5050      7.15568e+7 
           5070      7.11429e+7 
           5090      7.03202e+7 
           5110      6.94722e+7 
           5130      6.86667e+7 
           5150      6.77765e+7 
           5170      6.63257e+7 
           5190      6.57246e+7 
           5210      6.54805e+7 
           5230      6.43499e+7 
           5250      6.40724e+7 
           5270      6.28368e+7 
           5290      6.26372e+7 
           5310      6.15904e+7 
           5330      6.10283e+7 
           5350       6.0611e+7 
           5370      5.98455e+7 
           5390      5.92103e+7 
           5410      5.84593e+7 
           5430      5.78646e+7 
           5450      5.73253e+7 
           5470      5.66802e+7 
           5490      5.60855e+7 
           5510      5.54632e+7 
           5530      5.48065e+7 
           5550      5.43033e+7 
           5570      5.36979e+7 
           5590      5.31287e+7 
           5610      5.25842e+7 
           5630      5.20282e+7 
           5650       5.1441e+7 
           5670      5.08948e+7 
           5690       5.0377e+7 
           5710      4.98538e+7 
           5730      4.93411e+7 
           5750       4.8807e+7 
           5770      4.83007e+7 
           5790      4.77844e+7 
           5810      4.72953e+7 
           5830      4.68029e+7 
           5850      4.63227e+7 
           5870      4.57911e+7 
           5890        4.517e+7 
           5910      4.48994e+7 
           5930      4.44459e+7 
           5950       4.3955e+7 
           5970      4.35321e+7 
           5990      4.30529e+7 
           6010      4.26396e+7 
           6030      4.22297e+7 
           6050      4.17946e+7 
           6070      4.13867e+7 
           6090       4.0971e+7 
           6110       4.0561e+7 
           6130      4.01453e+7 
           6150      3.95699e+7 
           6170      3.93484e+7 
           6190      3.89825e+7 
           6210      3.85989e+7 
           6230      3.82098e+7 
           6250      3.77284e+7 
           6270      3.74804e+7 
           6290      3.71139e+7 
           6310      3.67276e+7 
           6330      3.63906e+7 
           6350      3.58487e+7 
           6370       3.5572e+7 
           6390      3.53423e+7 
           6410      3.49809e+7 
           6430      3.46625e+7 
           6450      3.42242e+7 
           6470      3.39373e+7 
           6490      3.35174e+7 
           6510      3.30566e+7 
           6530      3.21804e+7 
           6550      2.81284e+7 
           6570      2.25078e+7 
           6590      3.04728e+7 
           6610      3.14018e+7 
           6630      3.13635e+7 
           6650      3.11589e+7 
           6670      3.09258e+7 
           6690      3.06687e+7 
           6710      3.03975e+7 
           6730       3.0104e+7 
           6750      2.98366e+7 
           6770      2.95734e+7 
           6790       2.9303e+7 
           6810      2.90369e+7 
           6830      2.87646e+7 
           6850      2.85085e+7 
           6870      2.82542e+7 
           6890      2.80007e+7 
           6910      2.77481e+7 
           6930      2.74956e+7 
           6950      2.72534e+7 
           6970      2.70088e+7 
           6990      2.67727e+7 
           7010       2.6509e+7 
           7030      2.62944e+7 
           7050       2.6059e+7 
           7070      2.58341e+7 
           7090      2.56121e+7 
           7110       2.5314e+7 
           7130      2.51521e+7 
           7150      2.49328e+7 
           7170      2.47235e+7 
           7190      2.45067e+7 
           7210      2.42971e+7 
           7230      2.40807e+7 
           7250      2.38677e+7 
           7270      2.36753e+7 
           7290      2.34647e+7 
           7310      2.32611e+7 
           7330      2.30691e+7 
           7350      2.28761e+7 
           7370      2.26841e+7 
           7390       2.2487e+7 
           7410       2.2291e+7 
           7430      2.20824e+7 
           7450      2.19077e+7 
           7470      2.16967e+7 
           7490      2.15373e+7 
           7510      2.13647e+7 
           7530      2.11948e+7 
           7550      2.10232e+7 
           7570      2.08472e+7 
           7590      2.06754e+7 
           7610       2.0505e+7 
           7630      2.03342e+7 
           7650      2.01624e+7 
           7670      1.99953e+7 
           7690      1.98341e+7 
           7710      1.96654e+7 
           7730       1.9514e+7 
           7750      1.93544e+7 
           7770      1.89067e+7 
           7790      1.90425e+7 
           7810      1.88889e+7 
           7830      1.87311e+7 
           7850       1.8571e+7 
           7870      1.83904e+7 
           7890       1.8218e+7 
           7910      1.81284e+7 
           7930      1.79903e+7 
           7950      1.78188e+7 
           7970      1.77111e+7 
           7990      1.74815e+7 
           8010       1.7429e+7 
           8030      1.72897e+7 
           8050      1.71556e+7 
           8070      1.70181e+7 
           8090      1.68851e+7 
           8110      1.67532e+7 
           8130      1.66247e+7 
           8150       1.6495e+7 
           8170       1.6367e+7 
           8190      1.62018e+7 
           8210      1.61458e+7 
           8230       1.6023e+7 
           8250      1.59183e+7 
           8270      1.58546e+7 
           8290      1.57343e+7 
           8310      1.56276e+7 
           8330      1.54668e+7 
           8350      1.53842e+7 
           8370       1.5243e+7 
           8390      1.50891e+7 
           8410      1.49167e+7 
           8430      1.48078e+7 
           8450      1.45985e+7 
           8470      1.42199e+7 
           8490      1.46808e+7 
           8510      1.37213e+7 
           8530      1.47221e+7 
           8550      1.29424e+7 
           8570      1.49025e+7 
           8590      1.36191e+7 
           8610      1.32123e+7 
           8630      1.51042e+7 
           8650        1.439e+7 
           8670      1.16579e+7 
           8690      1.47891e+7 
           8710      1.53976e+7 
           8730      1.47043e+7 
           8750      1.12311e+7 
           8770      1.38681e+7 
           8790      1.52327e+7 
           8810      1.53155e+7 
           8830      1.49133e+7 
           8850      1.30985e+7 
           8870      1.08723e+7 
           8890      1.40944e+7 
           8910      1.47122e+7 
           8930      1.47404e+7 
           8950      1.47075e+7 
           8970      1.44636e+7 
           8990      1.37421e+7 
           9010      1.06972e+7 
           9030      1.17998e+7 
           9050      1.37035e+7 
           9070      1.38648e+7 
           9090      1.37783e+7 
           9110        1.386e+7 
           9130       1.3812e+7 
           9150      1.37076e+7 
           9170      1.35345e+7 
           9190      1.32107e+7 
           9210      1.21994e+7 
           9230      9.31997e+6 
           9250      1.16873e+7 
           9270      1.25786e+7 
           9290      1.29378e+7 
           9310      1.29214e+7 
           9330      1.28501e+7 
           9350      1.27728e+7 
           9370      1.26985e+7 
           9390      1.25787e+7 
           9410      1.23853e+7 
           9430      1.23917e+7 
           9450      1.22963e+7 
           9470      1.21781e+7 
           9490      1.20193e+7 
           9510      1.17026e+7 
           9530      1.06215e+7 
           9550      8.42165e+6 
           9570        1.072e+7 
           9590      1.14279e+7 
           9610      1.15056e+7 
           9630       1.1416e+7 
           9650       1.1444e+7 
           9670       1.1329e+7 
           9690      1.13044e+7 
           9710      1.12399e+7 
           9730      1.11579e+7 
           9750      1.10753e+7 
           9770      1.10028e+7 
           9790      1.09241e+7 
           9810      1.08455e+7 
           9830      1.07624e+7 
           9850      1.06834e+7 
           9870      1.06096e+7 
           9890      1.05051e+7 
           9910      1.04624e+7 
           9930      1.03722e+7 
           9950      1.02898e+7 
           9970      1.01996e+7 
           9990      1.00747e+7 
          10025      9.12204e+6 
          10075      8.64685e+6 
          10125      9.61193e+6 
          10175      9.53808e+6 
          10225      9.39422e+6 
          10275      9.23593e+6 
          10325      9.07884e+6 
          10375       8.9282e+6 
          10425      8.78071e+6 
          10475      8.62052e+6 
          10525      8.48304e+6 
          10575      8.34844e+6 
          10625      8.21432e+6 
          10675      8.01688e+6 
          10725      7.92233e+6 
          10775      7.81458e+6 
          10825      7.66668e+6 
          10875      7.46893e+6 
          10925      6.30073e+6 
          10975      6.87367e+6 
          11025      7.17006e+6 
          11075      7.09779e+6 
          11125      6.99456e+6 
          11175      6.88686e+6 
          11225       6.7802e+6 
          11275      6.63544e+6 
          11325      6.53703e+6 
          11375      6.46659e+6 
          11425      6.36538e+6 
          11475      6.27455e+6 
          11525      6.17995e+6 
          11575       6.0859e+6 
          11625      5.98209e+6 
          11675      5.87762e+6 
          11725      5.81582e+6 
          11775      5.69126e+6 
          11825      5.62896e+6 
          11875      5.54345e+6 
          11925      5.47932e+6 
          11975      5.38715e+6 
          12025      5.31744e+6 
          12075      5.23732e+6 
          12125      5.16244e+6 
          12175      5.09013e+6 
          12225      5.01632e+6 
          12275      4.94203e+6 
          12325      4.87225e+6 
          12375      4.80369e+6 
          12425      4.73753e+6 
          12475      4.66501e+6 
          12525      4.60335e+6 
          12575      4.53131e+6 
          12625      4.47044e+6 
          12675      4.40733e+6 
          12725       4.3281e+6 
          12775       4.1567e+6 
          12825      3.57649e+6 
          12875      4.07852e+6 
          12925      4.09822e+6 
          12975      4.05729e+6 
          13025      4.00577e+6 
          13075      3.95162e+6 
          13125      3.89795e+6 
          13175      3.84086e+6 
          13225      3.79377e+6 
          13275      3.74323e+6 
          13325      3.69334e+6 
          13375      3.64408e+6 
          13425      3.59567e+6 
          13475      3.54787e+6 
          13525      3.49904e+6 
          13575       3.4543e+6 
          13625      3.40971e+6 
          13675      3.36448e+6 
          13725      3.31701e+6 
          13775      3.27848e+6 
          13825      3.23628e+6 
          13875      3.19538e+6 
          13925      3.15324e+6 
          13975      3.11375e+6 
          14025      3.07435e+6 
          14075      3.03543e+6 
          14125      2.99679e+6 
          14175        2.959e+6 
          14225      2.92167e+6 
          14275      2.88515e+6 
          14325      2.84908e+6 
          14375      2.81379e+6 
          14425      2.76698e+6 
          14475       2.7443e+6 
          14525      2.70509e+6 
          14570      2.68024e+6 
          14620      2.65013e+6 
          14675      2.61736e+6 
          14725      2.58589e+6 
          14775      2.55254e+6 
          14825      2.52455e+6 
          14875      2.49211e+6 
          14925      2.46665e+6 
          14975      2.43626e+6 
          15025      2.40539e+6 
          15075      2.37686e+6 
          15125      2.34882e+6 
          15175       2.3193e+6 
          15225      2.29401e+6 
          15275      2.25835e+6 
          15325      2.22888e+6 
          15375      2.21329e+6 
          15425      2.16018e+6 
          15475      2.16229e+6 
          15525      2.13759e+6 
          15575      2.05758e+6 
          15625      2.11958e+6 
          15675      2.04046e+6 
          15725      1.97235e+6 
          15775      2.05963e+6 
          15825      2.03189e+6 
          15875      1.83839e+6 
          15925      1.95461e+6 
          15975      1.98875e+6 
          16050      1.92238e+6 
          16150      1.79971e+6 
          16250      1.89076e+6 
          16350      1.79569e+6 
          16450      1.67954e+6 
          16550      1.77401e+6 
          16650      1.73686e+6 
          16750      1.64072e+6 
          16850      1.53466e+6 
          16950      1.62452e+6 
          17050      1.59503e+6 
          17150      1.56073e+6 
          17250      1.51686e+6 
          17350      1.34974e+6 
          17450      1.43787e+6 
          17550      1.43046e+6 
          17650       1.4022e+6 
          17750      1.37377e+6 
          17850       1.3453e+6 
          17950      1.31808e+6 
          18050      1.28258e+6 
          18150      1.15436e+6 
          18250       1.2061e+6 
          18350      1.21156e+6 
          18450      1.18972e+6 
          18550      1.16434e+6 
          18650      1.13336e+6 
          18750      1.01745e+6 
          18850      1.08559e+6 
          18950        1.075e+6 
          19050      1.05596e+6 
          19150      1.03551e+6 
          19250       1.0144e+6 
          19350          985626 
          19450          885672 
          19550          948254 
          19650          939573 
          19750          922540 
          19850          905457 
          19950          888584 
          20050          872114 
          20150          856010 
          20250          840245 
          20350          824857 
          20450          809891 
          20550          795213 
          20650          780762 
          20750          766789 
          20850          753117 
          20950          739678 
          21050          726528 
          21150          713400 
          21250          700812 
          21350          688634 
          21450          676300 
          21550          659354 
          21650          596839 
          21750          632734 
          21850          630475 
          21950          620787 
          22050          610195 
          22150          599714 
          22250          589869 
          22350          579986 
          22450          570316 
          22550          560757 
          22650          551565 
          22750          542469 
          22850          533907 
          22950          525237 
          23050          516832 
          23150          508532 
          23250          500431 
          23350          492457 
          23450          484656 
          23550          476996 
          23650          469468 
          23750          462070 
          23850          454786 
          23950          447640 
          24050          440519 
          24150          433474 
          24250          427017 
          24350          420073 
          24450          413159 
          24550          407575 
          24650          400350 
          24750          394342 
          24850          390210 
          24950          378919 
          25050          378841 
          25150          373434 
          25250          359362 
          25350          361761 
          25450          358337 
          25550          351030 
          25650          334470 
          25750          341666 
          25850          338369 
          25950          333299 
          26050          323572 
          26150          305941 
          26250          292313 
          26350          310104 
          26450          310397 
          26550          306374 
          26650          299215 
          26750          277297 
          26850          290782 
          26950          290033 
          27050          286812 
          27150          282929 
          27250          278985 
          27350          274697 
          27450          269104 
          27550          249236 
          27650          255242 
          27750          259100 
          27850          256665 
          27950          253221 
          28050          249786 
          28150          246408 
          28250          243089 
          28350          239826 
          28450          236579 
          28550          232554 
          28650          224746 
          28750          209845 
          28850          221999 
          28950          220931 
          29050          218452 
          29150          215542 
          29250          212780 
          29350          210025 
          29450          207307 
          29550          204638 
          29650          202004 
          29750          199414 
          29850          196867 
          29950          194357 
          30050          191873 
          30150          189230 
          30250          185733 
          30350          173330 
          30450          174940 
          30550          179141 
          30650          177769 
          30750          175659 
          30850          173441 
          30950          171347 
          31050          169237 
          31150          167146 
          31250          165106 
          31350          163104 
          31450          161105 
          31550          159180 
          31650          157259 
          31750          155354 
          31850          153500 
          31950          151662 
          32100          148957 
          32300          145446 
          32500          142035 
          32700          138499 
          32900          128930 
          33100          130283 
          33300          128916 
          33500          126092 
          33700          123237 
          33900          120505 
          34100          117832 
          34300          115232 
          34500          112707 
          34700          110232 
          34900          107831 
          35100          105489 
          35300          103215 
          35500          100985 
          35700         98798.8 
          35900         96771.5 
          36100         94603.7 
          36300         92752.1 
          36500           90596 
          36700         88979.2 
          36900         86678.1 
          37100         85223.3 
          37300         81677.2 
          37500         78908.9 
          37700         80173.2 
          37900         78718.2 
          38100         76471.7 
          38300         75066.5 
          38500         74169.1 
          38700         72717.8 
          38900         71063.3 
          39100         68393.9 
          39300         68465.4 
          39500         67257.2 
          39700         65976.5 
          39900         64649.4 
          40100         62483.3 
          40300         60855.6 
          40500         58554.1 
          40700         59713.1 
          40900         58882.8 
          41100         57831.6 
          41300         56749.4 
          41500         55414.1 
          41700         52424.8 
          41900         53335.4 
          42100         52668.3 
          42300         51720.8 
          42500         50782.6 
          42700         49863.8 
          42900           48968 
          43100         48090.7 
          43300         47233.6 
          43500         46280.6 
          43700         43824.1 
          43900         44125.5 
          44100         43956.7 
          44300         43222.8 
          44500         42471.8 
          44700           41806 
          44900         41012.1 
          45100         40312.1 
          45300         39624.6 
          45500         38951.3 
          45700         38288.2 
          45900         37635.2 
          46100         36981.4 
          46300         36242.6 
          46500           34130 
          46700         33515.2 
          46900         34312.4 
          47100         34008.1 
          47300           33487 
          47500         32948.5 
          47700         32421.1 
          47900         31901.3 
          48100         31389.1 
          48300         30885.8 
          48500           30393 
          48700         29910.4 
          48900         29436.2 
          49100         28971.9 
          49300         28514.1 
          49500         28073.5 
          49700         27622.3 
          49900         27206.1 
          50100         26780.7 
          50300         26349.3 
          50500         25966.7 
          50700         25561.4 
          50900         25113.7 
          51100         24610.2 
          51300           23305 
          51500         23921.2 
          51700         23612.4 
          51900         23331.5 
          52100         23005.6 
          52300         22663.3 
          52500         22283.2 
          52700         21908.3 
          52900         21672.9 
          53100         21369.7 
          53300         21075.7 
          53500           20742 
          53700         20340.9 
          53900         20051.4 
          54100         19863.6 
          54300         19620.4 
          54500         19339.7 
          54700         19065.1 
          54900         18771.4 
          55100         18419.5 
          55300         18022.9 
          55500         17959.2 
          55700         17760.1 
          55900         17512.7 
          56100         17270.7 
          56300         17031.7 
          56500         16798.1 
          56700         16560.3 
          56900         16269.5 
          57100         15781.4 
          57300         15809.1 
          57500         15673.1 
          57700         15470.7 
          57900         15262.9 
          58100         15057.5 
          58300         14844.7 
          58500           14641 
          58700           14432 
          58900         14137.6 
          59100         13419.8 
          59300         13781.5 
          59500         13365.5 
          59700         13363.8 
          59900         13331.4 
          60100         13176.1 
          60300         13010.1 
          60500           12845 
          60700         12680.7 
          60900         12519.4 
          61100         12359.8 
          61300         12203.1 
          61500         12049.2 
          61700           11896 
          61900         11746.5 
          62100         11597.7 
          62300         11449.5 
          62500         11297.3 
          62700         11102.7 
          62900         10628.5 
          63100         10797.7 
          63300         10743.7 
          63500         10623.8 
          63700         10496.9 
          63900         10374.1 
          64200         10200.6 
          64600         9954.56 
          65000          9716.5 
          65400         9485.26 
          65800         9260.66 
          66200         9037.33 
          66600         8826.33 
          67000         8612.16 
          67400         8376.72 
          67800         8014.28 
          68200         8017.42 
          68600         7856.71 
          69000         7683.35 
          69400         7493.82 
          69800         7340.44 
          70200         7180.05 
          70600         7016.83 
          71000         6847.64 
          71400         6716.37 
          71800         6570.72 
          72200         6428.01 
          72600         6267.32 
          73000         6147.36 
          73400         6024.67 
          73800         5890.16 
          74200         5747.65 
          74600         5477.62 
          75000         5295.91 
          75400         5376.64 
          75800         5293.82 
          76200         5188.82 
          76600         5093.23 
          77000         4989.49 
          77400         4876.42 
          77800         4745.37 
          78200         4683.03 
          78600         4602.25 
          79000         4511.22 
          79400         4422.37 
          79800         4335.73 
          80200         4251.18 
          80600         4168.67 
          81000         4083.62 
          81400          3963.7 
          81800          3909.6 
          82200         3856.59 
          82600         3784.99 
          83000         3713.59 
          83400         3643.72 
          83800         3575.54 
          84200         3509.13 
          84600         3444.34 
          85000         3380.87 
          85400         3318.84 
          85800         3258.24 
          86200         3191.31 
          86600         3079.92 
          87000         3069.68 
          87400         2975.22 
          87800         2922.66 
          88200         2919.65 
          88600          2870.5 
          89000         2819.98 
          89400         2770.52 
          89800         2722.12 
          90200         2674.74 
          90600         2628.41 
          91000         2583.11 
          91400         2538.76 
          91800         2495.36 
          92200         2451.96 
          92600         2405.07 
          93000         2368.18 
          93400         2324.19 
          93800         2239.75 
          94200         2235.33 
          94600         2212.72 
          95000         2174.39 
          95400         2138.76 
          95800         2108.46 
          96200         2074.03 
          96600          2040.3 
          97000         2007.25 
          97400         1974.87 
          97800         1943.11 
          98200         1908.37 
          98600         1874.74 
          99000         1851.63 
          99400         1822.38 
          99800         1793.66 
         100200         1765.52 
         200000          113.17 
         400000         7.04649 
         600000         1.38071 
         800000        0.433621 
         1.0e+6        0.176453 
         1.2e+6       0.0846098 
         1.4e+6        0.045442 
         1.6e+6       0.0265197 
