# Kurucz ODFNEW /NOVER (2003)
# teff = 28000 K (value for the effective temperature for the model. Temperatures are given in K)
# logg = 3.5 log(cm/s2) (value for Log(G) for the model.)
# meta = -1  (value for the Metallicity for the model.)
# lh = 1.25  (l/Hp where l is the  mixing length of the convective element and Hp is the pressure scale height)
# vtur = 2 km/s (Microturbulence velocity)
# alpha = 0.4  (Alpha)
#
# column 1: WAVELENGTH (ANGSTROM), Wavelength in Angstrom
# column 2: FLUX (ERG/CM2/S/A), Flux in erg/cm2/s/A
          147.2     9.78134e-11 
            151     3.61892e-10 
          155.2      1.42732e-9 
          158.8      4.36898e-9 
            162       1.1335e-8 
            166      3.54363e-8 
          170.3      1.13541e-7 
          173.4      2.53633e-7 
          176.8      5.92472e-7 
          180.2      1.33941e-6 
          181.7      1.90037e-6 
          186.1      5.13503e-6 
            191      1.47032e-5 
          193.9      2.67067e-5 
          198.4      6.50763e-5 
          201.8     0.000124139 
            205      0.00022342 
          210.5     0.000587826 
          216.2      0.00151861 
          219.8      0.00269485 
            223      0.00441501 
          226.8      0.00780437 
            230         4.19786 
            234         10.0196 
            240         19.3924 
          246.5         39.5626 
          252.4         73.4881 
          256.8         98.7607 
            260         161.631 
            264         225.564 
          268.5         350.166 
          273.5         539.694 
          278.5         792.828 
            284         1468.08 
            290         2295.85 
            296         3469.36 
            301         4616.34 
            308         7855.94 
            318         17714.7 
            328         30338.6 
            338           55007 
            348         92126.1 
            357          216326 
            366          370891 
            375          514388 
            385          790236 
            395      1.23096e+6 
            405      1.69858e+6 
            414      2.33912e+6 
            422      2.86539e+6 
            430      3.64484e+6 
            441       4.9307e+6 
            451      6.43863e+6 
            460      7.84491e+6 
            470      1.00394e+7 
            480      1.24885e+7 
            490      1.54727e+7 
            500      1.93503e+7 
            506      1.00125e+8 
            512      4.71027e+8 
            520      4.62441e+8 
            530      4.67807e+8 
            540      4.41417e+8 
            550      5.49465e+8 
            560      6.26661e+8 
            570       6.7671e+8 
            580      6.27091e+8 
            590      7.29476e+8 
            600       7.1678e+8 
            610      8.07149e+8 
            620      8.89107e+8 
            630      9.21407e+8 
            640      9.11564e+8 
            650      9.49447e+8 
            658      9.77142e+8 
            665      1.04962e+9 
            675      1.07812e+9 
            685      1.05129e+9 
            695      1.23082e+9 
            705      1.16462e+9 
            716        1.342e+9 
            726      1.35038e+9 
            735      1.39848e+9 
            745      1.47637e+9 
            755      1.51002e+9 
            765      1.57972e+9 
            775      1.64554e+9 
            785      1.72719e+9 
            795      1.75876e+9 
            805      1.78771e+9 
            815      1.81075e+9 
            825      1.91031e+9 
            835      1.73964e+9 
            845      1.95861e+9 
            855      1.99984e+9 
            865      2.07104e+9 
            875      2.13606e+9 
            885      2.21442e+9 
            895      2.27409e+9 
            905      2.27967e+9 
            915      3.49688e+9 
            925     2.09766e+10 
            935     3.30786e+10 
            945     4.45144e+10 
            955     4.72551e+10 
            965     5.14672e+10 
            975     2.61544e+10 
            985     4.60979e+10 
            995     4.34103e+10 
           1005     4.48483e+10 
           1015     4.51867e+10 
           1025     3.50243e+10 
           1035     4.22861e+10 
           1045      4.7818e+10 
           1055     4.60121e+10 
           1065     4.10334e+10 
           1075      4.2787e+10 
           1085     4.02451e+10 
           1095     4.26804e+10 
           1105     4.07298e+10 
           1115     3.99206e+10 
           1125     3.46569e+10 
           1135     3.92046e+10 
           1145     3.66061e+10 
           1155     3.68194e+10 
           1165      3.6598e+10 
           1175     2.80864e+10 
           1185     3.42356e+10 
           1195     3.30899e+10 
           1205     2.99718e+10 
           1215     2.41956e+10 
           1225     3.15166e+10 
           1235     3.24656e+10 
           1245     3.13847e+10 
           1255     3.12788e+10 
           1265     3.11158e+10 
           1275     3.10236e+10 
           1285     3.05609e+10 
           1295     2.74916e+10 
           1305     2.80652e+10 
           1315     2.90822e+10 
           1325     2.80762e+10 
           1335     2.72428e+10 
           1345     2.70538e+10 
           1355     2.69657e+10 
           1365     2.58826e+10 
           1375     2.54896e+10 
           1385     2.50541e+10 
           1395     2.02378e+10 
           1405     2.10328e+10 
           1415     2.34912e+10 
           1425     2.23426e+10 
           1435     2.27202e+10 
           1442     2.28317e+10 
           1447     2.25213e+10 
           1455     2.19202e+10 
           1465     2.14446e+10 
           1475     2.12137e+10 
           1485     2.09837e+10 
           1495     2.04308e+10 
           1505     1.97244e+10 
           1512     1.93577e+10 
           1517      1.9353e+10 
           1525     1.90177e+10 
           1535     1.74213e+10 
           1545     1.67467e+10 
           1555     1.62843e+10 
           1565     1.68351e+10 
           1575     1.72037e+10 
           1585     1.70548e+10 
           1595     1.69023e+10 
           1605     1.60547e+10 
           1615     1.56269e+10 
           1625     1.56263e+10 
           1635     1.57035e+10 
           1645     1.52653e+10 
           1655     1.54665e+10 
           1665     1.51481e+10 
           1672     1.46968e+10 
           1677     1.55416e+10 
           1685     1.51078e+10 
           1695     1.47019e+10 
           1705     1.43563e+10 
           1715     1.39165e+10 
           1725     1.36151e+10 
           1735      1.3794e+10 
           1745     1.35634e+10 
           1755     1.33946e+10 
           1765     1.31259e+10 
           1775     1.28409e+10 
           1785     1.27684e+10 
           1795     1.26546e+10 
           1805     1.26073e+10 
           1815     1.21794e+10 
           1825     1.20893e+10 
           1835      1.1959e+10 
           1845      1.1262e+10 
           1855     1.11923e+10 
           1865     1.12243e+10 
           1875     1.11531e+10 
           1885     1.05442e+10 
           1895     1.01344e+10 
           1905     1.04547e+10 
           1915     1.00899e+10 
           1925      9.74685e+9 
           1935      9.99933e+9 
           1945      1.0053e+10 
           1955      9.39639e+9 
           1967      9.63778e+9 
           1976      9.80857e+9 
           1984      9.38594e+9 
           1995       9.1255e+9 
           2005      9.21566e+9 
           2015      9.20997e+9 
           2025      9.18804e+9 
           2035      8.82924e+9 
           2045      8.72535e+9 
           2055      7.87916e+9 
           2065      7.73871e+9 
           2074      8.01624e+9 
           2078      7.84669e+9 
           2085      8.08882e+9 
           2095      8.02131e+9 
           2105      8.08701e+9 
           2115      8.07296e+9 
           2125      8.00416e+9 
           2135      7.89646e+9 
           2145      7.72271e+9 
           2155      7.71342e+9 
           2165      7.56622e+9 
           2175      7.50405e+9 
           2185      7.37933e+9 
           2195      7.34626e+9 
           2205      7.24267e+9 
           2215      7.10893e+9 
           2225      7.03307e+9 
           2235      6.92321e+9 
           2245      6.85719e+9 
           2255      6.71827e+9 
           2265      6.67369e+9 
           2275      6.58938e+9 
           2285      6.48364e+9 
           2295      6.16855e+9 
           2305      6.28376e+9 
           2315      6.21876e+9 
           2325      6.14461e+9 
           2335      6.04718e+9 
           2345       5.9975e+9 
           2355      5.91855e+9 
           2365      5.84281e+9 
           2375      5.75591e+9 
           2385      5.64251e+9 
           2395      5.58951e+9 
           2405       5.5385e+9 
           2415      5.45423e+9 
           2425      5.39672e+9 
           2435      5.30629e+9 
           2445      5.25213e+9 
           2455      5.18999e+9 
           2465      5.12782e+9 
           2475      5.05559e+9 
           2485      4.97466e+9 
           2495      4.25106e+9 
           2505      4.81791e+9 
           2513      4.70658e+9 
           2518      4.73615e+9 
           2525      4.74851e+9 
           2535      4.69559e+9 
           2545      4.58454e+9 
           2555      4.55392e+9 
           2565      4.51064e+9 
           2575      4.46431e+9 
           2585      4.41061e+9 
           2595      4.35509e+9 
           2605      4.32044e+9 
           2615       4.2636e+9 
           2625      4.21308e+9 
           2635      4.15789e+9 
           2645      4.10621e+9 
           2655      4.05433e+9 
           2665       3.9907e+9 
           2675      3.94286e+9 
           2685      3.91846e+9 
           2695      3.84088e+9 
           2705      3.81424e+9 
           2715      3.77249e+9 
           2725      3.70985e+9 
           2735        3.666e+9 
           2745      3.64359e+9 
           2755       3.6015e+9 
           2765       3.5382e+9 
           2775      3.52419e+9 
           2785      3.47683e+9 
           2795      3.38761e+9 
           2805       3.3838e+9 
           2815      3.36337e+9 
           2825      3.30495e+9 
           2835       3.2611e+9 
           2845      3.25004e+9 
           2855      3.20563e+9 
           2865      3.17063e+9 
           2875      3.13521e+9 
           2885      3.10297e+9 
           2895      3.06624e+9 
           2910       3.0094e+9 
           2930      2.94809e+9 
           2950      2.86656e+9 
           2970      2.81818e+9 
           2990       2.7541e+9 
           3010      2.68643e+9 
           3030      2.63205e+9 
           3050      2.58083e+9 
           3070      2.53033e+9 
           3090      2.45428e+9 
           3110      2.42157e+9 
           3130      2.36699e+9 
           3150      2.31805e+9 
           3170      2.27078e+9 
           3190      2.21323e+9 
           3210      2.17553e+9 
           3230      2.13127e+9 
           3250      2.09174e+9 
           3270      2.04774e+9 
           3290      2.00555e+9 
           3310      1.96791e+9 
           3330      1.92572e+9 
           3350      1.88648e+9 
           3370      1.85059e+9 
           3390      1.81758e+9 
           3410      1.78232e+9 
           3430      1.74261e+9 
           3450      1.70341e+9 
           3470      1.67354e+9 
           3490      1.64086e+9 
           3510      1.61561e+9 
           3530      1.58717e+9 
           3550      1.55672e+9 
           3570       1.5322e+9 
           3590      1.49524e+9 
           3610      1.47077e+9 
           3630      1.44077e+9 
           3640      1.43446e+9 
           3650       1.3996e+9 
           3670      1.38017e+9 
           3690       1.3466e+9 
           3710      1.30792e+9 
           3730       1.2713e+9 
           3750      1.32654e+9 
           3770      1.31365e+9 
           3790      1.33659e+9 
           3810      1.36549e+9 
           3830      1.24227e+9 
           3850      1.35793e+9 
           3870      1.33256e+9 
           3890       1.1847e+9 
           3910       1.3046e+9 
           3930      1.27184e+9 
           3950      1.25457e+9 
           3970      1.09623e+9 
           3990      1.21421e+9 
           4010      1.19327e+9 
           4030      1.15123e+9 
           4050      1.15896e+9 
           4070      1.12401e+9 
           4090      1.07985e+9 
           4110      9.90816e+8 
           4130      1.06767e+9 
           4150      1.05436e+9 
           4170      1.04384e+9 
           4190      1.02531e+9 
           4210      1.01011e+9 
           4230      9.94287e+8 
           4250      9.73479e+8 
           4270      9.53368e+8 
           4290      9.39874e+8 
           4310      9.21437e+8 
           4330      8.79509e+8 
           4350      8.16352e+8 
           4370      8.78534e+8 
           4390      8.58486e+8 
           4410      8.51569e+8 
           4430      8.40903e+8 
           4450      8.27825e+8 
           4470      7.98091e+8 
           4490      8.01854e+8 
           4510      7.90628e+8 
           4530       7.7876e+8 
           4550      7.64177e+8 
           4570      7.52488e+8 
           4590      7.40187e+8 
           4610      7.29223e+8 
           4630      7.18192e+8 
           4650      6.96207e+8 
           4670      6.94713e+8 
           4690      6.83012e+8 
           4710      6.66593e+8 
           4730      6.66811e+8 
           4750      6.55964e+8 
           4770       6.4776e+8 
           4790      6.37978e+8 
           4810      6.27847e+8 
           4830      6.16845e+8 
           4850      5.94247e+8 
           4870      5.45948e+8 
           4890      5.90567e+8 
           4910      5.82719e+8 
           4930      5.66344e+8 
           4950      5.64529e+8 
           4970      5.58424e+8 
           4990       5.5028e+8 
           5010       5.3647e+8 
           5030      5.34267e+8 
           5050      5.24666e+8 
           5070       5.1948e+8 
           5090      5.11901e+8 
           5110      5.04684e+8 
           5130      4.97436e+8 
           5150      4.90469e+8 
           5170      4.83482e+8 
           5190      4.77036e+8 
           5210      4.70383e+8 
           5230      4.63968e+8 
           5250      4.57515e+8 
           5270      4.51146e+8 
           5290      4.45076e+8 
           5310       4.3895e+8 
           5330      4.33037e+8 
           5350       4.2712e+8 
           5370      4.21384e+8 
           5390      4.15527e+8 
           5410      4.09474e+8 
           5430      4.04623e+8 
           5450      3.99147e+8 
           5470      3.93842e+8 
           5490       3.8864e+8 
           5510      3.83541e+8 
           5530      3.78455e+8 
           5550      3.73531e+8 
           5570      3.68619e+8 
           5590      3.63744e+8 
           5610      3.59084e+8 
           5630      3.54457e+8 
           5650      3.49793e+8 
           5670      3.45115e+8 
           5690      3.39947e+8 
           5710      3.35478e+8 
           5730      3.31304e+8 
           5750      3.26656e+8 
           5770      3.23038e+8 
           5790      3.18945e+8 
           5810      3.14978e+8 
           5830      3.10981e+8 
           5850      3.07614e+8 
           5870      2.97409e+8 
           5890      2.99726e+8 
           5910      2.96341e+8 
           5930      2.92664e+8 
           5950      2.89061e+8 
           5970      2.85711e+8 
           5990      2.82095e+8 
           6010      2.78719e+8 
           6030      2.75277e+8 
           6050      2.71968e+8 
           6070      2.68716e+8 
           6090      2.65471e+8 
           6110      2.62283e+8 
           6130      2.59141e+8 
           6150      2.55944e+8 
           6170      2.52912e+8 
           6190      2.49963e+8 
           6210      2.47017e+8 
           6230      2.44094e+8 
           6250      2.41203e+8 
           6270      2.38373e+8 
           6290      2.35593e+8 
           6310      2.32806e+8 
           6330      2.30124e+8 
           6350      2.27406e+8 
           6370       2.2482e+8 
           6390      2.22206e+8 
           6410      2.19639e+8 
           6430      2.17145e+8 
           6450       2.1465e+8 
           6470      2.12101e+8 
           6490      2.09705e+8 
           6510      2.07387e+8 
           6530      2.04811e+8 
           6550      1.99971e+8 
           6570      1.82566e+8 
           6590      1.97377e+8 
           6610      1.95943e+8 
           6630      1.93786e+8 
           6650      1.91617e+8 
           6670      1.88234e+8 
           6690      1.86167e+8 
           6710       1.8536e+8 
           6730      1.83187e+8 
           6750      1.81343e+8 
           6770      1.79369e+8 
           6790      1.77284e+8 
           6810      1.75456e+8 
           6830       1.7351e+8 
           6850      1.71679e+8 
           6870      1.69819e+8 
           6890       1.6789e+8 
           6910      1.66052e+8 
           6930      1.64404e+8 
           6950      1.62656e+8 
           6970      1.60917e+8 
           6990      1.59196e+8 
           7010      1.57507e+8 
           7030      1.55834e+8 
           7050      1.54194e+8 
           7070      1.50594e+8 
           7090      1.50975e+8 
           7110      1.49374e+8 
           7130      1.47826e+8 
           7150        1.463e+8 
           7170      1.44737e+8 
           7190      1.43277e+8 
           7210      1.41795e+8 
           7230      1.39887e+8 
           7250      1.38773e+8 
           7270      1.37468e+8 
           7290      1.35141e+8 
           7310      1.34657e+8 
           7330      1.33299e+8 
           7350      1.31947e+8 
           7370      1.30614e+8 
           7390      1.29294e+8 
           7410      1.27987e+8 
           7430      1.26698e+8 
           7450      1.25442e+8 
           7470      1.24042e+8 
           7490      1.22937e+8 
           7510      1.21689e+8 
           7530      1.20505e+8 
           7550      1.19325e+8 
           7570      1.18144e+8 
           7590      1.16959e+8 
           7610      1.15779e+8 
           7630      1.14694e+8 
           7650      1.13568e+8 
           7670      1.12464e+8 
           7690      1.11364e+8 
           7710      1.10286e+8 
           7730      1.09199e+8 
           7750      1.08159e+8 
           7770      1.07098e+8 
           7790      1.06095e+8 
           7810      1.05022e+8 
           7830      1.04068e+8 
           7850      1.03147e+8 
           7870      1.02119e+8 
           7890      1.01099e+8 
           7910      1.00233e+8 
           7930      9.92672e+7 
           7950      9.83153e+7 
           7970      9.73065e+7 
           7990      9.64246e+7 
           8010      9.54622e+7 
           8030      9.45842e+7 
           8050      9.37427e+7 
           8070      9.28853e+7 
           8090       9.1897e+7 
           8110      9.09231e+7 
           8130      9.03509e+7 
           8150      8.93749e+7 
           8170      8.87008e+7 
           8190      8.77401e+7 
           8210      8.66816e+7 
           8230      8.60439e+7 
           8250       8.5345e+7 
           8270      8.41284e+7 
           8290       8.3712e+7 
           8310      8.29877e+7 
           8330      8.22205e+7 
           8350      8.11679e+7 
           8370      8.05869e+7 
           8390      7.99569e+7 
           8410      7.92096e+7 
           8430      7.84313e+7 
           8450      7.73851e+7 
           8470      7.68205e+7 
           8490      7.63911e+7 
           8510      7.51793e+7 
           8530      7.52259e+7 
           8550      7.30706e+7 
           8570      7.46792e+7 
           8590      7.18352e+7 
           8610      7.13494e+7 
           8630      7.32296e+7 
           8650      7.15369e+7 
           8670      6.71728e+7 
           8690      7.14636e+7 
           8710      7.13592e+7 
           8730      6.96831e+7 
           8750      6.40458e+7 
           8770      6.80007e+7 
           8790       6.9052e+7 
           8810      6.85204e+7 
           8830       6.7819e+7 
           8850      6.49491e+7 
           8870      6.07397e+7 
           8890      6.58198e+7 
           8910      6.56765e+7 
           8930      6.51181e+7 
           8950      6.46957e+7 
           8970      6.41173e+7 
           8990      6.28348e+7 
           9010      5.75024e+7 
           9030      5.99415e+7 
           9050      6.17836e+7 
           9070      6.10626e+7 
           9090      6.08398e+7 
           9110      6.04867e+7 
           9130      6.00051e+7 
           9150      5.95091e+7 
           9170      5.88958e+7 
           9190      5.84123e+7 
           9210       5.6671e+7 
           9230      5.14951e+7 
           9250       5.5997e+7 
           9270      5.64615e+7 
           9290      5.61488e+7 
           9310      5.55079e+7 
           9330      5.51663e+7 
           9350      5.47367e+7 
           9370      5.43445e+7 
           9390      5.39124e+7 
           9410      5.34665e+7 
           9430      5.30409e+7 
           9450      5.26141e+7 
           9470      5.19594e+7 
           9490       5.1749e+7 
           9510      5.08609e+7 
           9530      4.94904e+7 
           9550      4.52146e+7 
           9570      4.94765e+7 
           9590      4.96431e+7 
           9610      4.92164e+7 
           9630      4.87482e+7 
           9650      4.85706e+7 
           9670      4.81886e+7 
           9690      4.77772e+7 
           9710      4.72809e+7 
           9730      4.70549e+7 
           9750      4.66917e+7 
           9770       4.6327e+7 
           9790       4.5965e+7 
           9810      4.55938e+7 
           9830      4.52525e+7 
           9850      4.48981e+7 
           9870      4.45539e+7 
           9890      4.41967e+7 
           9910      4.38037e+7 
           9930      4.35319e+7 
           9950      4.31972e+7 
           9970      4.28649e+7 
           9990      4.25387e+7 
          10025      4.09227e+7 
          10075      3.96787e+7 
          10125      4.02947e+7 
          10175      3.96522e+7 
          10225      3.89014e+7 
          10275      3.81919e+7 
          10325      3.73776e+7 
          10375      3.68013e+7 
          10425      3.61267e+7 
          10475      3.54702e+7 
          10525      3.48279e+7 
          10575      3.41996e+7 
          10625      3.35848e+7 
          10675       3.2939e+7 
          10725      3.23974e+7 
          10775      3.18229e+7 
          10825      3.09763e+7 
          10875      3.06928e+7 
          10925      2.85322e+7 
          10975      2.93566e+7 
          11025      2.90134e+7 
          11075      2.86264e+7 
          11125      2.81399e+7 
          11175      2.76594e+7 
          11225      2.71764e+7 
          11275      2.67252e+7 
          11325      2.62653e+7 
          11375      2.58308e+7 
          11425      2.53977e+7 
          11475      2.49752e+7 
          11525      2.45613e+7 
          11575      2.41533e+7 
          11625      2.37522e+7 
          11675      2.33574e+7 
          11725      2.29846e+7 
          11775      2.26102e+7 
          11825      2.22432e+7 
          11875      2.18845e+7 
          11925      2.15323e+7 
          11975      2.10505e+7 
          12025      2.08493e+7 
          12075      2.05178e+7 
          12125      2.01926e+7 
          12175      1.98743e+7 
          12225      1.95619e+7 
          12275      1.92561e+7 
          12325      1.89556e+7 
          12375       1.8661e+7 
          12425      1.83727e+7 
          12475      1.80875e+7 
          12525      1.77796e+7 
          12575      1.75373e+7 
          12625      1.72703e+7 
          12675      1.70103e+7 
          12725      1.67528e+7 
          12775       1.6318e+7 
          12825      1.53877e+7 
          12875      1.59741e+7 
          12925      1.57714e+7 
          12975      1.54614e+7 
          13025      1.53047e+7 
          13075      1.50821e+7 
          13125      1.48607e+7 
          13175      1.46433e+7 
          13225        1.443e+7 
          13275      1.42204e+7 
          13325      1.40144e+7 
          13375      1.38104e+7 
          13425      1.36028e+7 
          13475      1.34188e+7 
          13525      1.32255e+7 
          13575      1.30393e+7 
          13625      1.28519e+7 
          13675      1.26736e+7 
          13725      1.24927e+7 
          13775      1.23204e+7 
          13825      1.21484e+7 
          13875      1.19792e+7 
          13925      1.18114e+7 
          13975      1.16496e+7 
          14025      1.14876e+7 
          14075      1.13316e+7 
          14125      1.11764e+7 
          14175      1.10242e+7 
          14225      1.08746e+7 
          14275       1.0727e+7 
          14325      1.05825e+7 
          14375      1.04401e+7 
          14425      1.03001e+7 
          14475      1.01625e+7 
          14525      1.00272e+7 
          14570      9.90711e+6 
          14620      9.77301e+6 
          14675      9.63202e+6 
          14725      9.50608e+6 
          14775      9.38128e+6 
          14825      9.26017e+6 
          14875      9.14013e+6 
          14925        9.022e+6 
          14975      8.90557e+6 
          15025         8.79e+6 
          15075      8.66382e+6 
          15125      8.56562e+6 
          15175      8.45479e+6 
          15225      8.34865e+6 
          15275      8.23628e+6 
          15325      8.12969e+6 
          15375      8.03562e+6 
          15425      7.91331e+6 
          15475      7.83567e+6 
          15525      7.73776e+6 
          15575      7.59529e+6 
          15625       7.5696e+6 
          15675      7.43245e+6 
          15725      7.29842e+6 
          15775      7.30158e+6 
          15825      7.20918e+6 
          15875      6.95651e+6 
          15925      7.01138e+6 
          15975      6.96372e+6 
          16050      6.81499e+6 
          16150      6.55926e+6 
          16250      6.53157e+6 
          16350      6.33706e+6 
          16450      6.08901e+6 
          16550      6.08112e+6 
          16650      5.93967e+6 
          16750      5.76274e+6 
          16850       5.5332e+6 
          16950      5.53891e+6 
          17050      5.39158e+6 
          17150      5.29059e+6 
          17250      5.17119e+6 
          17350        4.902e+6 
          17450       4.9353e+6 
          17550      4.83421e+6 
          17650      4.72782e+6 
          17750      4.62424e+6 
          17850      4.52327e+6 
          17950      4.42578e+6 
          18050      4.33016e+6 
          18150      4.11229e+6 
          18250      4.13171e+6 
          18350       4.0595e+6 
          18450      3.97389e+6 
          18550      3.88879e+6 
          18650      3.78839e+6 
          18750       3.6195e+6 
          18850      3.65255e+6 
          18950      3.57801e+6 
          19050      3.49487e+6 
          19150      3.43381e+6 
          19250      3.36437e+6 
          19350      3.29417e+6 
          19450      3.12107e+6 
          19550      3.16009e+6 
          19650      3.10342e+6 
          19750      3.04213e+6 
          19850       2.9824e+6 
          19950      2.92408e+6 
          20050      2.86716e+6 
          20150      2.81167e+6 
          20250      2.75751e+6 
          20350      2.70464e+6 
          20450      2.65222e+6 
          20550      2.59802e+6 
          20650      2.55348e+6 
          20750      2.50539e+6 
          20850      2.45845e+6 
          20950      2.41263e+6 
          21050      2.36775e+6 
          21150      2.31652e+6 
          21250      2.28134e+6 
          21350       2.2396e+6 
          21450       2.1983e+6 
          21550      2.15742e+6 
          21650      2.04591e+6 
          21750      2.07819e+6 
          21850      2.04343e+6 
          21950      2.00812e+6 
          22050      1.97243e+6 
          22150      1.93762e+6 
          22250      1.90327e+6 
          22350      1.87021e+6 
          22450      1.83759e+6 
          22550       1.8057e+6 
          22650      1.77444e+6 
          22750      1.74396e+6 
          22850      1.71386e+6 
          22950      1.68465e+6 
          23050      1.65567e+6 
          23150      1.62804e+6 
          23250      1.60069e+6 
          23350      1.57388e+6 
          23450       1.5476e+6 
          23550      1.52186e+6 
          23650      1.49662e+6 
          23750      1.47195e+6 
          23850      1.44778e+6 
          23950      1.42403e+6 
          24050      1.40074e+6 
          24150       1.3778e+6 
          24250       1.3557e+6 
          24350      1.33359e+6 
          24450      1.31187e+6 
          24550      1.29151e+6 
          24650      1.27014e+6 
          24750      1.24834e+6 
          24850      1.23172e+6 
          24950      1.20831e+6 
          25050      1.19352e+6 
          25150      1.17506e+6 
          25250      1.15029e+6 
          25350      1.13894e+6 
          25450       1.1239e+6 
          25550      1.10427e+6 
          25650      1.07724e+6 
          25750      1.07162e+6 
          25850      1.05669e+6 
          25950      1.04067e+6 
          26050      1.02076e+6 
          26150          990769 
          26250          958851 
          26350          977034 
          26450          965029 
          26550          949917 
          26650          934739 
          26750          901702 
          26850          906965 
          26950          896097 
          27050          883100 
          27150          870269 
          27250          857704 
          27350          845349 
          27450          832852 
          27550          801801 
          27650          803502 
          27750          798112 
          27850          786854 
          27950          775784 
          28050          764852 
          28150          754151 
          28250          743675 
          28350          733329 
          28450          723156 
          28550          712877 
          28650          699969 
          28750          673322 
          28850          683553 
          28950          674928 
          29050          665781 
          29150          656787 
          29250          647945 
          29350          639207 
          29450          630661 
          29550          622258 
          29650          613953 
          29750          605832 
          29850          597805 
          29950          589956 
          30050          582198 
          30150          574571 
          30250          566867 
          30350          545960 
          30450          545427 
          30550          545293 
          30650          538292 
          30750          531331 
          30850          524527 
          30950          517918 
          31050          511305 
          31150          504844 
          31250          498455 
          31350          492175 
          31450          486003 
          31550          479899 
          31650          473938 
          31750          468042 
          31850          462211 
          31950          456518 
          32100          448093 
          32300          437181 
          32500          426609 
          32700          416333 
          32900          398235 
          33100          395260 
          33300          387027 
          33500          378022 
          33700          369203 
          33900          360663 
          34100          352330 
          34300          344263 
          34500          336390 
          34700          328831 
          34900          321733 
          35100          314499 
          35300          307499 
          35500          300606 
          35700          293884 
          35900          287786 
          36100          281065 
          36300          275337 
          36500          268912 
          36700          263643 
          36900          257337 
          37100          252112 
          37300          244693 
          37500          238026 
          37700          236822 
          37900          231974 
          38100          226545 
          38300          221974 
          38500          217922 
          38700          213475 
          38900          209005 
          39100          203553 
          39300          200791 
          39500          196778 
          39700          192862 
          39900          189043 
          40100          184505 
          40300          180191 
          40500          174877 
          40700          174661 
          40900          171302 
          41100          168006 
          41300          164676 
          41500          161585 
          41700          156378 
          41900          155483 
          42100          152666 
          42300          149810 
          42500          146963 
          42700          144298 
          42900          141443 
          43100          139036 
          43300          136495 
          43500          134008 
          43700          129671 
          43900          128780 
          44100          126890 
          44300          124624 
          44500          122406 
          44700          120342 
          44900          118221 
          45100          116145 
          45300          114114 
          45500          112128 
          45700          110184 
          45900          108281 
          46100          106389 
          46300          104536 
          46500          100409 
          46700         98989.3 
          46900           99058 
          47100         97692.1 
          47300         96056.1 
          47500         94452.4 
          47700         92882.2 
          47900         91346.3 
          48100         89840.9 
          48300         88365.2 
          48500         86920.4 
          48700         85505.9 
          48900         84119.4 
          49100         82760.4 
          49300         81428.4 
          49500         80124.5 
          49700         78844.9 
          49900         77592.3 
          50100         76363.2 
          50300         75158.6 
          50500           73978 
          50700         72819.5 
          50900         71684.2 
          51100           70459 
          51300         68001.1 
          51500         68343.2 
          51700         67332.1 
          51900         66328.8 
          52100         65318.1 
          52300         64327.8 
          52500         63353.4 
          52700         62330.9 
          52900         61463.3 
          53100         60544.2 
          53300         59642.5 
          53500         58756.5 
          53700         57810.1 
          53900         56970.9 
          54100         56197.7 
          54300         55375.6 
          54500         54569.2 
          54700         53776.8 
          54900         52998.2 
          55100           52196 
          55300         51299.2 
          55500         50746.7 
          55700         50023.5 
          55900           49313 
          56100         48613.6 
          56300         47927.8 
          56500         47253.9 
          56700         46591.8 
          56900         45932.1 
          57100         45018.1 
          57300         44643.6 
          57500         44055.6 
          57700         43448.5 
          57900         42852.2 
          58100         42266.4 
          58300         41689.9 
          58500         41144.4 
          58700         40586.8 
          58900         39954.4 
          59100         38585.3 
          59300         38901.9 
          59500         38100.2 
          59700         37796.7 
          59900         37433.4 
          60100         36938.6 
          60300         36451.5 
          60500         35972.1 
          60700         35501.3 
          60900         35037.9 
          61100         34580.9 
          61300           34133 
          61500         33691.2 
          61700         33256.5 
          61900         32829.5 
          62100         32408.4 
          62300         31994.9 
          62500         31587.9 
          62700         31147.1 
          62900         30341.9 
          63100         30337.2 
          63300         30021.7 
          63500           29646 
          63700         29275.4 
          63900         28910.6 
          64200         28374.2 
          64600           27679 
          65000         27004.1 
          65400         26349.8 
          65800         25714.6 
          66200         25098.7 
          66600         24501.7 
          67000         23922.2 
          67400         23340.5 
          67800         22580.8 
          68200         22281.9 
          68600         21767.4 
          69000         21266.5 
          69400         20780.4 
          69800         20308.6 
          70200           19850 
          70600         19403.5 
          71000         18969.5 
          71400         18548.4 
          71800         18138.4 
          72200         17739.3 
          72600         17348.5 
          73000         16974.4 
          73400         16607.4 
          73800         16250.1 
          74200           15881 
          74600         15339.5 
          75000         14901.1 
          75400         14893.8 
          75800         14601.3 
          76200         14297.2 
          76600         14000.6 
          77000           13712 
          77400         13430.4 
          77800         13125.2 
          78200           12889 
          78600         12628.3 
          79000         12374.5 
          79400         12127.1 
          79800         11885.1 
          80200         11649.7 
          80600         11420.1 
          81000         11196.2 
          81400         10942.6 
          81800         10752.5 
          82200         10556.1 
          82600         10352.6 
          83000         10154.6 
          83400            9961 
          83800         9771.71 
          84200         9587.16 
          84600         9407.23 
          85000          9231.3 
          85400         9059.28 
          85800         8891.09 
          86200         8727.13 
          86600         8510.06 
          87000         8406.61 
          87400         8199.14 
          87800         8049.83 
          88200            7961 
          88600         7818.26 
          89000         7678.22 
          89400         7541.79 
          89800         7407.95 
          90200         7277.57 
          90600         7149.65 
          91000         7024.61 
          91400         6902.38 
          91800         6782.46 
          92200         6665.24 
          92600         6550.66 
          93000         6438.68 
          93400          6328.8 
          93800          6167.9 
          94200         6105.44 
          94600          6013.5 
          95000         5912.46 
          95400         5813.73 
          95800         5717.25 
          96200         5622.58 
          96600         5529.69 
          97000         5438.93 
          97400         5350.27 
          97800         5262.88 
          98200         5177.51 
          98600         5093.35 
          99000         5011.91 
          99400         4931.62 
          99800         4852.83 
         100200         4775.89 
         200000           298.2 
         400000         18.3149 
         600000         3.56784 
         800000         1.11653 
         1.0e+6        0.453205 
         1.2e+6        0.216907 
         1.4e+6        0.116338 
         1.6e+6       0.0678245 
