# Kurucz ODFNEW /NOVER (2003)
# teff = 8750 K (value for the effective temperature for the model. Temperatures are given in K)
# logg = 4.5 log(cm/s2) (value for Log(G) for the model.)
# meta = -2.5  (value for the Metallicity for the model.)
# lh = 1.25  (l/Hp where l is the  mixing length of the convective element and Hp is the pressure scale height)
# vtur = 2 km/s (Microturbulence velocity)
# alpha = 0.4  (Alpha)
#
# column 1: WAVELENGTH (ANGSTROM), Wavelength in Angstrom
# column 2: FLUX (ERG/CM2/S/A), Flux in erg/cm2/s/A
            264      1.1309e-23 
          268.5     9.57236e-23 
          273.5     4.40534e-22 
          278.5     1.83706e-21 
            284     8.27435e-21 
            290     3.99172e-20 
            296      1.8035e-19 
            301     6.04923e-19 
            308     3.07673e-18 
            318     2.76605e-17 
            328     2.16697e-16 
            338      1.4976e-15 
            348     9.22941e-15 
            357     4.33427e-14 
            366     1.88112e-13 
            375     7.58817e-13 
            385     3.30129e-12 
            395     1.32923e-11 
            405     4.98195e-11 
            414     1.54533e-10 
            422     4.05174e-10 
            430      1.02318e-9 
            441      3.45288e-9 
            451      9.88382e-9 
            460      2.44393e-8 
            470      6.40269e-8 
            480      1.60797e-7 
            490      3.88184e-7 
            500      9.02764e-7 
            506      1.48302e-6 
            512      2.39724e-6 
            520       4.4458e-6 
            530      9.36043e-6 
            540       1.9131e-5 
            550       3.8049e-5 
            560      7.37037e-5 
            570     0.000139294 
            580     0.000257114 
            590      0.00046437 
            600     0.000820988 
            610      0.00142258 
            620      0.00241875 
            630      0.00403847 
            640      0.00662845 
            650       0.0107009 
            658        0.015522 
            665       0.0213212 
            675       0.0331447 
            685         0.05081 
            695       0.0768543 
            705        0.114779 
            716        0.175947 
            726        0.256296 
            735        0.356126 
            745        0.508046 
            755        0.717341 
            765         1.00294 
            775         1.38906 
            785         1.90631 
            795         2.59331 
            805         3.49827 
            815         4.68104 
            825         6.21476 
            835         8.19028 
            845         10.7153 
            855          13.921 
            865         17.9648 
            875         23.0336 
            885         29.3476 
            895         37.1681 
            905         46.7977 
            915          78.111 
            925         221.628 
            935         372.022 
            945         696.614 
            955         1092.65 
            965          1499.6 
            975         1069.68 
            985         2852.15 
            995         4063.25 
           1005         4435.97 
           1015         3529.73 
           1025         2045.14 
           1035         4700.92 
           1045         8240.25 
           1055         11241.7 
           1065         18516.2 
           1075         39129.3 
           1085         94081.2 
           1095          133072 
           1105          217227 
           1115          393873 
           1125          311058 
           1135          274558 
           1145          126850 
           1155           56610 
           1165         40903.2 
           1175         35980.5 
           1185         40172.7 
           1195         27140.9 
           1205         20569.8 
           1215         11056.7 
           1225           23288 
           1235         39974.4 
           1245         48150.1 
           1255           68987 
           1265         92817.8 
           1275          145774 
           1285          497393 
           1295          980807 
           1305      2.02946e+6 
           1315      3.14394e+6 
           1325      4.74811e+6 
           1335      6.51309e+6 
           1345      8.50493e+6 
           1355      9.60216e+6 
           1365      1.10209e+7 
           1375      9.58748e+6 
           1385      7.50051e+6 
           1395      6.56093e+6 
           1405      1.27163e+7 
           1415      2.32428e+7 
           1425      2.52702e+7 
           1435      2.58431e+7 
           1442       2.8883e+7 
           1447      2.67873e+7 
           1455       3.0106e+7 
           1465      2.75391e+7 
           1475      2.89747e+7 
           1485      2.94588e+7 
           1495      3.00403e+7 
           1505      3.13921e+7 
           1512       3.1664e+7 
           1517      2.90165e+7 
           1525      2.95082e+7 
           1535       2.8607e+7 
           1545      2.65112e+7 
           1555      2.39528e+7 
           1565      1.89455e+7 
           1575      1.92433e+7 
           1585      1.78166e+7 
           1595      1.67883e+7 
           1605      1.66002e+7 
           1615       2.2453e+7 
           1625      2.88187e+7 
           1635       3.6524e+7 
           1645      4.57278e+7 
           1655      4.44919e+7 
           1665      5.35328e+7 
           1672      5.23956e+7 
           1677      5.46194e+7 
           1685      5.70052e+7 
           1695      5.54756e+7 
           1705      5.60307e+7 
           1715      5.85365e+7 
           1725      5.79978e+7 
           1735      5.93098e+7 
           1745      5.81012e+7 
           1755      5.90298e+7 
           1765      5.68754e+7 
           1775      5.83958e+7 
           1785      5.79597e+7 
           1795      5.91234e+7 
           1805      5.77936e+7 
           1815      5.75771e+7 
           1825      5.69603e+7 
           1835      5.72787e+7 
           1845      5.52263e+7 
           1855      5.66688e+7 
           1865      5.70419e+7 
           1875      5.69451e+7 
           1885      5.68536e+7 
           1895      5.67902e+7 
           1905      5.56931e+7 
           1915      5.63457e+7 
           1925      5.66534e+7 
           1935      5.53992e+7 
           1945       5.6522e+7 
           1955      5.62971e+7 
           1967       5.6178e+7 
           1976      5.51445e+7 
           1984      5.47907e+7 
           1995       5.5288e+7 
           2005      5.44446e+7 
           2015      5.38396e+7 
           2025        5.347e+7 
           2035      5.43431e+7 
           2045      5.41291e+7 
           2055      5.28034e+7 
           2065      5.30583e+7 
           2074      5.38564e+7 
           2078       5.3884e+7 
           2085      5.35575e+7 
           2095      5.33186e+7 
           2105      5.30589e+7 
           2115      5.28262e+7 
           2125      5.23611e+7 
           2135       5.1956e+7 
           2145      5.25838e+7 
           2155      5.20977e+7 
           2165      5.10276e+7 
           2175       5.1113e+7 
           2185      5.12909e+7 
           2195      5.18309e+7 
           2205      5.07707e+7 
           2215      4.91415e+7 
           2225      4.97334e+7 
           2235      5.10247e+7 
           2245      5.03133e+7 
           2255      4.92309e+7 
           2265      4.86158e+7 
           2275      4.96335e+7 
           2285      4.97469e+7 
           2295      4.90125e+7 
           2305       4.9205e+7 
           2315      4.88322e+7 
           2325      4.87664e+7 
           2335      4.81858e+7 
           2345      4.62829e+7 
           2355      4.79693e+7 
           2365      4.63433e+7 
           2375      4.72569e+7 
           2385      4.50574e+7 
           2395      4.67008e+7 
           2405      4.64253e+7 
           2415      4.63556e+7 
           2425      4.72764e+7 
           2435      4.63285e+7 
           2445      4.66751e+7 
           2455      4.67519e+7 
           2465      4.58122e+7 
           2475       4.5543e+7 
           2485      4.56061e+7 
           2495      4.50361e+7 
           2505      4.60497e+7 
           2513      4.49379e+7 
           2518      4.46568e+7 
           2525       4.3964e+7 
           2535      4.38224e+7 
           2545      4.41243e+7 
           2555       4.5231e+7 
           2565       4.4784e+7 
           2575      4.52374e+7 
           2585      4.53577e+7 
           2595      4.49696e+7 
           2605      4.44324e+7 
           2615      4.41284e+7 
           2625      4.40832e+7 
           2635      4.42489e+7 
           2645      4.56457e+7 
           2655      4.54473e+7 
           2665       4.4647e+7 
           2675      4.48056e+7 
           2685      4.50488e+7 
           2695      4.46425e+7 
           2705      4.45906e+7 
           2715      4.38365e+7 
           2725      4.37568e+7 
           2735      4.39456e+7 
           2745      4.23355e+7 
           2755      4.24258e+7 
           2765      4.31391e+7 
           2775      4.37338e+7 
           2785      4.33328e+7 
           2795      4.01839e+7 
           2805      4.18279e+7 
           2815      4.36735e+7 
           2825      4.35055e+7 
           2835      4.29704e+7 
           2845      4.28453e+7 
           2855      4.21528e+7 
           2865      4.25149e+7 
           2875      4.25478e+7 
           2885       4.2396e+7 
           2895      4.26987e+7 
           2910       4.2721e+7 
           2930      4.20279e+7 
           2950      4.18188e+7 
           2970      4.18281e+7 
           2990      4.15586e+7 
           3010       4.1572e+7 
           3030       4.1391e+7 
           3050      4.11861e+7 
           3070      4.08111e+7 
           3090      4.07462e+7 
           3110      4.05782e+7 
           3130       4.0342e+7 
           3150      4.00896e+7 
           3170      3.99714e+7 
           3190      3.94718e+7 
           3210      3.95116e+7 
           3230      3.90816e+7 
           3250      3.91157e+7 
           3270      3.90649e+7 
           3290      3.89186e+7 
           3310      3.87489e+7 
           3330      3.84343e+7 
           3350      3.81077e+7 
           3370      3.79785e+7 
           3390      3.78201e+7 
           3410      3.77795e+7 
           3430      3.75932e+7 
           3450      3.73928e+7 
           3470      3.72102e+7 
           3490      3.70448e+7 
           3510      3.68776e+7 
           3530      3.67058e+7 
           3550      3.65295e+7 
           3570      3.63135e+7 
           3590      3.61351e+7 
           3610      3.59613e+7 
           3630      3.57863e+7 
           3640      3.56923e+7 
           3650      3.57854e+7 
           3670      3.57097e+7 
           3690      3.46624e+7 
           3710      3.47194e+7 
           3730      3.44808e+7 
           3750      4.16954e+7 
           3770       4.3767e+7 
           3790      5.22891e+7 
           3810      6.14582e+7 
           3830      4.97669e+7 
           3850      6.90249e+7 
           3870      7.90289e+7 
           3890      4.35183e+7 
           3910      7.96577e+7 
           3930      8.92375e+7 
           3950       7.9482e+7 
           3970      4.22745e+7 
           3990      7.51727e+7 
           4010      9.00209e+7 
           4030      9.21985e+7 
           4050      9.04909e+7 
           4070      8.38748e+7 
           4090       6.0279e+7 
           4110      4.61921e+7 
           4130      7.79437e+7 
           4150      8.51543e+7 
           4170      8.63933e+7 
           4190      8.61177e+7 
           4210      8.53333e+7 
           4230      8.42103e+7 
           4250      8.30609e+7 
           4270      8.14003e+7 
           4290      7.87107e+7 
           4310      7.21757e+7 
           4330      5.08504e+7 
           4350      4.34356e+7 
           4370      6.83036e+7 
           4390      7.39263e+7 
           4410      7.50317e+7 
           4430      7.49143e+7 
           4450      7.43756e+7 
           4470      7.36758e+7 
           4490       7.2791e+7 
           4510      7.21709e+7 
           4530      7.13753e+7 
           4550      7.06637e+7 
           4570      6.99203e+7 
           4590      6.91263e+7 
           4610      6.83896e+7 
           4630      6.75997e+7 
           4650      6.67894e+7 
           4670       6.5994e+7 
           4690      6.52149e+7 
           4710      6.43684e+7 
           4730      6.36636e+7 
           4750      6.28214e+7 
           4770      6.18602e+7 
           4790      6.06239e+7 
           4810      5.86325e+7 
           4830      5.41899e+7 
           4850      4.07728e+7 
           4870      3.34034e+7 
           4890      5.06531e+7 
           4910      5.50793e+7 
           4930      5.60563e+7 
           4950      5.61039e+7 
           4970      5.58012e+7 
           4990      5.53548e+7 
           5010      5.48357e+7 
           5030      5.43364e+7 
           5050      5.38537e+7 
           5070      5.33418e+7 
           5090      5.27911e+7 
           5110      5.22502e+7 
           5130      5.17091e+7 
           5150      5.11775e+7 
           5170      5.05089e+7 
           5190        5.007e+7 
           5210      4.96267e+7 
           5230      4.91087e+7 
           5250      4.86314e+7 
           5270      4.81192e+7 
           5290      4.76537e+7 
           5310      4.71712e+7 
           5330      4.66905e+7 
           5350      4.62394e+7 
           5370      4.57741e+7 
           5390       4.5321e+7 
           5410      4.48668e+7 
           5430      4.44296e+7 
           5450      4.39937e+7 
           5470      4.35631e+7 
           5490      4.31375e+7 
           5510      4.27182e+7 
           5530      4.22989e+7 
           5550      4.18931e+7 
           5570      4.14847e+7 
           5590      4.10811e+7 
           5610      4.06869e+7 
           5630      4.02985e+7 
           5650      3.99123e+7 
           5670      3.95304e+7 
           5690      3.91541e+7 
           5710      3.87809e+7 
           5730      3.84143e+7 
           5750      3.80495e+7 
           5770      3.76912e+7 
           5790      3.73368e+7 
           5810      3.69865e+7 
           5830        3.664e+7 
           5850      3.62975e+7 
           5870      3.59521e+7 
           5890      3.56074e+7 
           5910      3.52956e+7 
           5930       3.4969e+7 
           5950      3.46471e+7 
           5970      3.43287e+7 
           5990      3.40126e+7 
           6010      3.37011e+7 
           6030       3.3393e+7 
           6050      3.30892e+7 
           6070      3.27887e+7 
           6090      3.24914e+7 
           6110      3.21983e+7 
           6130      3.19053e+7 
           6150      3.16165e+7 
           6170      3.13327e+7 
           6190      3.10558e+7 
           6210      3.07789e+7 
           6230       3.0504e+7 
           6250      3.02309e+7 
           6270      2.99656e+7 
           6290      2.97001e+7 
           6310      2.94374e+7 
           6330      2.91783e+7 
           6350      2.89144e+7 
           6370      2.86626e+7 
           6390       2.8369e+7 
           6410      2.80905e+7 
           6430      2.78167e+7 
           6450      2.75213e+7 
           6470      2.71994e+7 
           6490       2.6795e+7 
           6510      2.61834e+7 
           6530      2.49207e+7 
           6550      2.11852e+7 
           6570      1.72869e+7 
           6590      2.32788e+7 
           6610      2.47824e+7 
           6630      2.51251e+7 
           6650      2.51309e+7 
           6670      2.50202e+7 
           6690      2.48633e+7 
           6710      2.46852e+7 
           6730      2.45054e+7 
           6750      2.43372e+7 
           6770      2.41378e+7 
           6790      2.39361e+7 
           6810      2.37364e+7 
           6830      2.35387e+7 
           6850      2.33428e+7 
           6870      2.31488e+7 
           6890      2.29575e+7 
           6910       2.2768e+7 
           6930      2.25803e+7 
           6950      2.23944e+7 
           6970       2.2211e+7 
           6990      2.20293e+7 
           7010      2.18486e+7 
           7030      2.16711e+7 
           7050      2.14945e+7 
           7070      2.13203e+7 
           7090       2.1147e+7 
           7110      2.09738e+7 
           7130      2.08066e+7 
           7150      2.06388e+7 
           7170      2.04732e+7 
           7190      2.03092e+7 
           7210      2.01467e+7 
           7230      1.99857e+7 
           7250      1.98261e+7 
           7270      1.96687e+7 
           7290       1.9512e+7 
           7310      1.93574e+7 
           7330      1.92043e+7 
           7350      1.90532e+7 
           7370      1.89027e+7 
           7390      1.87543e+7 
           7410      1.86066e+7 
           7430      1.84608e+7 
           7450       1.8317e+7 
           7470      1.81739e+7 
           7490      1.80319e+7 
           7510      1.78926e+7 
           7530      1.77538e+7 
           7550      1.76163e+7 
           7570      1.74806e+7 
           7590      1.73454e+7 
           7610      1.72121e+7 
           7630      1.70799e+7 
           7650      1.69489e+7 
           7670       1.6819e+7 
           7690      1.66908e+7 
           7710      1.65632e+7 
           7730      1.64378e+7 
           7750       1.6313e+7 
           7770      1.61555e+7 
           7790      1.60664e+7 
           7810      1.59453e+7 
           7830      1.58253e+7 
           7850      1.57062e+7 
           7870      1.55869e+7 
           7890      1.54693e+7 
           7910      1.53556e+7 
           7930      1.52405e+7 
           7950       1.5127e+7 
           7970       1.5015e+7 
           7990      1.49016e+7 
           8010      1.47932e+7 
           8030      1.46839e+7 
           8050       1.4575e+7 
           8070      1.44676e+7 
           8090      1.43616e+7 
           8110      1.42559e+7 
           8130      1.41517e+7 
           8150      1.40477e+7 
           8170      1.39451e+7 
           8190      1.38417e+7 
           8210      1.37632e+7 
           8230      1.36697e+7 
           8250      1.35769e+7 
           8270      1.34899e+7 
           8290      1.34002e+7 
           8310      1.33112e+7 
           8330      1.32191e+7 
           8350      1.31305e+7 
           8370      1.30361e+7 
           8390      1.29371e+7 
           8410      1.28362e+7 
           8430      1.27372e+7 
           8450       1.2648e+7 
           8470      1.24575e+7 
           8490      1.24857e+7 
           8510      1.21279e+7 
           8530      1.23518e+7 
           8550      1.16555e+7 
           8570       1.2305e+7 
           8590      1.16718e+7 
           8610      1.14555e+7 
           8630      1.22366e+7 
           8650      1.17677e+7 
           8670      1.02791e+7 
           8690      1.19211e+7 
           8710      1.22095e+7 
           8730      1.17078e+7 
           8750      9.56751e+6 
           8770      1.11447e+7 
           8790      1.20307e+7 
           8810      1.21426e+7 
           8830      1.18084e+7 
           8850      1.04987e+7 
           8870      9.04368e+6 
           8890      1.11433e+7 
           8910      1.17734e+7 
           8930      1.19224e+7 
           8950      1.18588e+7 
           8970      1.15724e+7 
           8990      1.08609e+7 
           9010      8.76575e+6 
           9030      9.49436e+6 
           9050      1.08857e+7 
           9070      1.12943e+7 
           9090      1.14024e+7 
           9110       1.1416e+7 
           9130      1.13529e+7 
           9150      1.12295e+7 
           9170      1.10202e+7 
           9190      1.06244e+7 
           9210      9.72645e+6 
           9230      7.73775e+6 
           9250      9.37569e+6 
           9270      1.02664e+7 
           9290      1.05663e+7 
           9310      1.06509e+7 
           9330       1.0652e+7 
           9350      1.06155e+7 
           9370        1.056e+7 
           9390      1.04932e+7 
           9410      1.04036e+7 
           9430      1.03286e+7 
           9450      1.02241e+7 
           9470       1.0084e+7 
           9490      9.86707e+6 
           9510      9.46571e+6 
           9530      8.54539e+6 
           9550      6.98004e+6 
           9570      8.62137e+6 
           9590      9.29083e+6 
           9610      9.51776e+6 
           9630      9.58104e+6 
           9650      9.58385e+6 
           9670      9.54989e+6 
           9690       9.5101e+6 
           9710      9.46018e+6 
           9730      9.40501e+6 
           9750      9.34745e+6 
           9770      9.28948e+6 
           9790      9.22995e+6 
           9810      9.16965e+6 
           9830      9.10859e+6 
           9850      9.04601e+6 
           9870       8.9827e+6 
           9890      8.91483e+6 
           9910      8.84819e+6 
           9930       8.7717e+6 
           9950      8.68358e+6 
           9970      8.56919e+6 
           9990      8.39902e+6 
          10025      7.48694e+6 
          10075      7.12851e+6 
          10125      8.10084e+6 
          10175      8.11384e+6 
          10225      8.01955e+6 
          10275      7.91457e+6 
          10325      7.79605e+6 
          10375      7.67524e+6 
          10425      7.55708e+6 
          10475      7.43875e+6 
          10525      7.32641e+6 
          10575      7.21418e+6 
          10625      7.10372e+6 
          10675      6.98477e+6 
          10725      6.87198e+6 
          10775      6.75513e+6 
          10825      6.61186e+6 
          10875       6.3537e+6 
          10925      5.29038e+6 
          10975      5.76742e+6 
          11025      6.16153e+6 
          11075      6.15793e+6 
          11125      6.09235e+6 
          11175      6.01744e+6 
          11225      5.93585e+6 
          11275      5.84776e+6 
          11325      5.76334e+6 
          11375      5.68163e+6 
          11425      5.59997e+6 
          11475      5.52009e+6 
          11525      5.44139e+6 
          11575      5.36383e+6 
          11625       5.2874e+6 
          11675      5.21153e+6 
          11725      5.13977e+6 
          11775      5.06388e+6 
          11825      4.99475e+6 
          11875      4.92606e+6 
          11925      4.85835e+6 
          11975      4.78922e+6 
          12025      4.72473e+6 
          12075      4.65907e+6 
          12125      4.59561e+6 
          12175      4.53303e+6 
          12225      4.47133e+6 
          12275      4.41022e+6 
          12325       4.3507e+6 
          12375        4.292e+6 
          12425       4.2341e+6 
          12475      4.17699e+6 
          12525      4.12113e+6 
          12575      4.05984e+6 
          12625      3.99749e+6 
          12675      3.93061e+6 
          12725      3.83673e+6 
          12775      3.61169e+6 
          12825      3.07466e+6 
          12875      3.56285e+6 
          12925      3.64968e+6 
          12975       3.6348e+6 
          13025      3.59896e+6 
          13075      3.56069e+6 
          13125      3.51764e+6 
          13175      3.47211e+6 
          13225      3.42803e+6 
          13275      3.38409e+6 
          13325      3.34091e+6 
          13375       3.2985e+6 
          13425      3.25684e+6 
          13475      3.21549e+6 
          13525      3.17508e+6 
          13575      3.13518e+6 
          13625      3.09597e+6 
          13675      3.05726e+6 
          13725      3.01883e+6 
          13775      2.98166e+6 
          13825      2.94456e+6 
          13875      2.90831e+6 
          13925       2.8725e+6 
          13975      2.83713e+6 
          14025      2.80238e+6 
          14075      2.76825e+6 
          14125      2.73452e+6 
          14175       2.7012e+6 
          14225      2.66847e+6 
          14275      2.63613e+6 
          14325      2.60436e+6 
          14375      2.57314e+6 
          14425       2.5414e+6 
          14475      2.51182e+6 
          14525      2.48152e+6 
          14570      2.45522e+6 
          14620       2.4277e+6 
          14675      2.39712e+6 
          14725      2.36957e+6 
          14775      2.34234e+6 
          14825       2.3156e+6 
          14875      2.28848e+6 
          14925      2.26319e+6 
          14975      2.23735e+6 
          15025      2.21114e+6 
          15075      2.18622e+6 
          15125      2.16125e+6 
          15175      2.13607e+6 
          15225      2.11199e+6 
          15275      2.08591e+6 
          15325      2.06077e+6 
          15375       2.0399e+6 
          15425      2.00865e+6 
          15475      1.99223e+6 
          15525      1.96738e+6 
          15575      1.92759e+6 
          15625      1.93534e+6 
          15675      1.88636e+6 
          15725      1.84879e+6 
          15775      1.87645e+6 
          15825      1.84882e+6 
          15875      1.73838e+6 
          15925      1.78601e+6 
          15975      1.80629e+6 
          16050      1.74616e+6 
          16150      1.65253e+6 
          16250      1.71657e+6 
          16350      1.62066e+6 
          16450      1.52236e+6 
          16550      1.61639e+6 
          16650      1.58548e+6 
          16750      1.47382e+6 
          16850      1.38021e+6 
          16950      1.48304e+6 
          17050      1.46375e+6 
          17150      1.43123e+6 
          17250       1.3805e+6 
          17350      1.20457e+6 
          17450       1.2993e+6 
          17550      1.31267e+6 
          17650      1.29095e+6 
          17750      1.26664e+6 
          17850      1.23877e+6 
          17950      1.21062e+6 
          18050      1.17181e+6 
          18150      1.03019e+6 
          18250      1.08663e+6 
          18350      1.11052e+6 
          18450       1.0932e+6 
          18550      1.06949e+6 
          18650      1.03102e+6 
          18750          904204 
          18850          985573 
          18950          987756 
          19050          971829 
          19150          953086 
          19250          931783 
          19350          895433 
          19450          789045 
          19550          861563 
          19650          863529 
          19750          851002 
          19850          836339 
          19950          820811 
          20050          805624 
          20150          790800 
          20250          776303 
          20350          762133 
          20450          748302 
          20550          734765 
          20650          721535 
          20750          708612 
          20850          695973 
          20950          683611 
          21050          671529 
          21150          659677 
          21250          648093 
          21350          635731 
          21450          622276 
          21550          601442 
          21650          534589 
          21750          574735 
          21850          579808 
          21950          572738 
          22050          564200 
          22150          554733 
          22250          545435 
          22350          536327 
          22450          527404 
          22550          518654 
          22650          510105 
          22750          501728 
          22850          493638 
          22950          485683 
          23050          477883 
          23150          470235 
          23250          462735 
          23350          455387 
          23450          448182 
          23550          441117 
          23650          434181 
          23750          427380 
          23850          420711 
          23950          414151 
          24050          407705 
          24150          401358 
          24250          395172 
          24350          389054 
          24450          382960 
          24550          377240 
          24650          371179 
          24750          365590 
          24850          360543 
          24950          353428 
          25050          349826 
          25150          344613 
          25250          336388 
          25350          334062 
          25450          330197 
          25550          323889 
          25650          314320 
          25750          314849 
          25850          311482 
          25950          306384 
          26050          297618 
          26150          284290 
          26250          263605 
          26350          281624 
          26450          284560 
          26550          281437 
          26650          274735 
          26750          259318 
          26850          266995 
          26950          266786 
          27050          263864 
          27150          260421 
          27250          256763 
          27350          252693 
          27450          246796 
          27550          230047 
          27650          233758 
          27750          238054 
          27850          236260 
          27950          233608 
          28050          230806 
          28150          227695 
          28250          224637 
          28350          221391 
          28450          217859 
          28550          213706 
          28650          205070 
          28750          192475 
          28850          203206 
          28950          203369 
          29050          201453 
          29150          199280 
          29250          196704 
          29350          194154 
          29450          191648 
          29550          189184 
          29650          186757 
          29750          184367 
          29850          182018 
          29950          179700 
          30050          177083 
          30150          174290 
          30250          170319 
          30350          158320 
          30450          159394 
          30550          164520 
          30650          163806 
          30750          162284 
          30850          160454 
          30950          158482 
          31050          156533 
          31150          154617 
          31250          152734 
          31350          150876 
          31450          149046 
          31550          147244 
          31650          145468 
          31750          143720 
          31850          141998 
          31950          140303 
          32100          137806 
          32300          134563 
          32500          131410 
          32700          127676 
          32900          117883 
          33100          119475 
          33300          119159 
          33500          116680 
          33700          114101 
          33900          111569 
          34100          109098 
          34300          106689 
          34500          104345 
          34700          102063 
          34900         99841.8 
          35100         97682.8 
          35300         95575.3 
          35500         93526.9 
          35700         91527.2 
          35900         89595.3 
          36100         87677.4 
          36300         85861.9 
          36500         84010.2 
          36700         82316.6 
          36900         80441.8 
          37100         78714.6 
          37300         74831.9 
          37500         72624.1 
          37700         74015.8 
          37900         72754.1 
          38100         71042.4 
          38300         69670.6 
          38500         68577.6 
          38700         67244.3 
          38900           65743 
          39100         63899.2 
          39300         63296.8 
          39500           62189 
          39700         60997.5 
          39900         59755.7 
          40100           57971 
          40300         56538.8 
          40500         53627.5 
          40700           54994 
          40900         54365.1 
          41100         53400.2 
          41300         52385.1 
          41500         51168.3 
          41700         48904.3 
          41900         49249.6 
          42100         48678.7 
          42300         47876.3 
          42500         47009.6 
          42700         46161.1 
          42900         45332.6 
          43100         44523.4 
          43300         43705.2 
          43500         42726.9 
          43700         40638.1 
          43900         40692.9 
          44100         40615.2 
          44300         40024.7 
          44500         39332.8 
          44700         38693.2 
          44900         37977.4 
          45100         37330.1 
          45300         36694.6 
          45500         36068.9 
          45700         35452.6 
          45900         34840.3 
          46100           34209 
          46300         33436.1 
          46500         31349.3 
          46700         30958.7 
          46900         31618.3 
          47100         31450.6 
          47300         31001.6 
          47500           30519 
          47700         30033.5 
          47900         29553.4 
          48100         29081.8 
          48300         28618.6 
          48500         28163.6 
          48700         27718.3 
          48900         27280.9 
          49100         26851.3 
          49300         26429.3 
          49500         26017.8 
          49700         25610.6 
          49900           25215 
          50100           24822 
          50300         24435.9 
          50500           24061 
          50700         23681.1 
          50900         23274.3 
          51100         22702.9 
          51300         21527.1 
          51500         22088.9 
          51700         21905.6 
          51900           21621 
          52100         21316.6 
          52300         21002.3 
          52500         20677.2 
          52700         20363.2 
          52900         20089.7 
          53100         19841.2 
          53300           19552 
          53500         19229.7 
          53700         18914.3 
          53900         18643.2 
          54100         18420.7 
          54300         18185.5 
          54500         17926.8 
          54700         17671.3 
          54900           17399 
          55100         17104.2 
          55300         16824.2 
          55500           16653 
          55700         16465.6 
          55900         16237.1 
          56100         16011.4 
          56300         15790.9 
          56500         15574.3 
          56700         15350.9 
          56900         15089.6 
          57100         14785.3 
          57300         14670.8 
          57500         14526.8 
          57700         14347.1 
          57900         14153.7 
          58100         13964.9 
          58300         13768.4 
          58500         13569.9 
          58700         13364.9 
          58900         13049.5 
          59100         12413.4 
          59300         12732.7 
          59500           12511 
          59700         12425.2 
          59900           12356 
          60100         12217.6 
          60300         12066.2 
          60500         11914.5 
          60700         11762.5 
          60900         11635.6 
          61100         11486.9 
          61300         11341.9 
          61500         11198.5 
          61700         11056.8 
          61900         10917.6 
          62100         10767.3 
          62300         10620.6 
          62500         10475.6 
          62700           10292 
          62900         9969.54 
          63100         10013.4 
          63300          9962.4 
          63500         9855.83 
          63700         9755.05 
          63900         9639.64 
          64200         9464.76 
          64600         9236.87 
          65000         9016.54 
          65400         8802.12 
          65800         8594.32 
          66200         8392.52 
          66600         8196.72 
          67000         7997.59 
          67400         7766.44 
          67800         7459.53 
          68200         7442.43 
          68600         7298.81 
          69000         7134.36 
          69400         6974.37 
          69800         6818.96 
          70200         6667.78 
          70600         6520.79 
          71000         6377.72 
          71400          6238.7 
          71800         6103.46 
          72200         5971.77 
          72600         5835.96 
          73000         5716.69 
          73400         5597.49 
          73800         5472.51 
          74200         5334.63 
          74600         5078.29 
          75000         4933.25 
          75400         4985.08 
          75800         4918.71 
          76200         4828.79 
          76600         4734.38 
          77000         4638.56 
          77400         4537.54 
          77800         4432.74 
          78200            4358 
          78600         4278.69 
          79000         4194.25 
          79400         4111.88 
          79800         4031.48 
          80200         3953.06 
          80600         3876.51 
          81000         3798.59 
          81400         3706.03 
          81800         3642.51 
          82200         3588.24 
          82600          3520.5 
          83000         3454.27 
          83400         3389.59 
          83800         3326.41 
          84200         3264.69 
          84600         3204.42 
          85000          3145.5 
          85400         3087.95 
          85800         3031.64 
          86200         2969.34 
          86600         2888.68 
          87000         2855.76 
          87400         2767.19 
          87800         2718.43 
          88200         2715.43 
          88600         2671.77 
          89000         2624.84 
          89400         2578.92 
          89800         2533.99 
          90200         2490.03 
          90600         2447.03 
          91000         2404.91 
          91400         2363.75 
          91800         2323.43 
          92200         2283.95 
          92600         2245.33 
          93000         2207.54 
          93400         2163.97 
          93800         2099.65 
          94200          2082.5 
          94600         2061.18 
          95000         2029.66 
          95400         1996.66 
          95800         1964.01 
          96200         1932.04 
          96600         1900.69 
          97000         1869.99 
          97400         1839.89 
          97800         1810.38 
          98200         1781.48 
          98600         1752.48 
          99000          1725.4 
          99400         1698.19 
          99800         1671.48 
         100200         1645.33 
         200000         106.351 
         400000          6.6886 
         600000         1.31876 
         800000         0.41595 
         1.0e+6        0.169811 
         1.2e+6       0.0816352 
         1.4e+6        0.043937 
         1.6e+6       0.0256882 
