# Kurucz ODFNEW /NOVER (2003)
# teff = 23000 K (value for the effective temperature for the model. Temperatures are given in K)
# logg = 4.5 log(cm/s2) (value for Log(G) for the model.)
# meta = 0.5  (value for the Metallicity for the model.)
# lh = 1.25  (l/Hp where l is the  mixing length of the convective element and Hp is the pressure scale height)
# vtur = 2 km/s (Microturbulence velocity)
# alpha = 0.4  (Alpha)
#
# column 1: WAVELENGTH (ANGSTROM), Wavelength in Angstrom
# column 2: FLUX (ERG/CM2/S/A), Flux in erg/cm2/s/A
          147.2     7.39538e-16 
            151     3.38116e-15 
          155.2     1.66757e-14 
          158.8      6.1342e-14 
            162     1.86412e-13 
            166     7.05527e-13 
          170.3     2.73746e-12 
          173.4     7.07449e-12 
          176.8     1.91654e-11 
          180.2     5.00751e-11 
          181.7     7.55333e-11 
          186.1     2.44411e-10 
            191     8.52585e-10 
          193.9      1.73328e-9 
          198.4      5.01575e-9 
          201.8      1.08717e-8 
            205      2.19969e-8 
          210.5      7.04772e-8 
          216.2      2.21932e-7 
          219.8      4.44874e-7 
            223      8.10822e-7 
          226.8      1.61954e-6 
            230      2.05499e-5 
            234      4.84108e-5 
            240     0.000125969 
          246.5     0.000334828 
          252.4      0.00078763 
          256.8      0.00141149 
            260      0.00228311 
            264      0.00381454 
          268.5      0.00673065 
          273.5       0.0122645 
          278.5       0.0221786 
            284       0.0440383 
            290       0.0837585 
            296         0.15597 
            301        0.256439 
            308        0.532744 
            318         1.35143 
            328         3.07388 
            338         7.09014 
            348         15.0786 
            357         61.6635 
            366         122.784 
            375         203.049 
            385         361.162 
            395         663.517 
            405         1085.48 
            414         1705.04 
            422         2442.51 
            430         3564.16 
            441         5681.32 
            451         8431.18 
            460         11702.5 
            470         17074.8 
            480         24140.8 
            490         34235.1 
            500         47315.7 
            506          223666 
            512      2.94492e+6 
            520      3.42916e+6 
            530      4.36545e+6 
            540      4.70395e+6 
            550      7.13482e+6 
            560      8.43004e+6 
            570      1.05619e+7 
            580      1.04608e+7 
            590      1.44231e+7 
            600      1.64683e+7 
            610       1.9858e+7 
            620      2.12092e+7 
            630      2.22867e+7 
            640       1.9633e+7 
            650      1.30317e+7 
            658      2.22767e+7 
            665       2.9853e+7 
            675      3.41246e+7 
            685      3.62715e+7 
            695      4.85301e+7 
            705      5.04648e+7 
            716      5.78194e+7 
            726      6.04624e+7 
            735      6.48263e+7 
            745      7.46434e+7 
            755       8.0914e+7 
            765      8.84877e+7 
            775      9.60476e+7 
            785      1.03606e+8 
            795      1.07501e+8 
            805      1.13212e+8 
            815      1.19095e+8 
            825      1.30528e+8 
            835      1.14495e+8 
            845      1.37343e+8 
            855      1.42596e+8 
            865      1.53622e+8 
            875      1.63741e+8 
            885      1.80086e+8 
            895      1.90287e+8 
            905      1.84859e+8 
            915      2.60287e+8 
            925      1.38958e+9 
            935      3.33277e+9 
            945      7.67486e+9 
            955     1.18667e+10 
            965     1.44551e+10 
            975       2.0934e+9 
            985     1.22292e+10 
            995     1.24139e+10 
           1005     1.64246e+10 
           1015      1.6597e+10 
           1025      6.33246e+9 
           1035     1.16494e+10 
           1045     2.26919e+10 
           1055     2.08415e+10 
           1065     1.40232e+10 
           1075     1.83588e+10 
           1085     1.65969e+10 
           1095     1.95826e+10 
           1105     1.57495e+10 
           1115     1.31616e+10 
           1125     1.06894e+10 
           1135      1.7321e+10 
           1145      1.4293e+10 
           1155     1.57532e+10 
           1165     1.60276e+10 
           1175      8.96647e+9 
           1185     1.56991e+10 
           1195     1.13977e+10 
           1205      4.50537e+9 
           1215      5.11927e+9 
           1225     1.07742e+10 
           1235     1.57153e+10 
           1245     1.56608e+10 
           1255     1.51833e+10 
           1265     1.51318e+10 
           1275     1.55978e+10 
           1285     1.60021e+10 
           1295      7.48528e+9 
           1305      7.59376e+9 
           1315     1.51827e+10 
           1325      1.3889e+10 
           1335     1.32143e+10 
           1345     1.38386e+10 
           1355     1.37919e+10 
           1365     1.14164e+10 
           1375     1.11995e+10 
           1385     1.07599e+10 
           1395       6.8879e+9 
           1405      7.94557e+9 
           1415      9.33627e+9 
           1425      9.81124e+9 
           1435     1.01704e+10 
           1442      1.0768e+10 
           1447     1.05954e+10 
           1455      1.0191e+10 
           1465      9.13464e+9 
           1475      9.43388e+9 
           1485      9.20117e+9 
           1495      9.08574e+9 
           1505      7.78499e+9 
           1512       7.0175e+9 
           1517       7.3904e+9 
           1525      7.78737e+9 
           1535      6.45751e+9 
           1545      6.31153e+9 
           1555      6.18699e+9 
           1565      6.64361e+9 
           1575      7.15135e+9 
           1585      7.24134e+9 
           1595      7.19126e+9 
           1605      7.47733e+9 
           1615      7.41521e+9 
           1625      7.10152e+9 
           1635      7.72082e+9 
           1645      7.73249e+9 
           1655      7.41417e+9 
           1665      7.85211e+9 
           1672      7.46213e+9 
           1677      8.04542e+9 
           1685      7.98845e+9 
           1695      7.42569e+9 
           1705      7.12695e+9 
           1715      6.64817e+9 
           1725      6.53067e+9 
           1735      6.98324e+9 
           1745      6.74656e+9 
           1755      6.83355e+9 
           1765      6.60795e+9 
           1775      6.17726e+9 
           1785      6.31657e+9 
           1795      6.77967e+9 
           1805      6.87832e+9 
           1815      5.88408e+9 
           1825      6.27765e+9 
           1835      5.91919e+9 
           1845      5.33969e+9 
           1855      5.31216e+9 
           1865      5.39388e+9 
           1875      5.89983e+9 
           1885      5.13891e+9 
           1895      4.78845e+9 
           1905      5.32888e+9 
           1915      4.83328e+9 
           1925      4.61291e+9 
           1935      4.97275e+9 
           1945      5.01496e+9 
           1955      4.51343e+9 
           1967      5.06825e+9 
           1976      5.29312e+9 
           1984      4.83524e+9 
           1995      4.75689e+9 
           2005      5.02949e+9 
           2015      4.80563e+9 
           2025      5.08222e+9 
           2035      4.58264e+9 
           2045      4.75134e+9 
           2055      4.54401e+9 
           2065      4.54172e+9 
           2074      4.74078e+9 
           2078       4.2537e+9 
           2085      4.58681e+9 
           2095      4.27584e+9 
           2105      4.44455e+9 
           2115      4.48894e+9 
           2125      4.51888e+9 
           2135       4.3916e+9 
           2145      4.18609e+9 
           2155      4.40643e+9 
           2165      4.38888e+9 
           2175      4.32887e+9 
           2185      4.13207e+9 
           2195      4.22595e+9 
           2205      4.20343e+9 
           2215      4.10037e+9 
           2225       3.9461e+9 
           2235      3.96223e+9 
           2245      4.00161e+9 
           2255      3.79987e+9 
           2265      3.93324e+9 
           2275      3.87348e+9 
           2285      3.88424e+9 
           2295      3.51865e+9 
           2305      3.70693e+9 
           2315      3.56511e+9 
           2325      3.51848e+9 
           2335      3.34289e+9 
           2345      3.38459e+9 
           2355      3.37581e+9 
           2365       3.3193e+9 
           2375      3.29047e+9 
           2385      3.25347e+9 
           2395      3.27601e+9 
           2405      3.15054e+9 
           2415      3.16946e+9 
           2425      3.17937e+9 
           2435      3.04536e+9 
           2445      3.08976e+9 
           2455      3.09683e+9 
           2465      3.02848e+9 
           2475      2.97085e+9 
           2485      2.94168e+9 
           2495      2.55721e+9 
           2505      2.85389e+9 
           2513      2.71178e+9 
           2518      2.84903e+9 
           2525      2.76868e+9 
           2535      2.74365e+9 
           2545      2.58446e+9 
           2555      2.69469e+9 
           2565       2.6495e+9 
           2575      2.70543e+9 
           2585      2.67924e+9 
           2595      2.65919e+9 
           2605      2.62516e+9 
           2615      2.59377e+9 
           2625      2.57476e+9 
           2635      2.56095e+9 
           2645      2.54862e+9 
           2655      2.54485e+9 
           2665       2.3997e+9 
           2675      2.45224e+9 
           2685       2.4362e+9 
           2695      2.34097e+9 
           2705      2.29044e+9 
           2715      2.29394e+9 
           2725      2.28723e+9 
           2735      2.29113e+9 
           2745      2.19567e+9 
           2755      2.19788e+9 
           2765        2.186e+9 
           2775       2.2258e+9 
           2785       2.1841e+9 
           2795       2.0641e+9 
           2805      2.11634e+9 
           2815      2.13437e+9 
           2825      2.10423e+9 
           2835      1.99346e+9 
           2845       2.0236e+9 
           2855      2.00007e+9 
           2865      2.01968e+9 
           2875      1.99079e+9 
           2885      1.96751e+9 
           2895      1.93727e+9 
           2910      1.89804e+9 
           2930       1.8777e+9 
           2950      1.82042e+9 
           2970      1.80026e+9 
           2990      1.75531e+9 
           3010       1.6926e+9 
           3030      1.69483e+9 
           3050      1.66498e+9 
           3070      1.64496e+9 
           3090      1.57279e+9 
           3110      1.56938e+9 
           3130      1.53208e+9 
           3150      1.51003e+9 
           3170      1.46596e+9 
           3190      1.43331e+9 
           3210      1.42058e+9 
           3230      1.38799e+9 
           3250      1.37039e+9 
           3270      1.34127e+9 
           3290      1.31482e+9 
           3310      1.29261e+9 
           3330      1.26358e+9 
           3350      1.24162e+9 
           3370      1.21585e+9 
           3390       1.2001e+9 
           3410      1.17861e+9 
           3430      1.15216e+9 
           3450      1.12656e+9 
           3470      1.10648e+9 
           3490      1.08412e+9 
           3510      1.06716e+9 
           3530      1.05383e+9 
           3550      1.03478e+9 
           3570      1.02192e+9 
           3590      9.86598e+8 
           3610      9.73123e+8 
           3630      9.60286e+8 
           3640      9.61698e+8 
           3650      9.46228e+8 
           3670      9.36782e+8 
           3690      9.20402e+8 
           3710      8.82149e+8 
           3730      8.45312e+8 
           3750      8.66029e+8 
           3770      8.53657e+8 
           3790      9.02686e+8 
           3810      9.42596e+8 
           3830      8.14613e+8 
           3850      9.57397e+8 
           3870       9.6272e+8 
           3890      7.66151e+8 
           3910      9.72521e+8 
           3930       9.3611e+8 
           3950      9.28151e+8 
           3970      7.12924e+8 
           3990      8.90704e+8 
           4010      8.99904e+8 
           4030      8.36762e+8 
           4050      8.69056e+8 
           4070      8.16529e+8 
           4090      7.56202e+8 
           4110      6.65517e+8 
           4130      7.82353e+8 
           4150      7.81174e+8 
           4170      7.83599e+8 
           4190      7.77166e+8 
           4210      7.73945e+8 
           4230      7.54221e+8 
           4250      7.28097e+8 
           4270      7.02138e+8 
           4290      6.98329e+8 
           4310      6.73591e+8 
           4330      6.08348e+8 
           4350      5.54985e+8 
           4370      6.38492e+8 
           4390       6.3605e+8 
           4410      6.37287e+8 
           4430      6.32602e+8 
           4450      6.25064e+8 
           4470      5.88712e+8 
           4490      6.01624e+8 
           4510      6.05153e+8 
           4530      5.92313e+8 
           4550      5.85844e+8 
           4570      5.75983e+8 
           4590      5.66039e+8 
           4610       5.5029e+8 
           4630      5.41838e+8 
           4650      5.26489e+8 
           4670       5.2769e+8 
           4690      5.25237e+8 
           4710      4.97334e+8 
           4730      5.03745e+8 
           4750      4.96473e+8 
           4770      4.99918e+8 
           4790      4.88971e+8 
           4810      4.74134e+8 
           4830      4.64596e+8 
           4850      4.26482e+8 
           4870      3.77557e+8 
           4890      4.46805e+8 
           4910      4.43829e+8 
           4930      4.25742e+8 
           4950      4.31211e+8 
           4970      4.30417e+8 
           4990      4.22374e+8 
           5010      3.98956e+8 
           5030      4.07613e+8 
           5050      3.94449e+8 
           5070      3.99125e+8 
           5090      3.91254e+8 
           5110      3.83711e+8 
           5130      3.73166e+8 
           5150      3.70174e+8 
           5170      3.70106e+8 
           5190      3.65078e+8 
           5210      3.55368e+8 
           5230      3.55589e+8 
           5250      3.51136e+8 
           5270      3.44284e+8 
           5290       3.4209e+8 
           5310      3.36672e+8 
           5330       3.3106e+8 
           5350      3.25286e+8 
           5370      3.23886e+8 
           5390      3.19231e+8 
           5410      3.14674e+8 
           5430      3.09383e+8 
           5450      3.05189e+8 
           5470      3.00279e+8 
           5490       2.9827e+8 
           5510      2.95054e+8 
           5530      2.90041e+8 
           5550      2.87465e+8 
           5570      2.83207e+8 
           5590      2.80485e+8 
           5610      2.75831e+8 
           5630      2.73554e+8 
           5650      2.65378e+8 
           5670      2.61224e+8 
           5690      2.58972e+8 
           5710       2.5775e+8 
           5730      2.55598e+8 
           5750      2.51328e+8 
           5770       2.4986e+8 
           5790      2.46474e+8 
           5810       2.4305e+8 
           5830      2.39523e+8 
           5850      2.36996e+8 
           5870      2.25817e+8 
           5890      2.27696e+8 
           5910      2.26924e+8 
           5930      2.24367e+8 
           5950      2.20329e+8 
           5970       2.2044e+8 
           5990      2.16136e+8 
           6010      2.15065e+8 
           6030      2.11807e+8 
           6050      2.09523e+8 
           6070      2.07358e+8 
           6090      2.04586e+8 
           6110      2.02401e+8 
           6130      2.00331e+8 
           6150      1.95076e+8 
           6170      1.94456e+8 
           6190      1.93074e+8 
           6210      1.90933e+8 
           6230      1.88836e+8 
           6250      1.85228e+8 
           6270      1.83694e+8 
           6290       1.8188e+8 
           6310      1.79281e+8 
           6330      1.77924e+8 
           6350      1.74096e+8 
           6370      1.73171e+8 
           6390      1.71425e+8 
           6410      1.69541e+8 
           6430      1.68214e+8 
           6450      1.65878e+8 
           6470      1.63108e+8 
           6490      1.61693e+8 
           6510       1.5975e+8 
           6530      1.56838e+8 
           6550      1.48549e+8 
           6570      1.29274e+8 
           6590      1.49423e+8 
           6610      1.50805e+8 
           6630      1.49854e+8 
           6650      1.48076e+8 
           6670      1.44793e+8 
           6690      1.43432e+8 
           6710      1.43541e+8 
           6730      1.41524e+8 
           6750      1.40646e+8 
           6770       1.3915e+8 
           6790      1.35611e+8 
           6810       1.3566e+8 
           6830      1.34003e+8 
           6850      1.33133e+8 
           6870      1.31664e+8 
           6890      1.30084e+8 
           6910      1.28519e+8 
           6930      1.27284e+8 
           6950      1.26241e+8 
           6970      1.24936e+8 
           6990      1.23512e+8 
           7010      1.22073e+8 
           7030       1.2083e+8 
           7050      1.19524e+8 
           7070      1.15872e+8 
           7090      1.16785e+8 
           7110      1.14542e+8 
           7130      1.13456e+8 
           7150      1.12962e+8 
           7170      1.12222e+8 
           7190      1.11308e+8 
           7210      1.10184e+8 
           7230      1.06742e+8 
           7250      1.07523e+8 
           7270      1.06826e+8 
           7290       1.0478e+8 
           7310       1.0463e+8 
           7330      1.03555e+8 
           7350      1.02609e+8 
           7370      1.01595e+8 
           7390      1.00563e+8 
           7410      9.95681e+7 
           7430      9.82207e+7 
           7450      9.74497e+7 
           7470      9.56931e+7 
           7490      9.53775e+7 
           7510      9.45629e+7 
           7530      9.35098e+7 
           7550      9.28168e+7 
           7570      9.19522e+7 
           7590      9.09255e+7 
           7610      8.99863e+7 
           7630       8.9237e+7 
           7650      8.83847e+7 
           7670       8.7553e+7 
           7690      8.66968e+7 
           7710      8.58547e+7 
           7730      8.49381e+7 
           7750      8.42369e+7 
           7770       8.2275e+7 
           7790      8.26352e+7 
           7810      8.18049e+7 
           7830      8.10865e+7 
           7850      7.98974e+7 
           7870      7.91999e+7 
           7890      7.80303e+7 
           7910      7.79011e+7 
           7930      7.72331e+7 
           7950       7.5939e+7 
           7970      7.56473e+7 
           7990      7.43603e+7 
           8010      7.43123e+7 
           8030      7.36038e+7 
           8050      7.28722e+7 
           8070      7.22685e+7 
           8090       7.1549e+7 
           8110       7.0492e+7 
           8130      7.02767e+7 
           8150      6.96657e+7 
           8170      6.91331e+7 
           8190      6.80601e+7 
           8210      6.73824e+7 
           8230      6.64324e+7 
           8250      6.65645e+7 
           8270      6.51799e+7 
           8290      6.53152e+7 
           8310      6.47448e+7 
           8330      6.42714e+7 
           8350      6.33317e+7 
           8370      6.28627e+7 
           8390      6.25634e+7 
           8410      6.19679e+7 
           8430      6.13879e+7 
           8450      5.99105e+7 
           8470      6.03159e+7 
           8490      5.95146e+7 
           8510      5.90271e+7 
           8530      5.85849e+7 
           8550      5.75124e+7 
           8570      5.80855e+7 
           8590      5.58395e+7 
           8610      5.58954e+7 
           8630      5.69822e+7 
           8650      5.51934e+7 
           8670      5.23931e+7 
           8690      5.53799e+7 
           8710      5.57962e+7 
           8730        5.388e+7 
           8750      4.90269e+7 
           8770      5.21504e+7 
           8790      5.40977e+7 
           8810      5.41339e+7 
           8830      5.30482e+7 
           8850      4.93456e+7 
           8870      4.57552e+7 
           8890      5.11143e+7 
           8910      5.18579e+7 
           8930      5.14983e+7 
           8950       5.1433e+7 
           8970      5.07732e+7 
           8990      4.88648e+7 
           9010      4.29818e+7 
           9030      4.52061e+7 
           9050      4.84904e+7 
           9070      4.81714e+7 
           9090      4.82788e+7 
           9110      4.81488e+7 
           9130      4.78477e+7 
           9150      4.74138e+7 
           9170      4.67815e+7 
           9190      4.61142e+7 
           9210      4.34954e+7 
           9230      3.77592e+7 
           9250      4.25622e+7 
           9270      4.37786e+7 
           9290      4.45986e+7 
           9310      4.41117e+7 
           9330      4.38319e+7 
           9350      4.37049e+7 
           9370      4.34284e+7 
           9390      4.30898e+7 
           9410      4.24209e+7 
           9430      4.23776e+7 
           9450      4.19816e+7 
           9470      4.12945e+7 
           9490      4.10641e+7 
           9510      4.00293e+7 
           9530      3.77427e+7 
           9550      3.32413e+7 
           9570       3.8095e+7 
           9590       3.9266e+7 
           9610      3.90578e+7 
           9630      3.84729e+7 
           9650      3.88569e+7 
           9670      3.85178e+7 
           9690      3.82029e+7 
           9710      3.77924e+7 
           9730      3.76599e+7 
           9750      3.73089e+7 
           9770       3.7081e+7 
           9790      3.67806e+7 
           9810      3.64261e+7 
           9830      3.61548e+7 
           9850       3.5906e+7 
           9870      3.56083e+7 
           9890      3.52006e+7 
           9910      3.47011e+7 
           9930      3.48186e+7 
           9950      3.45041e+7 
           9970      3.41517e+7 
           9990      3.38505e+7 
          10025      3.16222e+7 
          10075      3.03924e+7 
          10125      3.20303e+7 
          10175      3.17181e+7 
          10225      3.11399e+7 
          10275      3.05764e+7 
          10325      2.98661e+7 
          10375      2.94676e+7 
          10425      2.89398e+7 
          10475      2.84074e+7 
          10525      2.78681e+7 
          10575      2.73859e+7 
          10625      2.69045e+7 
          10675      2.63026e+7 
          10725      2.59538e+7 
          10775      2.54753e+7 
          10825      2.46873e+7 
          10875      2.44467e+7 
          10925      2.16918e+7 
          10975      2.29336e+7 
          11025      2.30819e+7 
          11075       2.2912e+7 
          11125      2.25507e+7 
          11175      2.21662e+7 
          11225      2.17826e+7 
          11275      2.13027e+7 
          11325       2.0957e+7 
          11375      2.07039e+7 
          11425      2.03297e+7 
          11475      2.00247e+7 
          11525      1.96905e+7 
          11575      1.93391e+7 
          11625      1.90084e+7 
          11675      1.87144e+7 
          11725      1.84252e+7 
          11775      1.80867e+7 
          11825      1.78377e+7 
          11875      1.75526e+7 
          11925      1.72756e+7 
          11975      1.67586e+7 
          12025      1.67282e+7 
          12075      1.64641e+7 
          12125      1.62033e+7 
          12175      1.59475e+7 
          12225      1.56963e+7 
          12275      1.54527e+7 
          12325      1.52085e+7 
          12375      1.49764e+7 
          12425      1.47497e+7 
          12475      1.44809e+7 
          12525      1.42497e+7 
          12575      1.40473e+7 
          12625      1.38507e+7 
          12675      1.36514e+7 
          12725      1.34198e+7 
          12775      1.29048e+7 
          12825       1.1721e+7 
          12875      1.27026e+7 
          12925      1.26426e+7 
          12975      1.23505e+7 
          13025      1.22907e+7 
          13075      1.21158e+7 
          13125      1.19397e+7 
          13175      1.17483e+7 
          13225      1.15939e+7 
          13275      1.14268e+7 
          13325      1.12578e+7 
          13375      1.10927e+7 
          13425      1.09229e+7 
          13475      1.07818e+7 
          13525      1.06217e+7 
          13575      1.04776e+7 
          13625      1.03192e+7 
          13675      1.01786e+7 
          13725      1.00338e+7 
          13775      9.90472e+6 
          13825      9.76718e+6 
          13875      9.63038e+6 
          13925      9.48227e+6 
          13975      9.35995e+6 
          14025       9.2353e+6 
          14075      9.11237e+6 
          14125       8.9851e+6 
          14175      8.86576e+6 
          14225      8.74676e+6 
          14275      8.62791e+6 
          14325       8.5118e+6 
          14375      8.39599e+6 
          14425      8.28266e+6 
          14475      8.16998e+6 
          14525      8.06401e+6 
          14570      7.97133e+6 
          14620      7.86632e+6 
          14675      7.75463e+6 
          14725      7.65133e+6 
          14775      7.54889e+6 
          14825      7.45675e+6 
          14875      7.36022e+6 
          14925      7.26651e+6 
          14975      7.17271e+6 
          15025      7.07982e+6 
          15075      6.97276e+6 
          15125      6.90253e+6 
          15175      6.81442e+6 
          15225      6.72683e+6 
          15275      6.64169e+6 
          15325      6.55736e+6 
          15375      6.47621e+6 
          15425      6.38758e+6 
          15475      6.31444e+6 
          15525      6.23257e+6 
          15575      6.13826e+6 
          15625      6.09333e+6 
          15675      5.98782e+6 
          15725      5.89709e+6 
          15775      5.87839e+6 
          15825      5.79963e+6 
          15875      5.62428e+6 
          15925      5.63418e+6 
          15975      5.61196e+6 
          16050      5.47612e+6 
          16150      5.27665e+6 
          16250      5.26868e+6 
          16350      5.07985e+6 
          16450      4.87335e+6 
          16550      4.91848e+6 
          16650      4.80875e+6 
          16750      4.60662e+6 
          16850      4.40655e+6 
          16950      4.47561e+6 
          17050      4.35134e+6 
          17150       4.2855e+6 
          17250       4.1786e+6 
          17350      3.86901e+6 
          17450      3.96843e+6 
          17550      3.91857e+6 
          17650      3.83402e+6 
          17750      3.74706e+6 
          17850      3.66121e+6 
          17950      3.59001e+6 
          18050      3.49576e+6 
          18150      3.24624e+6 
          18250      3.30532e+6 
          18350      3.28942e+6 
          18450      3.22132e+6 
          18550      3.14497e+6 
          18650      3.04765e+6 
          18750      2.84742e+6 
          18850      2.95374e+6 
          18950      2.89904e+6 
          19050      2.82955e+6 
          19150       2.7859e+6 
          19250       2.7307e+6 
          19350      2.66009e+6 
          19450      2.44977e+6 
          19550      2.55015e+6 
          19650      2.51987e+6 
          19750      2.47027e+6 
          19850      2.42183e+6 
          19950      2.37461e+6 
          20050      2.32859e+6 
          20150      2.28363e+6 
          20250      2.23964e+6 
          20350      2.19685e+6 
          20450      2.15407e+6 
          20550      2.10844e+6 
          20650      2.07429e+6 
          20750      2.03527e+6 
          20850      1.99733e+6 
          20950      1.95969e+6 
          21050      1.92351e+6 
          21150      1.87825e+6 
          21250      1.85369e+6 
          21350      1.81884e+6 
          21450       1.7853e+6 
          21550        1.745e+6 
          21650      1.60683e+6 
          21750      1.67618e+6 
          21850      1.65954e+6 
          21950      1.63139e+6 
          22050      1.60346e+6 
          22150      1.57519e+6 
          22250       1.5466e+6 
          22350       1.5205e+6 
          22450      1.49405e+6 
          22550      1.46816e+6 
          22650      1.44289e+6 
          22750      1.41815e+6 
          22850      1.39393e+6 
          22950       1.3703e+6 
          23050      1.34673e+6 
          23150      1.32437e+6 
          23250       1.3022e+6 
          23350      1.28043e+6 
          23450      1.25918e+6 
          23550      1.23819e+6 
          23650       1.2177e+6 
          23750      1.19772e+6 
          23850      1.17829e+6 
          23950      1.15869e+6 
          24050      1.13976e+6 
          24150      1.12117e+6 
          24250      1.10355e+6 
          24350      1.08567e+6 
          24450      1.06811e+6 
          24550      1.05143e+6 
          24650      1.03442e+6 
          24750      1.01587e+6 
          24850      1.00246e+6 
          24950          984939 
          25050          971388 
          25150          956233 
          25250          938097 
          25350          926314 
          25450          913407 
          25550          897384 
          25650          878833 
          25750          870828 
          25850          859255 
          25950          845932 
          26050          828624 
          26150          803678 
          26250          754648 
          26350          789733 
          26450          784742 
          26550          772696 
          26650          758686 
          26750          732808 
          26850          736138 
          26950          730271 
          27050          720608 
          27150          710249 
          27250          699973 
          27350          689676 
          27450          676711 
          27550          647883 
          27650          648823 
          27750          649830 
          27850          642257 
          27950          633233 
          28050          624034 
          28150          615567 
          28250          606921 
          28350          598335 
          28450          590319 
          28550          580645 
          28650          565446 
          28750          540325 
          28850          554872 
          28950          550236 
          29050          543553 
          29150          536195 
          29250          528968 
          29350          521827 
          29450          514858 
          29550          508057 
          29650          501293 
          29750          494651 
          29850          488129 
          29950          481725 
          30050          475354 
          30150          468559 
          30250          460772 
          30350          437210 
          30450          438162 
          30550          443412 
          30650          439480 
          30750          433360 
          30850          427705 
          30950          422940 
          31050          417563 
          31150          412168 
          31250          406834 
          31350          401943 
          31450          396877 
          31550          391943 
          31650          387026 
          31750          382274 
          31850          377538 
          31950          372853 
          32100          366013 
          32300          357100 
          32500          348460 
          32700          339743 
          32900          319180 
          33100          320334 
          33300          315852 
          33500          308688 
          33700          301519 
          33900          294549 
          34100          287770 
          34300          281174 
          34500          274787 
          34700          268544 
          34900          262493 
          35100          256626 
          35300          250906 
          35500          245349 
          35700          239935 
          35900          234677 
          36100          229534 
          36300          224581 
          36500          219678 
          36700          214999 
          36900          210249 
          37100          205440 
          37300          197361 
          37500          191760 
          37700          193068 
          37900          189268 
          38100          185026 
          38300          181265 
          38500          178093 
          38700          174569 
          38900          170456 
          39100          166415 
          39300          163942 
          39500          160830 
          39700          157727 
          39900          154491 
          40100          150489 
          40300          146842 
          40500          140156 
          40700          142473 
          40900          140108 
          41100          137406 
          41300          134636 
          41500          131834 
          41700          127372 
          41900          126799 
          42100          124866 
          42300          122532 
          42500          120180 
          42700          118024 
          42900          115614 
          43100          113716 
          43300          111637 
          43500          109410 
          43700          105180 
          43900          104652 
          44100          103738 
          44300          101926 
          44500          100112 
          44700         98480.7 
          44900           96742 
          45100         95043.1 
          45300         93328.2 
          45500         91745.3 
          45700         90143.1 
          45900         88588.6 
          46100         86846.6 
          46300         85173.5 
          46500         80044.9 
          46700         79600.8 
          46900         80493.9 
          47100         79718.4 
          47300         78564.1 
          47500         77229.3 
          47700         75980.4 
          47900           74738 
          48100         73505.6 
          48300         72297.3 
          48500         71114.5 
          48700         69956.6 
          48900         68819.9 
          49100         67707.3 
          49300         66616.5 
          49500         65548.8 
          49700         64502.3 
          49900         63476.4 
          50100         62464.8 
          50300         61470.2 
          50500         60517.5 
          50700         59569.1 
          50900           58494 
          51100         57260.9 
          51300         54513.4 
          51500           55605 
          51700         54959.9 
          51900         54249.1 
          52100         53422.5 
          52300         52609.8 
          52500         51813.4 
          52700         50992.2 
          52900         50269.5 
          53100         49517.4 
          53300         48777.8 
          53500         48053.2 
          53700         47273.9 
          53900         46576.2 
          54100         45958.3 
          54300         45285.6 
          54500         44625.4 
          54700           43976 
          54900         43338.7 
          55100         42646.2 
          55300         41950.3 
          55500         41488.2 
          55700         40903.1 
          55900         40320.3 
          56100         39747.3 
          56300         39187.3 
          56500         38635.3 
          56700         38092.6 
          56900         37502.9 
          57100           36812 
          57300         36438.4 
          57500         36016.8 
          57700         35519.7 
          57900         35028.6 
          58100         34551.3 
          58300         34079.7 
          58500         33640.1 
          58700         33099.6 
          58900         32418.1 
          59100         30789.3 
          59300         31599.7 
          59500         31088.6 
          59700         30800.3 
          59900         30527.8 
          60100         30201.9 
          60300           29803 
          60500         29410.7 
          60700           29025 
          60900         28644.7 
          61100         28271.8 
          61300         27904.1 
          61500         27542.7 
          61700         27186.3 
          61900         26836.8 
          62100         26492.3 
          62300         26153.6 
          62500         25785.9 
          62700         25359.1 
          62900         24688.6 
          63100           24680 
          63300         24494.2 
          63500         24227.1 
          63700         23925.7 
          63900         23627.6 
          64200         23188.9 
          64600         22619.1 
          65000           22067 
          65400           21531 
          65800         21011.6 
          66200         20504.8 
          66600         20018.1 
          67000         19543.1 
          67400           19000 
          67800         18294.6 
          68200           18177 
          68600         17778.3 
          69000         17370.2 
          69400         16971.1 
          69800         16586.2 
          70200         16210.4 
          70600         15845.1 
          71000         15490.7 
          71400         15143.2 
          71800         14809.1 
          72200         14484.3 
          72600         14163.6 
          73000         13857.5 
          73400         13556.5 
          73800           13264 
          74200         12920.9 
          74600         12284.5 
          75000         11905.3 
          75400         12080.2 
          75800         11904.5 
          76200         11668.3 
          76600         11425.4 
          77000         11189.4 
          77400         10955.8 
          77800         10701.6 
          78200         10513.5 
          78600         10304.3 
          79000         10096.4 
          79400         9893.96 
          79800         9696.82 
          80200         9504.28 
          80600         9316.23 
          81000         9133.15 
          81400         8916.82 
          81800         8758.32 
          82200         8610.29 
          82600         8444.27 
          83000         8282.14 
          83400         8123.81 
          83800         7969.19 
          84200         7818.73 
          84600         7671.28 
          85000         7527.29 
          85400         7387.21 
          85800         7249.91 
          86200         7106.73 
          86600         6924.19 
          87000          6831.3 
          87400         6612.08 
          87800         6492.84 
          88200         6485.42 
          88600         6373.24 
          89000         6259.01 
          89400          6147.5 
          89800          6038.2 
          90200         5931.51 
          90600         5826.93 
          91000         5724.87 
          91400         5624.81 
          91800         5527.17 
          92200         5431.46 
          92600         5337.19 
          93000         5246.07 
          93400         5148.12 
          93800         5000.69 
          94200         4952.36 
          94600         4896.68 
          95000         4816.29 
          95400         4735.84 
          95800         4656.97 
          96200         4579.65 
          96600         4503.85 
          97000         4429.54 
          97400          4357.1 
          97800         4286.08 
          98200         4216.08 
          98600         4147.84 
          99000         4080.95 
          99400         4015.38 
          99800          3951.1 
         100200          3888.1 
         200000         240.834 
         400000         14.7386 
         600000         2.87288 
         800000        0.900148 
         1.0e+6        0.365861 
         1.2e+6        0.175286 
         1.4e+6       0.0940843 
         1.6e+6       0.0548804 
