# Kurucz ODFNEW /NOVER (2003)
# teff = 12000 K (value for the effective temperature for the model. Temperatures are given in K)
# logg = 3 log(cm/s2) (value for Log(G) for the model.)
# meta = 0  (value for the Metallicity for the model.)
# lh = 1.25  (l/Hp where l is the  mixing length of the convective element and Hp is the pressure scale height)
# vtur = 2 km/s (Microturbulence velocity)
# alpha = 0.4  (Alpha)
#
# column 1: WAVELENGTH (ANGSTROM), Wavelength in Angstrom
# column 2: FLUX (ERG/CM2/S/A), Flux in erg/cm2/s/A
            230      2.8479e-23 
            234     1.24716e-22 
            240     8.15397e-22 
          246.5     5.43199e-21 
          252.4     2.79677e-20 
          256.8     9.07458e-20 
            260      2.0884e-19 
            264     5.76748e-19 
          268.5     1.73764e-18 
          273.5     5.68451e-18 
          278.5     1.80131e-17 
            284     6.11363e-17 
            290     2.20488e-16 
            296     7.53622e-16 
            301     2.04018e-15 
            308     7.81861e-15 
            318     4.82665e-14 
            328      2.6889e-13 
            338     1.35946e-12 
            348     6.30838e-12 
            357     2.43397e-11 
            366     8.47245e-11 
            375      2.7671e-10 
            385     9.75468e-10 
            395      3.21231e-9 
            405      1.00551e-8 
            414      2.67739e-8 
            422      6.16635e-8 
            430      1.37257e-7 
            441      3.98113e-7 
            451      9.96902e-7 
            460      2.20091e-6 
            470      5.11885e-6 
            480      1.14893e-5 
            490      2.49683e-5 
            500      5.25131e-5 
            506      0.00118731 
            512      0.00273467 
            520      0.00429143 
            530      0.00743494 
            540       0.0121221 
            550       0.0209922 
            560       0.0341171 
            570       0.0551331 
            580       0.0834908 
            590        0.135865 
            600        0.207191 
            610        0.316337 
            620        0.464012 
            630        0.683314 
            640        0.975027 
            650          1.4099 
            658         1.86927 
            665         2.34297 
            675          3.2604 
            685          4.5177 
            695         6.22507 
            705         8.36949 
            716         11.5858 
            726         15.5187 
            735           19.83 
            745         26.0766 
            755          33.998 
            765         43.8705 
            775         56.7492 
            785         72.7079 
            795         91.2341 
            805          115.41 
            815         145.099 
            825         180.786 
            835         222.026 
            845         276.512 
            855         338.952 
            865          415.98 
            875         501.847 
            885          613.08 
            895         737.868 
            905         872.615 
            915         26728.9 
            925          177202 
            935          283427 
            945          917034 
            955      4.68957e+6 
            965      8.15173e+6 
            975       1.7825e+6 
            985      1.57697e+7 
            995      1.53759e+7 
           1005      1.87987e+7 
           1015      1.64642e+7 
           1025      1.63177e+6 
           1035      7.50276e+6 
           1045      3.08073e+7 
           1055      3.72355e+7 
           1065      3.35834e+7 
           1075      4.55743e+7 
           1085      4.29076e+7 
           1095      5.08433e+7 
           1105      6.60297e+7 
           1115      1.39501e+8 
           1125      1.62994e+8 
           1135      2.06244e+8 
           1145      1.89344e+8 
           1155      2.21597e+8 
           1165      2.49067e+8 
           1175      2.28252e+8 
           1185      1.63682e+8 
           1195      6.27054e+6 
           1205      1.53842e+7 
           1215      2.11781e+6 
           1225      1.79397e+7 
           1235      1.62046e+8 
           1245      3.08354e+8 
           1255      3.27881e+8 
           1265      1.70696e+8 
           1275      3.47779e+8 
           1285      4.62531e+8 
           1295      2.78848e+8 
           1305      1.04443e+8 
           1315      3.57117e+8 
           1325      4.37237e+8 
           1335      3.42354e+8 
           1345      4.80058e+8 
           1355       4.5486e+8 
           1365      3.71467e+8 
           1375       4.2644e+8 
           1385      4.31833e+8 
           1395      4.25586e+8 
           1405      4.24626e+8 
           1415      3.92831e+8 
           1425      4.35109e+8 
           1435      4.09381e+8 
           1442      4.59515e+8 
           1447      4.96342e+8 
           1455      4.85454e+8 
           1465      4.48447e+8 
           1475      4.20119e+8 
           1485      4.48305e+8 
           1495      4.77691e+8 
           1505      4.61767e+8 
           1512      4.19254e+8 
           1517      4.61579e+8 
           1525      4.10841e+8 
           1535      3.63231e+8 
           1545      4.49403e+8 
           1555      3.97089e+8 
           1565       3.7488e+8 
           1575       3.9249e+8 
           1585       4.3455e+8 
           1595       4.5056e+8 
           1605      4.21974e+8 
           1615      4.26499e+8 
           1625      3.87897e+8 
           1635      4.09266e+8 
           1645       4.2012e+8 
           1655      3.70385e+8 
           1665       4.0684e+8 
           1672      3.03194e+8 
           1677       3.9339e+8 
           1685      4.34498e+8 
           1695      4.06793e+8 
           1705      3.75767e+8 
           1715      3.50712e+8 
           1725      3.49658e+8 
           1735      3.70994e+8 
           1745      3.70293e+8 
           1755      4.07256e+8 
           1765      3.49094e+8 
           1775      3.75901e+8 
           1785      3.81361e+8 
           1795       4.1627e+8 
           1805      4.01772e+8 
           1815      3.84137e+8 
           1825       3.7762e+8 
           1835      3.60873e+8 
           1845      3.32591e+8 
           1855      3.26967e+8 
           1865      3.33554e+8 
           1875      3.73191e+8 
           1885      3.51864e+8 
           1895       3.3618e+8 
           1905      3.39179e+8 
           1915      3.39899e+8 
           1925      3.40667e+8 
           1935      3.50647e+8 
           1945      3.52448e+8 
           1955      3.38946e+8 
           1967      3.67802e+8 
           1976       3.7595e+8 
           1984      3.53161e+8 
           1995      3.37322e+8 
           2005       3.4822e+8 
           2015      3.21418e+8 
           2025      3.46106e+8 
           2035      3.28849e+8 
           2045      3.41766e+8 
           2055      3.12961e+8 
           2065      3.22394e+8 
           2074       3.3852e+8 
           2078      3.34112e+8 
           2085        3.376e+8 
           2095      3.20102e+8 
           2105      3.16294e+8 
           2115      3.15829e+8 
           2125      3.20564e+8 
           2135      2.80781e+8 
           2145      3.04387e+8 
           2155      3.14515e+8 
           2165      2.98074e+8 
           2175      2.92066e+8 
           2185       2.8468e+8 
           2195      3.02117e+8 
           2205      2.88597e+8 
           2215      2.66662e+8 
           2225      2.53967e+8 
           2235      2.81709e+8 
           2245      2.55009e+8 
           2255      2.46077e+8 
           2265      2.54579e+8 
           2275       2.6726e+8 
           2285      2.74212e+8 
           2295      2.60591e+8 
           2305      2.46557e+8 
           2315      2.33711e+8 
           2325      2.32465e+8 
           2335      2.15187e+8 
           2345      2.06491e+8 
           2355      2.27653e+8 
           2365      2.03256e+8 
           2375      2.12261e+8 
           2385      1.90424e+8 
           2395      2.12822e+8 
           2405      1.98915e+8 
           2415      2.05501e+8 
           2425      2.17724e+8 
           2435      2.06269e+8 
           2445      2.23043e+8 
           2455      2.13585e+8 
           2465      2.15557e+8 
           2475      2.04981e+8 
           2485      2.20496e+8 
           2495      2.12541e+8 
           2505      2.29459e+8 
           2513      2.05737e+8 
           2518      2.13851e+8 
           2525      1.98055e+8 
           2535       2.0064e+8 
           2545      1.95059e+8 
           2555      2.07097e+8 
           2565      2.03034e+8 
           2575      2.19829e+8 
           2585      2.15296e+8 
           2595       2.1435e+8 
           2605      2.03309e+8 
           2615      2.02032e+8 
           2625      2.10091e+8 
           2635      2.11191e+8 
           2645      2.28525e+8 
           2655      2.24172e+8 
           2665      2.05386e+8 
           2675      2.16389e+8 
           2685      2.11947e+8 
           2695      2.05647e+8 
           2705      2.11857e+8 
           2715        2.013e+8 
           2725      2.02991e+8 
           2735      2.16376e+8 
           2745      1.86489e+8 
           2755      1.85426e+8 
           2765      1.91242e+8 
           2775      2.02913e+8 
           2785       2.0176e+8 
           2795       1.6201e+8 
           2805      1.80153e+8 
           2815      2.04528e+8 
           2825      2.05202e+8 
           2835      1.94533e+8 
           2845      1.87531e+8 
           2855      1.86409e+8 
           2865      1.95207e+8 
           2875       1.8897e+8 
           2885      1.92261e+8 
           2895      1.86705e+8 
           2910      2.00926e+8 
           2930      1.92953e+8 
           2950      1.92081e+8 
           2970      1.92125e+8 
           2990      1.91178e+8 
           3010      1.94587e+8 
           3030      1.91334e+8 
           3050      1.87524e+8 
           3070      1.84022e+8 
           3090      1.85333e+8 
           3110      1.79607e+8 
           3130      1.77976e+8 
           3150      1.78241e+8 
           3170      1.74972e+8 
           3190      1.68868e+8 
           3210      1.70737e+8 
           3230      1.67593e+8 
           3250      1.66681e+8 
           3270      1.65998e+8 
           3290      1.65162e+8 
           3310      1.64561e+8 
           3330      1.60817e+8 
           3350      1.57919e+8 
           3370       1.5685e+8 
           3390      1.54359e+8 
           3410      1.55242e+8 
           3430      1.53524e+8 
           3450      1.51841e+8 
           3470      1.49263e+8 
           3490      1.47839e+8 
           3510      1.47486e+8 
           3530      1.46723e+8 
           3550      1.45451e+8 
           3570      1.43342e+8 
           3590      1.41679e+8 
           3610      1.40304e+8 
           3630      1.38525e+8 
           3640      1.38132e+8 
           3650      1.38476e+8 
           3670       1.3633e+8 
           3690      1.30983e+8 
           3710      1.43312e+8 
           3730      1.56471e+8 
           3750      2.01193e+8 
           3770      2.04946e+8 
           3790      2.28604e+8 
           3810      2.47984e+8 
           3830      2.07982e+8 
           3850      2.52857e+8 
           3870      2.62206e+8 
           3890      1.93833e+8 
           3910      2.56375e+8 
           3930      2.52358e+8 
           3950      2.51282e+8 
           3970      1.81491e+8 
           3990      2.42435e+8 
           4010      2.42577e+8 
           4030      2.35605e+8 
           4050      2.37648e+8 
           4070      2.31475e+8 
           4090      2.13873e+8 
           4110      1.76494e+8 
           4130      2.18004e+8 
           4150      2.19727e+8 
           4170       2.1634e+8 
           4190      2.13957e+8 
           4210      2.11917e+8 
           4230      2.08471e+8 
           4250      2.05147e+8 
           4270      2.01387e+8 
           4290      1.99794e+8 
           4310      1.95119e+8 
           4330      1.74312e+8 
           4350      1.53206e+8 
           4370       1.8776e+8 
           4390      1.83328e+8 
           4410       1.8392e+8 
           4430      1.80313e+8 
           4450      1.79282e+8 
           4470      1.74773e+8 
           4490      1.71654e+8 
           4510      1.71343e+8 
           4530       1.6848e+8 
           4550      1.65131e+8 
           4570      1.65215e+8 
           4590      1.61733e+8 
           4610      1.61611e+8 
           4630      1.57123e+8 
           4650      1.57135e+8 
           4670      1.54548e+8 
           4690      1.52962e+8 
           4710      1.48966e+8 
           4730      1.48729e+8 
           4750      1.46554e+8 
           4770      1.45624e+8 
           4790      1.43563e+8 
           4810      1.40928e+8 
           4830      1.38386e+8 
           4850      1.25675e+8 
           4870      1.07199e+8 
           4890      1.33147e+8 
           4910      1.32213e+8 
           4930       1.2955e+8 
           4950      1.29334e+8 
           4970      1.28015e+8 
           4990      1.26019e+8 
           5010      1.22338e+8 
           5030      1.21965e+8 
           5050      1.18934e+8 
           5070       1.1956e+8 
           5090      1.18029e+8 
           5110      1.16179e+8 
           5130      1.15353e+8 
           5150      1.13247e+8 
           5170      1.11648e+8 
           5190      1.10507e+8 
           5210      1.08672e+8 
           5230      1.07576e+8 
           5250      1.07023e+8 
           5270      1.04734e+8 
           5290      1.04895e+8 
           5310      1.02768e+8 
           5330      1.01974e+8 
           5350      1.01059e+8 
           5370      9.99851e+7 
           5390      9.88153e+7 
           5410      9.73189e+7 
           5430      9.61382e+7 
           5450      9.53438e+7 
           5470      9.39365e+7 
           5490      9.32496e+7 
           5510      9.20378e+7 
           5530      9.11713e+7 
           5550      9.01753e+7 
           5570      8.90991e+7 
           5590      8.81938e+7 
           5610      8.72896e+7 
           5630      8.64114e+7 
           5650      8.47657e+7 
           5670      8.40165e+7 
           5690      8.34269e+7 
           5710      8.25823e+7 
           5730      8.16971e+7 
           5750      8.07605e+7 
           5770      7.98848e+7 
           5790      7.88709e+7 
           5810      7.80052e+7 
           5830      7.72082e+7 
           5850       7.6384e+7 
           5870      7.48716e+7 
           5890      7.45312e+7 
           5910      7.38691e+7 
           5930      7.31949e+7 
           5950      7.18811e+7 
           5970      7.14764e+7 
           5990      7.04612e+7 
           6010      7.00848e+7 
           6030      6.93285e+7 
           6050      6.85374e+7 
           6070      6.78156e+7 
           6090      6.70824e+7 
           6110      6.64522e+7 
           6130      6.57316e+7 
           6150      6.43744e+7 
           6170       6.4318e+7 
           6190      6.37123e+7 
           6210      6.30388e+7 
           6230      6.23076e+7 
           6250      6.12267e+7 
           6270       6.1082e+7 
           6290        6.044e+7 
           6310      5.96865e+7 
           6330      5.91868e+7 
           6350      5.77532e+7 
           6370      5.74626e+7 
           6390      5.73489e+7 
           6410         5.67e+7 
           6430      5.62722e+7 
           6450      5.53822e+7 
           6470      5.51664e+7 
           6490      5.44691e+7 
           6510      5.38123e+7 
           6530      5.30626e+7 
           6550      4.98949e+7 
           6570      4.22271e+7 
           6590      5.11647e+7 
           6610      5.12393e+7 
           6630      5.08543e+7 
           6650      5.04203e+7 
           6670      4.97754e+7 
           6690      4.93208e+7 
           6710      4.89428e+7 
           6730      4.84285e+7 
           6750      4.79973e+7 
           6770      4.75604e+7 
           6790      4.70576e+7 
           6810      4.66224e+7 
           6830      4.60864e+7 
           6850      4.57158e+7 
           6870      4.52887e+7 
           6890      4.48698e+7 
           6910      4.44266e+7 
           6930      4.39235e+7 
           6950      4.36032e+7 
           6970      4.31959e+7 
           6990      4.28057e+7 
           7010      4.23042e+7 
           7030      4.19876e+7 
           7050      4.14897e+7 
           7070       4.1085e+7 
           7090      4.08482e+7 
           7110      4.04012e+7 
           7130      4.00459e+7 
           7150      3.96674e+7 
           7170      3.93262e+7 
           7190      3.89802e+7 
           7210      3.86338e+7 
           7230      3.82034e+7 
           7250      3.78632e+7 
           7270      3.75804e+7 
           7290       3.7205e+7 
           7310      3.68783e+7 
           7330      3.65631e+7 
           7350      3.62563e+7 
           7370      3.59294e+7 
           7390      3.56041e+7 
           7410      3.52736e+7 
           7430      3.48505e+7 
           7450      3.46012e+7 
           7470      3.42346e+7 
           7490      3.39828e+7 
           7510      3.36745e+7 
           7530      3.34307e+7 
           7550      3.31421e+7 
           7570      3.28496e+7 
           7590       3.2538e+7 
           7610      3.22918e+7 
           7630      3.19972e+7 
           7650      3.16975e+7 
           7670      3.14376e+7 
           7690      3.11564e+7 
           7710      3.08765e+7 
           7730      3.06243e+7 
           7750      3.03629e+7 
           7770      2.95971e+7 
           7790      2.98408e+7 
           7810      2.96023e+7 
           7830      2.93407e+7 
           7850      2.89554e+7 
           7870      2.86953e+7 
           7890      2.83612e+7 
           7910      2.83402e+7 
           7930      2.81171e+7 
           7950      2.77082e+7 
           7970      2.76446e+7 
           7990      2.70957e+7 
           8010      2.71854e+7 
           8030      2.69549e+7 
           8050      2.67159e+7 
           8070      2.65062e+7 
           8090      2.62803e+7 
           8110      2.60483e+7 
           8130      2.58456e+7 
           8150      2.56407e+7 
           8170      2.54363e+7 
           8190      2.51808e+7 
           8210      2.49034e+7 
           8230      2.45962e+7 
           8250      2.46149e+7 
           8270      2.44784e+7 
           8290      2.42212e+7 
           8310      2.40764e+7 
           8330       2.3849e+7 
           8350      2.36463e+7 
           8370       2.3384e+7 
           8390      2.31565e+7 
           8410      2.28707e+7 
           8430       2.2792e+7 
           8450      2.24204e+7 
           8470      2.18452e+7 
           8490      2.28112e+7 
           8510      2.12512e+7 
           8530      2.29193e+7 
           8550      2.03865e+7 
           8570      2.30506e+7 
           8590      2.14847e+7 
           8610      2.09022e+7 
           8630       2.3105e+7 
           8650      2.24565e+7 
           8670      1.89861e+7 
           8690      2.27157e+7 
           8710      2.30634e+7 
           8730      2.24561e+7 
           8750       1.8391e+7 
           8770      2.16115e+7 
           8790      2.24231e+7 
           8810      2.23248e+7 
           8830      2.19214e+7 
           8850       2.0605e+7 
           8870      1.77531e+7 
           8890       2.1267e+7 
           8910      2.14009e+7 
           8930      2.12215e+7 
           8950      2.11907e+7 
           8970      2.09788e+7 
           8990      2.05322e+7 
           9010      1.72953e+7 
           9030      1.87134e+7 
           9050      2.01914e+7 
           9070      2.00297e+7 
           9090      1.99097e+7 
           9110      1.98605e+7 
           9130      1.97257e+7 
           9150      1.96328e+7 
           9170       1.9403e+7 
           9190      1.91081e+7 
           9210       1.8478e+7 
           9230      1.51253e+7 
           9250      1.79214e+7 
           9270      1.81791e+7 
           9290      1.85152e+7 
           9310      1.84474e+7 
           9330       1.8275e+7 
           9350      1.81766e+7 
           9370      1.80523e+7 
           9390      1.78841e+7 
           9410      1.75609e+7 
           9430       1.7628e+7 
           9450      1.75219e+7 
           9470      1.73744e+7 
           9490      1.72009e+7 
           9510      1.69795e+7 
           9530      1.62583e+7 
           9550      1.35916e+7 
           9570      1.62263e+7 
           9590      1.65294e+7 
           9610      1.64591e+7 
           9630      1.61726e+7 
           9650      1.62614e+7 
           9670      1.61011e+7 
           9690      1.60159e+7 
           9710      1.59168e+7 
           9730      1.58001e+7 
           9750      1.56668e+7 
           9770      1.55747e+7 
           9790      1.54577e+7 
           9810      1.53395e+7 
           9830      1.51992e+7 
           9850      1.51072e+7 
           9870      1.50058e+7 
           9890      1.48482e+7 
           9910      1.47887e+7 
           9930      1.46791e+7 
           9950      1.45783e+7 
           9970      1.44725e+7 
           9990      1.43425e+7 
          10025      1.35738e+7 
          10075      1.29202e+7 
          10125      1.36087e+7 
          10175      1.34473e+7 
          10225      1.32314e+7 
          10275       1.3003e+7 
          10325      1.27714e+7 
          10375       1.2552e+7 
          10425      1.23459e+7 
          10475      1.21205e+7 
          10525      1.19121e+7 
          10575      1.17226e+7 
          10625      1.15297e+7 
          10675      1.12749e+7 
          10725      1.11333e+7 
          10775      1.09527e+7 
          10825      1.07434e+7 
          10875      1.05696e+7 
          10925      9.44857e+6 
          10975      1.00098e+7 
          11025       1.0077e+7 
          11075      9.93181e+6 
          11125      9.77029e+6 
          11175      9.61307e+6 
          11225      9.46154e+6 
          11275       9.2326e+6 
          11325      9.11219e+6 
          11375      9.01596e+6 
          11425      8.87228e+6 
          11475      8.73791e+6 
          11525      8.60156e+6 
          11575      8.46864e+6 
          11625      8.31399e+6 
          11675      8.19208e+6 
          11725      8.07769e+6 
          11775      7.92256e+6 
          11825       7.8293e+6 
          11875      7.70847e+6 
          11925      7.60211e+6 
          11975      7.47676e+6 
          12025      7.37355e+6 
          12075        7.263e+6 
          12125      7.15402e+6 
          12175      7.04887e+6 
          12225      6.94419e+6 
          12275      6.83948e+6 
          12325       6.7407e+6 
          12375      6.64305e+6 
          12425      6.54772e+6 
          12475      6.43627e+6 
          12525      6.35737e+6 
          12575      6.25664e+6 
          12625      6.17433e+6 
          12675      6.08819e+6 
          12725       5.9988e+6 
          12775      5.85844e+6 
          12825      5.29041e+6 
          12875      5.71529e+6 
          12925      5.66936e+6 
          12975      5.58994e+6 
          13025      5.51313e+6 
          13075      5.43601e+6 
          13125      5.36099e+6 
          13175       5.2748e+6 
          13225      5.21431e+6 
          13275      5.14283e+6 
          13325      5.07248e+6 
          13375      5.00346e+6 
          13425      4.93386e+6 
          13475      4.86743e+6 
          13525      4.80062e+6 
          13575      4.73711e+6 
          13625      4.67359e+6 
          13675      4.60805e+6 
          13725      4.54714e+6 
          13775      4.49056e+6 
          13825      4.43094e+6 
          13875      4.37323e+6 
          13925      4.31507e+6 
          13975      4.25898e+6 
          14025      4.20377e+6 
          14075      4.14904e+6 
          14125      4.09442e+6 
          14175      4.04271e+6 
          14225      3.99051e+6 
          14275      3.93949e+6 
          14325      3.88891e+6 
          14375      3.83875e+6 
          14425      3.78394e+6 
          14475      3.74076e+6 
          14525      3.69255e+6 
          14570      3.65363e+6 
          14620      3.60929e+6 
          14675      3.56165e+6 
          14725        3.517e+6 
          14775      3.47184e+6 
          14825      3.43252e+6 
          14875      3.38922e+6 
          14925      3.34947e+6 
          14975      3.30681e+6 
          15025      3.26531e+6 
          15075      3.22297e+6 
          15125      3.18193e+6 
          15175      3.14202e+6 
          15225       3.1115e+6 
          15275      3.05597e+6 
          15325      3.01825e+6 
          15375      3.00328e+6 
          15425       2.9251e+6 
          15475      2.93737e+6 
          15525      2.90879e+6 
          15575      2.79215e+6 
          15625      2.87214e+6 
          15675      2.78531e+6 
          15725      2.69099e+6 
          15775      2.78448e+6 
          15825      2.75171e+6 
          15875      2.53813e+6 
          15925      2.66735e+6 
          15975      2.67519e+6 
          16050      2.60929e+6 
          16150       2.4676e+6 
          16250      2.52634e+6 
          16350      2.43536e+6 
          16450      2.30435e+6 
          16550      2.36007e+6 
          16650      2.30748e+6 
          16750      2.22241e+6 
          16850      2.10442e+6 
          16950      2.15519e+6 
          17050       2.1099e+6 
          17150       2.0641e+6 
          17250      2.01758e+6 
          17350      1.86674e+6 
          17450      1.92347e+6 
          17550      1.89256e+6 
          17650      1.85279e+6 
          17750      1.81261e+6 
          17850      1.77604e+6 
          17950      1.73958e+6 
          18050      1.69839e+6 
          18150      1.58367e+6 
          18250      1.61737e+6 
          18350      1.60057e+6 
          18450      1.56833e+6 
          18550      1.53482e+6 
          18650      1.50195e+6 
          18750      1.40024e+6 
          18850      1.44268e+6 
          18950      1.41742e+6 
          19050      1.38981e+6 
          19150       1.3627e+6 
          19250      1.33597e+6 
          19350       1.3072e+6 
          19450      1.21602e+6 
          19550      1.25733e+6 
          19650      1.23628e+6 
          19750      1.21268e+6 
          19850      1.18979e+6 
          19950      1.16738e+6 
          20050      1.14555e+6 
          20150      1.12409e+6 
          20250      1.10319e+6 
          20350      1.08282e+6 
          20450      1.06289e+6 
          20550      1.04329e+6 
          20650      1.02429e+6 
          20750      1.00578e+6 
          20850          987661 
          20950          969757 
          21050          952488 
          21150          935081 
          21250          918709 
          21350          901858 
          21450          886345 
          21550          869539 
          21650          811694 
          21750          837535 
          21850          826493 
          21950          812255 
          22050          798473 
          22150          784830 
          22250          771551 
          22350          758478 
          22450          745704 
          22550          733133 
          22650          720939 
          22750          708930 
          22850          697428 
          22950          685963 
          23050          674806 
          23150          663822 
          23250          653078 
          23350          642528 
          23450          632196 
          23550          622042 
          23650          612058 
          23750          602286 
          23850          592656 
          23950          583186 
          24050          573435 
          24150          564142 
          24250          556309 
          24350          546787 
          24450          537678 
          24550          530894 
          24650          521239 
          24750          513339 
          24850          508398 
          24950          493075 
          25050          493330 
          25150          486199 
          25250          468328 
          25350          471212 
          25450          465585 
          25550          457314 
          25650          437613 
          25750          444647 
          25850          439166 
          25950          432739 
          26050          423367 
          26150          403492 
          26250          391976 
          26350          406435 
          26450          403071 
          26550          397673 
          26650          390037 
          26750          367199 
          26850          379038 
          26950          375463 
          27050          370164 
          27150          364963 
          27250          359834 
          27350          354795 
          27450          349215 
          27550          329625 
          27650          334804 
          27750          335384 
          27850          330896 
          27950          326363 
          28050          321904 
          28150          317496 
          28250          313166 
          28350          308926 
          28450          304790 
          28550          300685 
          28650          293885 
          28750          278061 
          28850          288082 
          28950          284756 
          29050          281240 
          29150          277501 
          29250          273885 
          29350          270281 
          29450          266768 
          29550          263322 
          29650          259907 
          29750          256554 
          29850          253252 
          29950          250001 
          30050          246793 
          30150          243654 
          30250          240218 
          30350          228167 
          30450          229617 
          30550          231244 
          30650          228659 
          30750          225788 
          30850          222731 
          30950          220197 
          31050          217476 
          31150          214785 
          31250          212143 
          31350          209542 
          31450          206970 
          31550          204453 
          31650          201937 
          31750          199512 
          31850          197106 
          31950          194723 
          32100          191233 
          32300          186695 
          32500          182285 
          32700          178005 
          32900          168479 
          33100          168591 
          33300          165591 
          33500          161843 
          33700          158157 
          33900          154598 
          34100          151121 
          34300          147747 
          34500          144479 
          34700          141275 
          34900          138155 
          35100          135144 
          35300          132203 
          35500          129312 
          35700          126481 
          35900          123930 
          36100          121063 
          36300          118758 
          36500          115899 
          36700          113876 
          36900          110896 
          37100          109159 
          37300          105655 
          37500          102015 
          37700          102632 
          37900          100628 
          38100         97843.6 
          38300         96069.4 
          38500         94723.1 
          38700         92848.6 
          38900         90843.2 
          39100           87659 
          39300         87500.8 
          39500         85861.2 
          39700         84240.6 
          39900           82596 
          40100         80141.2 
          40300         78097.4 
          40500         75823.6 
          40700         76365.2 
          40900         75000.9 
          41100           73588 
          41300         72205.6 
          41500         70780.7 
          41700         67577.3 
          41900         68146.1 
          42100         66998.5 
          42300         65772.7 
          42500         64571.2 
          42700         63397.4 
          42900         62250.9 
          43100           61129 
          43300         60035.1 
          43500         58956.7 
          43700         56386.4 
          43900         56538.4 
          44100         55887.3 
          44300         54907.8 
          44500         53949.2 
          44700         53073.5 
          44900         52091.6 
          45100         51195.3 
          45300         50305.5 
          45500         49456.6 
          45700         48613.4 
          45900         47790.1 
          46100         46975.7 
          46300         46136.7 
          46500         44015.8 
          46700         43219.8 
          46900         43785.4 
          47100         43190.2 
          47300         42492.3 
          47500         41789.6 
          47700         41118.7 
          47900         40452.6 
          48100         39797.7 
          48300         39158.8 
          48500         38524.2 
          48700           37913 
          48900         37304.1 
          49100           36718 
          49300         36126.2 
          49500           35575 
          49700         34987.3 
          49900         34471.4 
          50100           33928 
          50300         33363.9 
          50500         32922.9 
          50700         32398.4 
          50900         31812.8 
          51100         31317.5 
          51300         29941.5 
          51500         30401.1 
          51700         29892.9 
          51900         29573.5 
          52100         29162.3 
          52300         28726.2 
          52500         28222.1 
          52700         27703.1 
          52900           27459 
          53100         27065.5 
          53300         26667.8 
          53500         26277.9 
          53700         25733.8 
          53900         25366.8 
          54100         25151.2 
          54300         24788.7 
          54500         24433.3 
          54700         24083.8 
          54900         23741.1 
          55100         23325.9 
          55300         22784.2 
          55500         22732.8 
          55700         22427.8 
          55900         22113.3 
          56100         21803.8 
          56300         21501.8 
          56500         21204.7 
          56700         20911.2 
          56900         20594.6 
          57100         19966.5 
          57300         20018.9 
          57500         19789.9 
          57700         19521.7 
          57900         19257.8 
          58100         18998.2 
          58300         18735.1 
          58500         18481.7 
          58700         18230.3 
          58900           17934 
          59100         17159.2 
          59300         17471.1 
          59500         16929.3 
          59700         16940.8 
          59900         16833.1 
          60100         16648.2 
          60300         16437.5 
          60500           16224 
          60700           16015 
          60900         15808.4 
          61100         15605.2 
          61300         15405.3 
          61500         15209.6 
          61700         15016.2 
          61900         14824.9 
          62100         14637.7 
          62300         14453.6 
          62500           14261 
          62700         14037.9 
          62900         13490.8 
          63100         13668.4 
          63300         13559.6 
          63500         13405.2 
          63700         13240.4 
          63900         13077.4 
          64200         12838.4 
          64600         12527.4 
          65000         12225.6 
          65400         11933.9 
          65800           11650 
          66200         11371.2 
          66600         11106.8 
          67000         10845.3 
          67400         10566.9 
          67800         10152.5 
          68200         10096.9 
          68600         9881.03 
          69000          9657.6 
          69400         9423.01 
          69800         9227.17 
          70200          9021.4 
          70600         8820.46 
          71000         8604.77 
          71400          8436.2 
          71800         8251.85 
          72200         8073.23 
          72600          7872.3 
          73000         7724.05 
          73400         7563.87 
          73800         7403.25 
          74200         7234.01 
          74600         6937.31 
          75000         6699.42 
          75400         6774.31 
          75800         6659.73 
          76200         6523.17 
          76600         6389.21 
          77000         6259.15 
          77400         6128.47 
          77800         5955.01 
          78200         5884.26 
          78600         5770.44 
          79000         5655.71 
          79400         5543.83 
          79800         5434.68 
          80200         5328.18 
          80600         5224.28 
          81000         5122.91 
          81400         4970.97 
          81800         4910.26 
          82200          4833.2 
          82600         4741.17 
          83000         4651.34 
          83400         4563.61 
          83800         4477.93 
          84200          4394.3 
          84600         4312.58 
          85000         4232.72 
          85400         4154.73 
          85800         4078.52 
          86200         4001.56 
          86600         3864.67 
          87000         3853.05 
          87400         3742.16 
          87800         3676.18 
          88200         3656.09 
          88600         3591.04 
          89000         3527.49 
          89400         3465.36 
          89800         3404.56 
          90200         3345.03 
          90600         3285.54 
          91000         3229.93 
          91400         3174.21 
          91800          3119.7 
          92200         3066.32 
          92600         3007.51 
          93000            2963 
          93400         2911.25 
          93800         2809.02 
          94200         2803.42 
          94600         2769.03 
          95000         2719.09 
          95400         2672.82 
          95800         2633.93 
          96200          2590.7 
          96600         2548.37 
          97000         2506.74 
          97400         2466.26 
          97800         2426.43 
          98200         2384.28 
          98600         2340.79 
          99000         2311.69 
          99400         2274.97 
          99800         2238.96 
         100200         2203.67 
         200000         139.559 
         400000         8.60003 
         600000         1.67613 
         800000         0.52456 
         1.0e+6         0.21295 
         1.2e+6        0.101931 
         1.4e+6         0.05467 
         1.6e+6       0.0318675 
