# Kurucz ODFNEW /NOVER (2003)
# teff = 24000 K (value for the effective temperature for the model. Temperatures are given in K)
# logg = 3 log(cm/s2) (value for Log(G) for the model.)
# meta = 0.2  (value for the Metallicity for the model.)
# lh = 1.25  (l/Hp where l is the  mixing length of the convective element and Hp is the pressure scale height)
# vtur = 2 km/s (Microturbulence velocity)
# alpha = 0  (Alpha)
#
# column 1: WAVELENGTH (ANGSTROM), Wavelength in Angstrom
# column 2: FLUX (ERG/CM2/S/A), Flux in erg/cm2/s/A
          147.2     2.45012e-15 
            151     1.10773e-14 
          155.2     5.42438e-14 
          158.8      1.9917e-13 
            162     6.06451e-13 
            166     2.30828e-12 
          170.3      9.0758e-12 
          173.4     2.35052e-11 
          176.8     6.42887e-11 
          180.2     1.69744e-10 
          181.7     2.57635e-10 
          186.1      8.4648e-10 
            191      2.99837e-9 
          193.9      6.15898e-9 
          198.4      1.80906e-8 
          201.8      3.96089e-8 
            205      8.09477e-8 
          210.5      2.63556e-7 
          216.2      8.42157e-7 
          219.8      1.70164e-6 
            223      3.12109e-6 
          226.8      6.31256e-6 
            230     0.000433915 
            234       0.0010173 
            240      0.00242565 
          246.5      0.00607457 
          252.4       0.0134918 
          256.8       0.0226262 
            260       0.0386538 
            264       0.0629126 
          268.5        0.108067 
          273.5        0.190379 
          278.5        0.325996 
            284        0.647889 
            290         1.17333 
            296         2.08182 
            301         3.24711 
            308         6.38419 
            318         15.9984 
            328         34.0094 
            338         74.3177 
            348         149.803 
            357         1017.07 
            366         2438.38 
            375         3632.68 
            385         6271.66 
            395         14910.1 
            405         22368.3 
            414         34548.3 
            422         49258.5 
            430         72208.2 
            441          108731 
            451          142197 
            460          185783 
            470          267906 
            480          367360 
            490          496762 
            500          642354 
            506      3.26517e+6 
            512      3.46099e+7 
            520      3.64302e+7 
            530      3.80324e+7 
            540      3.87943e+7 
            550      6.44338e+7 
            560      8.00814e+7 
            570      9.16186e+7 
            580      8.26755e+7 
            590      1.09177e+8 
            600      1.12004e+8 
            610      1.40841e+8 
            620      1.61639e+8 
            630      1.69058e+8 
            640      1.51685e+8 
            650      1.09595e+8 
            658      1.67315e+8 
            665      2.05971e+8 
            675      2.13069e+8 
            685      1.90201e+8 
            695      2.86986e+8 
            705      2.60021e+8 
            716       3.2236e+8 
            726      3.15506e+8 
            735      3.35129e+8 
            745      3.81559e+8 
            755      3.99673e+8 
            765      4.23191e+8 
            775      4.58624e+8 
            785      4.91287e+8 
            795      5.02216e+8 
            805      5.08054e+8 
            815      5.11469e+8 
            825      5.70608e+8 
            835      4.24702e+8 
            845      5.62647e+8 
            855      5.60643e+8 
            865      5.98961e+8 
            875      6.39081e+8 
            885      6.92396e+8 
            895      7.21407e+8 
            905      7.00355e+8 
            915      1.44617e+9 
            925     1.01863e+10 
            935     1.56514e+10 
            945     1.82361e+10 
            955     1.89739e+10 
            965     1.76741e+10 
            975      3.63206e+9 
            985     1.08488e+10 
            995     1.40033e+10 
           1005     1.79226e+10 
           1015     1.89227e+10 
           1025     1.62865e+10 
           1035     1.55886e+10 
           1045     2.24966e+10 
           1055     2.05511e+10 
           1065     1.66539e+10 
           1075     1.91666e+10 
           1085     1.73579e+10 
           1095     1.95405e+10 
           1105     1.78775e+10 
           1115     1.71449e+10 
           1125      1.2637e+10 
           1135     1.80965e+10 
           1145     1.70968e+10 
           1155     1.71313e+10 
           1165     1.65972e+10 
           1175      8.24473e+9 
           1185     1.53361e+10 
           1195     1.50206e+10 
           1205     1.02652e+10 
           1215     1.21056e+10 
           1225     1.48116e+10 
           1235     1.62372e+10 
           1245      1.5277e+10 
           1255     1.54449e+10 
           1265     1.58757e+10 
           1275     1.65368e+10 
           1285     1.64173e+10 
           1295     1.18817e+10 
           1305     1.32822e+10 
           1315     1.62515e+10 
           1325     1.52606e+10 
           1335     1.47077e+10 
           1345     1.50296e+10 
           1355     1.47624e+10 
           1365     1.37756e+10 
           1375     1.32184e+10 
           1385     1.23994e+10 
           1395      7.31709e+9 
           1405      8.64845e+9 
           1415     1.13236e+10 
           1425     1.10786e+10 
           1435     1.17351e+10 
           1442     1.19646e+10 
           1447     1.17749e+10 
           1455     1.12957e+10 
           1465     1.03872e+10 
           1475     1.08567e+10 
           1485     1.08056e+10 
           1495     1.05363e+10 
           1505      9.63951e+9 
           1512      8.61051e+9 
           1517      8.94984e+9 
           1525      9.12056e+9 
           1535      7.53467e+9 
           1545      7.00201e+9 
           1555      6.87984e+9 
           1565      7.78846e+9 
           1575      8.46349e+9 
           1585      8.56293e+9 
           1595       8.4168e+9 
           1605      8.44635e+9 
           1615      8.19879e+9 
           1625      8.16353e+9 
           1635      8.72479e+9 
           1645      8.82076e+9 
           1655      8.68175e+9 
           1665      8.78638e+9 
           1672      8.21004e+9 
           1677      9.46991e+9 
           1685      8.97232e+9 
           1695      8.40258e+9 
           1705      8.34098e+9 
           1715      7.74459e+9 
           1725      7.69797e+9 
           1735      8.02624e+9 
           1745       7.8677e+9 
           1755      7.90049e+9 
           1765       7.9544e+9 
           1775      7.32803e+9 
           1785      7.55025e+9 
           1795      7.70337e+9 
           1805      7.81228e+9 
           1815      6.90669e+9 
           1825      7.22393e+9 
           1835       7.0775e+9 
           1845      6.41841e+9 
           1855      6.61051e+9 
           1865      6.69643e+9 
           1875      6.93423e+9 
           1885      6.15208e+9 
           1895      5.72371e+9 
           1905       6.2912e+9 
           1915      5.89355e+9 
           1925      5.53775e+9 
           1935      5.99833e+9 
           1945       6.1312e+9 
           1955       5.4243e+9 
           1967      6.00913e+9 
           1976      6.26876e+9 
           1984      5.84878e+9 
           1995      5.73628e+9 
           2005        6.037e+9 
           2015      5.98447e+9 
           2025      6.14609e+9 
           2035      5.54302e+9 
           2045      5.68442e+9 
           2055      5.29265e+9 
           2065      5.24469e+9 
           2074      5.71259e+9 
           2078      5.07022e+9 
           2085      5.52872e+9 
           2095      5.19624e+9 
           2105      5.40265e+9 
           2115      5.47237e+9 
           2125      5.50316e+9 
           2135      5.44479e+9 
           2145      5.10142e+9 
           2155      5.36918e+9 
           2165       5.3598e+9 
           2175      5.30322e+9 
           2185      5.10604e+9 
           2195       5.2114e+9 
           2205      5.22111e+9 
           2215      5.13261e+9 
           2225      4.99632e+9 
           2235       4.8944e+9 
           2245      4.95539e+9 
           2255      4.81011e+9 
           2265      4.86099e+9 
           2275      4.79943e+9 
           2285      4.78803e+9 
           2295       4.1224e+9 
           2305      4.60398e+9 
           2315      4.48303e+9 
           2325      4.44231e+9 
           2335      4.32696e+9 
           2345      4.38755e+9 
           2355      4.34263e+9 
           2365      4.31366e+9 
           2375      4.21182e+9 
           2385      4.17419e+9 
           2395      4.11938e+9 
           2405      4.06839e+9 
           2415      4.02889e+9 
           2425      4.01334e+9 
           2435      3.90636e+9 
           2445      3.91878e+9 
           2455      3.91586e+9 
           2465      3.84156e+9 
           2475      3.76586e+9 
           2485       3.6172e+9 
           2495      2.62778e+9 
           2505      3.42345e+9 
           2513      3.41475e+9 
           2518      3.54529e+9 
           2525      3.54587e+9 
           2535      3.52774e+9 
           2545       3.3859e+9 
           2555       3.4302e+9 
           2565      3.38873e+9 
           2575      3.39064e+9 
           2585      3.33379e+9 
           2595      3.30742e+9 
           2605      3.28579e+9 
           2615      3.22154e+9 
           2625       3.2071e+9 
           2635      3.18411e+9 
           2645       3.1352e+9 
           2655      3.12226e+9 
           2665      2.99008e+9 
           2675       2.9983e+9 
           2685      3.00198e+9 
           2695      2.89354e+9 
           2705       2.8258e+9 
           2715      2.83808e+9 
           2725      2.84591e+9 
           2735      2.81345e+9 
           2745      2.76914e+9 
           2755      2.75577e+9 
           2765      2.72198e+9 
           2775      2.73415e+9 
           2785      2.68541e+9 
           2795      2.59167e+9 
           2805      2.61804e+9 
           2815      2.61749e+9 
           2825       2.5922e+9 
           2835      2.49829e+9 
           2845      2.52274e+9 
           2855      2.46974e+9 
           2865      2.47116e+9 
           2875      2.44557e+9 
           2885      2.42281e+9 
           2895      2.38016e+9 
           2910      2.32926e+9 
           2930      2.31008e+9 
           2950      2.24094e+9 
           2970      2.20612e+9 
           2990      2.15736e+9 
           3010      2.06841e+9 
           3030      2.06491e+9 
           3050      2.03894e+9 
           3070      2.01062e+9 
           3090      1.92356e+9 
           3110      1.92527e+9 
           3130      1.87451e+9 
           3150      1.84809e+9 
           3170      1.79958e+9 
           3190      1.76964e+9 
           3210      1.74086e+9 
           3230      1.69607e+9 
           3250      1.67694e+9 
           3270      1.63384e+9 
           3290      1.60408e+9 
           3310      1.57482e+9 
           3330      1.53927e+9 
           3350       1.5139e+9 
           3370      1.48295e+9 
           3390      1.46396e+9 
           3410      1.43793e+9 
           3430      1.40923e+9 
           3450      1.37879e+9 
           3470      1.35409e+9 
           3490       1.3273e+9 
           3510      1.30545e+9 
           3530      1.29001e+9 
           3550      1.26478e+9 
           3570      1.24362e+9 
           3590      1.20951e+9 
           3610      1.18739e+9 
           3630      1.17231e+9 
           3640      1.16849e+9 
           3650      1.13871e+9 
           3670      1.12499e+9 
           3690       1.0928e+9 
           3710      1.07027e+9 
           3730      1.05709e+9 
           3750      1.10992e+9 
           3770      1.09227e+9 
           3790      1.09808e+9 
           3810      1.11881e+9 
           3830      1.02939e+9 
           3850      1.09813e+9 
           3870      1.06248e+9 
           3890      9.87651e+8 
           3910      1.05372e+9 
           3930      1.01626e+9 
           3950      1.00723e+9 
           3970       9.1421e+8 
           3990      9.79869e+8 
           4010      9.65527e+8 
           4030      9.35833e+8 
           4050      9.32171e+8 
           4070      8.94877e+8 
           4090      8.66441e+8 
           4110      8.15209e+8 
           4130      8.56895e+8 
           4150      8.49465e+8 
           4170      8.43286e+8 
           4190      8.32379e+8 
           4210      8.23831e+8 
           4230       8.0711e+8 
           4250      7.86559e+8 
           4270      7.67616e+8 
           4290      7.56791e+8 
           4310      7.36703e+8 
           4330      7.12834e+8 
           4350      6.70737e+8 
           4370      7.03829e+8 
           4390      7.02845e+8 
           4410      6.91351e+8 
           4430      6.85661e+8 
           4450      6.73709e+8 
           4470      6.57361e+8 
           4490      6.55966e+8 
           4510       6.4716e+8 
           4530      6.38521e+8 
           4550      6.29244e+8 
           4570      6.19347e+8 
           4590      6.09044e+8 
           4610      5.95936e+8 
           4630      5.87723e+8 
           4650      5.65011e+8 
           4670      5.70149e+8 
           4690       5.6576e+8 
           4710      5.47923e+8 
           4730      5.48704e+8 
           4750      5.39552e+8 
           4770      5.38911e+8 
           4790       5.3002e+8 
           4810      5.20215e+8 
           4830      5.12056e+8 
           4850      5.00106e+8 
           4870      4.62872e+8 
           4890      4.92005e+8 
           4910      4.85083e+8 
           4930      4.72909e+8 
           4950      4.68788e+8 
           4970      4.66578e+8 
           4990       4.5926e+8 
           5010      4.42198e+8 
           5030      4.45523e+8 
           5050      4.37303e+8 
           5070      4.34197e+8 
           5090      4.27505e+8 
           5110      4.21078e+8 
           5130      4.12519e+8 
           5150      4.08184e+8 
           5170        4.043e+8 
           5190      3.99441e+8 
           5210      3.93855e+8 
           5230      3.88369e+8 
           5250      3.83174e+8 
           5270      3.77192e+8 
           5290      3.73201e+8 
           5310      3.67843e+8 
           5330      3.63602e+8 
           5350      3.58612e+8 
           5370       3.5413e+8 
           5390      3.48913e+8 
           5410      3.44819e+8 
           5430      3.40354e+8 
           5450       3.3573e+8 
           5470      3.31378e+8 
           5490      3.27006e+8 
           5510      3.23458e+8 
           5530       3.1856e+8 
           5550        3.154e+8 
           5570      3.10977e+8 
           5590      3.07249e+8 
           5610      3.03374e+8 
           5630      2.99737e+8 
           5650      2.95093e+8 
           5670      2.89969e+8 
           5690      2.84734e+8 
           5710      2.83159e+8 
           5730      2.79992e+8 
           5750      2.75518e+8 
           5770      2.73759e+8 
           5790      2.70162e+8 
           5810      2.67011e+8 
           5830      2.63054e+8 
           5850      2.60532e+8 
           5870       2.5256e+8 
           5890      2.52499e+8 
           5910       2.5048e+8 
           5930      2.46918e+8 
           5950      2.43963e+8 
           5970      2.42754e+8 
           5990      2.38479e+8 
           6010      2.36498e+8 
           6030      2.33088e+8 
           6050      2.30613e+8 
           6070      2.28421e+8 
           6090      2.25816e+8 
           6110      2.23098e+8 
           6130      2.20653e+8 
           6150      2.17098e+8 
           6170      2.14792e+8 
           6190      2.12777e+8 
           6210      2.10569e+8 
           6230      2.08229e+8 
           6250      2.05404e+8 
           6270      2.03233e+8 
           6290      2.01067e+8 
           6310      1.98573e+8 
           6330      1.96578e+8 
           6350      1.93968e+8 
           6370      1.92149e+8 
           6390      1.89859e+8 
           6410      1.87768e+8 
           6430      1.85782e+8 
           6450      1.83626e+8 
           6470      1.80981e+8 
           6490      1.78982e+8 
           6510      1.77413e+8 
           6530      1.75214e+8 
           6550      1.72205e+8 
           6570       1.5743e+8 
           6590      1.68447e+8 
           6610      1.67636e+8 
           6630      1.66061e+8 
           6650      1.64075e+8 
           6670      1.61424e+8 
           6690      1.59745e+8 
           6710      1.59003e+8 
           6730      1.56779e+8 
           6750      1.55653e+8 
           6770      1.54028e+8 
           6790      1.51267e+8 
           6810      1.50542e+8 
           6830      1.48886e+8 
           6850      1.47512e+8 
           6870      1.45912e+8 
           6890      1.44154e+8 
           6910      1.42429e+8 
           6930      1.41396e+8 
           6950      1.39936e+8 
           6970      1.38483e+8 
           6990       1.3699e+8 
           7010      1.35558e+8 
           7030      1.34079e+8 
           7050      1.32751e+8 
           7070      1.29619e+8 
           7090      1.30073e+8 
           7110      1.27688e+8 
           7130      1.26535e+8 
           7150      1.26101e+8 
           7170      1.24805e+8 
           7190      1.23572e+8 
           7210      1.22315e+8 
           7230      1.19405e+8 
           7250      1.19528e+8 
           7270      1.18615e+8 
           7290      1.16647e+8 
           7310      1.16221e+8 
           7330      1.15019e+8 
           7350      1.13941e+8 
           7370      1.12824e+8 
           7390      1.11704e+8 
           7410      1.10601e+8 
           7430      1.09488e+8 
           7450      1.08412e+8 
           7470      1.06799e+8 
           7490      1.06203e+8 
           7510      1.05204e+8 
           7530      1.04121e+8 
           7550      1.03226e+8 
           7570      1.02221e+8 
           7590      1.01186e+8 
           7610      1.00069e+8 
           7630      9.92413e+7 
           7650      9.82918e+7 
           7670      9.73764e+7 
           7690      9.64183e+7 
           7710      9.54624e+7 
           7730      9.45214e+7 
           7750       9.3708e+7 
           7770      9.26272e+7 
           7790      9.19597e+7 
           7810      9.10385e+7 
           7830      9.02299e+7 
           7850        8.941e+7 
           7870      8.84148e+7 
           7890      8.74406e+7 
           7910      8.67943e+7 
           7930      8.59197e+7 
           7950       8.5178e+7 
           7970      8.43715e+7 
           7990      8.36192e+7 
           8010      8.27911e+7 
           8030       8.2052e+7 
           8050      8.13716e+7 
           8070      8.06506e+7 
           8090      7.98321e+7 
           8110      7.86828e+7 
           8130      7.84899e+7 
           8150      7.76741e+7 
           8170       7.7108e+7 
           8190      7.60523e+7 
           8210      7.52239e+7 
           8230      7.44082e+7 
           8250       7.4142e+7 
           8270      7.27868e+7 
           8290      7.27047e+7 
           8310      7.21205e+7 
           8330      7.14869e+7 
           8350      7.05937e+7 
           8370      6.99825e+7 
           8390      6.94994e+7 
           8410      6.87911e+7 
           8430      6.82212e+7 
           8450      6.72971e+7 
           8470      6.66489e+7 
           8490      6.66959e+7 
           8510      6.51082e+7 
           8530      6.57974e+7 
           8550      6.33255e+7 
           8570      6.52923e+7 
           8590      6.28239e+7 
           8610      6.21817e+7 
           8630      6.40436e+7 
           8650       6.2771e+7 
           8670      5.88031e+7 
           8690      6.25337e+7 
           8710      6.22419e+7 
           8730      6.10376e+7 
           8750      5.65125e+7 
           8770      5.98013e+7 
           8790      6.02413e+7 
           8810      5.97497e+7 
           8830      5.91508e+7 
           8850      5.72772e+7 
           8870      5.37775e+7 
           8890       5.7621e+7 
           8910      5.72724e+7 
           8930      5.67469e+7 
           8950       5.6376e+7 
           8970      5.59235e+7 
           8990      5.50084e+7 
           9010       5.0973e+7 
           9030       5.3076e+7 
           9050      5.40468e+7 
           9070      5.33096e+7 
           9090       5.3057e+7 
           9110      5.27608e+7 
           9130      5.23491e+7 
           9150      5.19225e+7 
           9170       5.1405e+7 
           9190      5.10566e+7 
           9210      4.98181e+7 
           9230      4.57817e+7 
           9250      4.91812e+7 
           9270      4.92542e+7 
           9290      4.90118e+7 
           9310      4.84668e+7 
           9330      4.80644e+7 
           9350      4.78159e+7 
           9370      4.74533e+7 
           9390      4.70933e+7 
           9410      4.66763e+7 
           9430       4.6326e+7 
           9450      4.59445e+7 
           9470      4.54398e+7 
           9490      4.52025e+7 
           9510      4.45627e+7 
           9530      4.36872e+7 
           9550      4.03713e+7 
           9570      4.35285e+7 
           9590      4.35028e+7 
           9610      4.30037e+7 
           9630      4.25937e+7 
           9650      4.25063e+7 
           9670      4.21736e+7 
           9690      4.18111e+7 
           9710      4.12434e+7 
           9730      4.11696e+7 
           9750      4.08701e+7 
           9770      4.05687e+7 
           9790      4.02459e+7 
           9810      3.98902e+7 
           9830      3.96344e+7 
           9850      3.93144e+7 
           9870      3.89929e+7 
           9890       3.8635e+7 
           9910      3.82188e+7 
           9930      3.81448e+7 
           9950      3.78482e+7 
           9970      3.75327e+7 
           9990      3.72849e+7 
          10025      3.61193e+7 
          10075      3.50265e+7 
          10125      3.53311e+7 
          10175       3.4794e+7 
          10225      3.41407e+7 
          10275      3.35252e+7 
          10325      3.28236e+7 
          10375      3.23221e+7 
          10425      3.17397e+7 
          10475      3.11689e+7 
          10525      3.05976e+7 
          10575      3.00634e+7 
          10625      2.95292e+7 
          10675      2.89715e+7 
          10725      2.84986e+7 
          10775      2.79976e+7 
          10825      2.72312e+7 
          10875      2.70282e+7 
          10925      2.53563e+7 
          10975      2.59499e+7 
          11025      2.55598e+7 
          11075      2.52199e+7 
          11125      2.47892e+7 
          11175      2.43745e+7 
          11225      2.39548e+7 
          11275      2.35496e+7 
          11325      2.31239e+7 
          11375      2.27746e+7 
          11425      2.23872e+7 
          11475      2.20309e+7 
          11525      2.16734e+7 
          11575      2.13043e+7 
          11625       2.0962e+7 
          11675       2.0604e+7 
          11725      2.02966e+7 
          11775      1.99637e+7 
          11825      1.96444e+7 
          11875      1.93337e+7 
          11925      1.90265e+7 
          11975      1.86191e+7 
          12025      1.84271e+7 
          12075      1.81394e+7 
          12125      1.78517e+7 
          12175      1.75743e+7 
          12225      1.73012e+7 
          12275      1.70343e+7 
          12325      1.67677e+7 
          12375      1.65097e+7 
          12425      1.62609e+7 
          12475      1.59989e+7 
          12525      1.57295e+7 
          12575      1.55175e+7 
          12625      1.52854e+7 
          12675      1.50656e+7 
          12725      1.48409e+7 
          12775      1.44736e+7 
          12825      1.37711e+7 
          12875      1.41753e+7 
          12925      1.39779e+7 
          12975      1.37077e+7 
          13025      1.35604e+7 
          13075      1.33738e+7 
          13125      1.31796e+7 
          13175      1.29869e+7 
          13225      1.28006e+7 
          13275      1.26165e+7 
          13325      1.24297e+7 
          13375      1.22482e+7 
          13425      1.20679e+7 
          13475      1.19097e+7 
          13525      1.17328e+7 
          13575      1.15741e+7 
          13625      1.14037e+7 
          13675       1.1252e+7 
          13725      1.10872e+7 
          13775      1.09441e+7 
          13825      1.07925e+7 
          13875      1.06421e+7 
          13925      1.04844e+7 
          13975      1.03489e+7 
          14025      1.02046e+7 
          14075      1.00729e+7 
          14125      9.93355e+6 
          14175      9.80078e+6 
          14225      9.67001e+6 
          14275      9.53861e+6 
          14325      9.41118e+6 
          14375      9.28494e+6 
          14425      9.16329e+6 
          14475      9.04184e+6 
          14525      8.91988e+6 
          14570      8.81606e+6 
          14620      8.69699e+6 
          14675      8.57297e+6 
          14725      8.46134e+6 
          14775       8.3498e+6 
          14825      8.24387e+6 
          14875      8.13763e+6 
          14925      8.03297e+6 
          14975      7.92952e+6 
          15025      7.82444e+6 
          15075      7.71493e+6 
          15125      7.62646e+6 
          15175      7.52901e+6 
          15225        7.439e+6 
          15275      7.33177e+6 
          15325      7.23829e+6 
          15375      7.16372e+6 
          15425      7.04119e+6 
          15475      6.98963e+6 
          15525      6.90654e+6 
          15575      6.75356e+6 
          15625      6.75778e+6 
          15675      6.63562e+6 
          15725      6.49294e+6 
          15775      6.52012e+6 
          15825      6.44032e+6 
          15875      6.18979e+6 
          15925      6.27131e+6 
          15975      6.22827e+6 
          16050      6.09898e+6 
          16150      5.86105e+6 
          16250      5.82979e+6 
          16350      5.67231e+6 
          16450      5.45097e+6 
          16550      5.43096e+6 
          16650      5.30558e+6 
          16750      5.16132e+6 
          16850      4.96078e+6 
          16950      4.94963e+6 
          17050      4.81683e+6 
          17150      4.72906e+6 
          17250        4.624e+6 
          17350      4.40928e+6 
          17450      4.41766e+6 
          17550      4.32416e+6 
          17650      4.22959e+6 
          17750      4.13722e+6 
          17850      4.04335e+6 
          17950      3.96112e+6 
          18050      3.87503e+6 
          18150      3.70197e+6 
          18250      3.70358e+6 
          18350       3.6348e+6 
          18450      3.55832e+6 
          18550      3.47977e+6 
          18650      3.39446e+6 
          18750      3.25333e+6 
          18850       3.2734e+6 
          18950      3.20391e+6 
          19050      3.13268e+6 
          19150      3.07786e+6 
          19250      3.01607e+6 
          19350       2.9555e+6 
          19450      2.81584e+6 
          19550      2.83541e+6 
          19650       2.7834e+6 
          19750      2.72873e+6 
          19850      2.67539e+6 
          19950      2.62336e+6 
          20050      2.57252e+6 
          20150      2.52311e+6 
          20250      2.47474e+6 
          20350      2.42746e+6 
          20450      2.38062e+6 
          20550      2.33084e+6 
          20650      2.29242e+6 
          20750      2.24911e+6 
          20850      2.20757e+6 
          20950       2.1662e+6 
          21050       2.1262e+6 
          21150      2.07953e+6 
          21250      2.04932e+6 
          21350      2.01191e+6 
          21450      1.97493e+6 
          21550      1.93961e+6 
          21650      1.84827e+6 
          21750      1.86954e+6 
          21850      1.83653e+6 
          21950      1.80498e+6 
          22050      1.77315e+6 
          22150      1.74197e+6 
          22250      1.71082e+6 
          22350      1.68159e+6 
          22450      1.65237e+6 
          22550      1.62382e+6 
          22650      1.59593e+6 
          22750      1.56853e+6 
          22850      1.54156e+6 
          22950      1.51542e+6 
          23050      1.48954e+6 
          23150      1.46475e+6 
          23250      1.44026e+6 
          23350       1.4162e+6 
          23450      1.39271e+6 
          23550      1.36956e+6 
          23650      1.34689e+6 
          23750      1.32475e+6 
          23850      1.30314e+6 
          23950      1.28164e+6 
          24050      1.26064e+6 
          24150      1.24002e+6 
          24250      1.22072e+6 
          24350      1.20042e+6 
          24450      1.18072e+6 
          24550      1.16319e+6 
          24650      1.14348e+6 
          24750       1.1238e+6 
          24850      1.11008e+6 
          24950      1.08655e+6 
          25050      1.07639e+6 
          25150      1.06046e+6 
          25250      1.03394e+6 
          25350      1.02732e+6 
          25450      1.01293e+6 
          25550          996125 
          25650          968045 
          25750          966620 
          25850          952560 
          25950          938184 
          26050          921723 
          26150          890778 
          26250          868149 
          26350          882299 
          26450          870201 
          26550          856603 
          26650          843769 
          26750          812043 
          26850          818861 
          26950          808282 
          27050          796551 
          27150          785021 
          27250          773740 
          27350          762602 
          27450          751706 
          27550          723179 
          27650          726729 
          27750          720131 
          27850          709966 
          27950          700024 
          28050          690014 
          28150          680556 
          28250          671121 
          28350          661801 
          28450          652688 
          28550          643410 
          28650          633281 
          28750          608464 
          28850          617606 
          28950          609211 
          29050          601006 
          29150          592900 
          29250          584934 
          29350          577106 
          29450          569371 
          29550          561814 
          29650          554345 
          29750          547049 
          29850          539838 
          29950          532670 
          30050          525751 
          30150          518664 
          30250          512111 
          30350          493528 
          30450          494354 
          30550          492455 
          30650          486119 
          30750          479576 
          30850          473582 
          30950          467813 
          31050          461874 
          31150          455963 
          31250          450118 
          31350          444606 
          31450          439002 
          31550          433575 
          31650          428169 
          31750          422860 
          31850          417646 
          31950          412490 
          32100          404914 
          32300          395077 
          32500          385521 
          32700          376275 
          32900          360368 
          33100          357642 
          33300          349792 
          33500          341666 
          33700          333709 
          33900          325980 
          34100          318471 
          34300          311181 
          34500          304096 
          34700          297203 
          34900          290506 
          35100          284000 
          35300          277674 
          35500          271493 
          35700          265519 
          35900          260084 
          36100          253972 
          36300          248989 
          36500          243052 
          36700          238464 
          36900          232546 
          37100          228050 
          37300          221777 
          37500          215124 
          37700          214321 
          37900          209864 
          38100          204711 
          38300          200740 
          38500          197165 
          38700          193145 
          38900          189145 
          39100          183765 
          39300          181683 
          39500          178041 
          39700          174512 
          39900          171058 
          40100          166927 
          40300          162681 
          40500          158301 
          40700          158068 
          40900          155017 
          41100          152038 
          41300          149003 
          41500          146286 
          41700          141240 
          41900          140781 
          42100          138165 
          42300          135582 
          42500          132993 
          42700          130595 
          42900          127961 
          43100          125833 
          43300          123534 
          43500          121286 
          43700          117170 
          43900          116695 
          44100          114845 
          44300          112793 
          44500          110786 
          44700          108941 
          44900          107018 
          45100          105139 
          45300          103293 
          45500          101503 
          45700         99743.1 
          45900         98021.1 
          46100         96300.3 
          46300         94670.5 
          46500           90882 
          46700         89533.5 
          46900         89735.7 
          47100         88433.5 
          47300         86953.1 
          47500         85492.7 
          47700         84075.3 
          47900         82688.3 
          48100         81324.7 
          48300         79988.9 
          48500           78682 
          48700         77400.1 
          48900         76144.3 
          49100         74914.3 
          49300         73707.8 
          49500         72526.1 
          49700         71368.6 
          49900         70233.3 
          50100         69121.3 
          50300         68002.5 
          50500         66961.2 
          50700         65912.1 
          50900         64806.3 
          51100         63826.8 
          51300         61489.1 
          51500         61893.1 
          51700         60844.4 
          51900         60035.1 
          52100         59119.8 
          52300         58222.3 
          52500         57303.9 
          52700         56340.7 
          52900         55628.8 
          53100         54796.3 
          53300         53980.1 
          53500         53178.4 
          53700         52264.4 
          53900         51505.1 
          54100         50859.8 
          54300         50116.6 
          54500         49385.5 
          54700         48667.4 
          54900         47962.2 
          55100           47230 
          55300         46297.7 
          55500           45923 
          55700         45268.4 
          55900         44624.4 
          56100         43990.7 
          56300         43369.7 
          56500         42758.7 
          56700         42158.8 
          56900         41568.6 
          57100         40574.2 
          57300         40402.8 
          57500         39862.4 
          57700         39311.6 
          57900         38769.6 
          58100         38240.9 
          58300         37718.5 
          58500         37229.9 
          58700         36725.1 
          58900         36178.6 
          59100           34862 
          59300         35236.9 
          59500         34317.2 
          59700         34194.4 
          59900         33868.8 
          60100         33420.6 
          60300         32978.5 
          60500         32544.7 
          60700         32117.9 
          60900         31698.1 
          61100           31284 
          61300         30877.7 
          61500           30478 
          61700         30084.8 
          61900           29697 
          62100         29316.5 
          62300         28941.3 
          62500         28572.1 
          62700         28188.9 
          62900         27306.2 
          63100         27454.2 
          63300         27153.1 
          63500         26813.2 
          63700         26477.1 
          63900         26147.3 
          64200         25661.3 
          64600         25031.3 
          65000         24420.1 
          65400         23827.2 
          65800         23252.1 
          66200         22694.3 
          66600         22153.3 
          67000         21628.6 
          67400         21104.8 
          67800         20374.6 
          68200         20142.8 
          68600         19677.2 
          69000         19223.4 
          69400         18776.4 
          69800         18356.1 
          70200         17940.4 
          70600         17536.6 
          71000         17130.3 
          71400         16761.6 
          71800         16390.4 
          72200         16029.4 
          72600         15653.8 
          73000         15336.4 
          73400         15004.7 
          73800         14681.3 
          74200         14340.7 
          74600         13842.1 
          75000         13394.2 
          75400         13457.2 
          75800           13189 
          76200         12913.3 
          76600         12645.3 
          77000           12384 
          77400         12128.6 
          77800         11826.9 
          78200           11639 
          78600         11403.2 
          79000         11173.3 
          79400         10949.3 
          79800         10730.9 
          80200         10517.5 
          80600         10310.2 
          81000           10107 
          81400         9852.68 
          81800          9702.5 
          82200         9528.02 
          82600          9344.3 
          83000         9164.77 
          83400         8989.87 
          83800         8818.41 
          84200         8651.93 
          84600         8488.72 
          85000         8329.24 
          85400         8173.91 
          85800         8022.14 
          86200         7873.33 
          86600         7649.56 
          87000         7583.86 
          87400         7388.35 
          87800         7254.23 
          88200         7180.83 
          88600         7051.35 
          89000         6924.86 
          89400         6801.28 
          89800         6680.56 
          90200         6562.17 
          90600         6446.53 
          91000         6333.57 
          91400         6222.78 
          91800         6114.58 
          92200         6008.91 
          92600         5903.06 
          93000         5804.05 
          93400         5704.78 
          93800          5538.9 
          94200         5503.43 
          94600         5419.52 
          95000         5325.97 
          95400         5235.46 
          95800          5151.6 
          96200         5066.11 
          96600         4982.25 
          97000         4900.41 
          97400         4820.13 
          97800            4741 
          98200            4663 
          98600         4581.07 
          99000         4514.14 
          99400         4441.66 
          99800         4370.57 
         100200         4300.85 
         200000         265.896 
         400000         16.2017 
         600000         3.14705 
         800000        0.983558 
         1.0e+6        0.398994 
         1.2e+6        0.190915 
         1.4e+6        0.102382 
         1.6e+6       0.0596822 
