# Kurucz ODFNEW /NOVER (2003)
# teff = 5750 K (value for the effective temperature for the model. Temperatures are given in K)
# logg = 2 log(cm/s2) (value for Log(G) for the model.)
# meta = -1.5  (value for the Metallicity for the model.)
# lh = 1.25  (l/Hp where l is the  mixing length of the convective element and Hp is the pressure scale height)
# vtur = 2 km/s (Microturbulence velocity)
# alpha = 0  (Alpha)
#
# column 1: WAVELENGTH (ANGSTROM), Wavelength in Angstrom
# column 2: FLUX (ERG/CM2/S/A), Flux in erg/cm2/s/A
          147.2      6.4379e-95 
            151     2.93258e-92 
          155.2     1.78519e-89 
          158.8     3.30112e-87 
            162     2.80365e-85 
            166     5.65832e-83 
          170.3     1.28101e-80 
          173.4      5.3859e-79 
          176.8     2.78863e-77 
          180.2     1.24057e-75 
          181.7     6.32015e-75 
          186.1     6.42926e-73 
            191     8.55848e-71 
          193.9     1.37116e-69 
          198.4     8.61741e-68 
          201.8     1.73992e-66 
            205     2.68583e-65 
          210.5     2.41944e-63 
          216.2     2.00557e-61 
          219.8     2.89401e-60 
            223     2.87685e-59 
          226.8     4.04031e-58 
            230     3.49198e-57 
            234     4.74159e-56 
            240     2.00759e-54 
          246.5     9.40921e-53 
          252.4     2.59299e-51 
          256.8     2.77733e-50 
            260     1.47939e-49 
            264     1.12896e-48 
          268.5      1.0294e-47 
          273.5     1.09863e-46 
          278.5     1.07566e-45 
            284     1.20133e-44 
            290     1.49935e-43 
            296     1.68087e-42 
            301      1.1691e-41 
            308     1.58247e-40 
            318     5.32139e-39 
            328     1.43298e-37 
            338     3.14893e-36 
            348     5.75621e-35 
            357     6.79981e-34 
            366     7.08934e-33 
            375     6.56561e-32 
            385     6.85573e-31 
            395      6.3179e-30 
            405     5.19118e-29 
            414     3.15524e-28 
            422     1.46574e-27 
            430     6.41235e-27 
            441     4.45049e-26 
            451     2.37446e-25 
            460     1.00357e-24 
            470     4.65105e-24 
            480     2.01364e-23 
            490     8.18778e-23 
            500     3.13394e-22 
            506     9.07158e-22 
            512     2.17636e-21 
            520     5.79876e-21 
            530     1.90081e-20 
            540     5.85558e-20 
            550      1.7469e-19 
            560     4.97052e-19 
            570     1.35954e-18 
            580     3.54354e-18 
            590     9.11109e-18 
            600      2.2407e-17 
            610     5.33739e-17 
            620     1.23339e-16 
            630     2.76923e-16 
            640      6.0525e-16 
            650     1.28882e-15 
            658     2.31721e-15 
            665     3.82297e-15 
            675     7.66457e-15 
            685      1.5029e-14 
            695     2.88522e-14 
            705     5.42675e-14 
            716     1.06356e-13 
            726     1.92262e-13 
            735     3.22723e-13 
            745     5.64702e-13 
            755     9.72051e-13 
            765     1.64719e-12 
            775     2.74952e-12 
            785     4.52357e-12 
            795      7.3352e-12 
            805     1.17479e-11 
            815     1.85686e-11 
            825     2.89887e-11 
            835     4.47272e-11 
            845     6.82205e-11 
            855     1.02914e-10 
            865     1.53592e-10 
            875     2.26857e-10 
            885     3.31864e-10 
            895     4.80797e-10 
            905     6.90098e-10 
            915      9.75228e-6 
            925      3.40706e-5 
            935       4.7566e-5 
            945      7.21292e-5 
            955     0.000106456 
            965     0.000147524 
            975     0.000194712 
            985      0.00028831 
            995     0.000387983 
           1005       0.0005474 
           1015     0.000720822 
           1025      0.00097375 
           1035      0.00134574 
           1045      0.00181406 
           1055      0.00240025 
           1065      0.00314258 
           1075      0.00414863 
           1085      0.00543737 
           1095      0.00699213 
           1105       0.0184541 
           1115       0.0526568 
           1125       0.0737876 
           1135        0.104302 
           1145        0.122287 
           1155        0.122762 
           1165        0.136624 
           1175        0.133577 
           1185        0.271931 
           1195       0.0822775 
           1205       0.0730355 
           1215       0.0524789 
           1225         0.10533 
           1235        0.188147 
           1245        0.285386 
           1255        0.551906 
           1265        0.855032 
           1275         1.31545 
           1285         2.09776 
           1295         2.96864 
           1305         3.79069 
           1315         5.40468 
           1325         7.24265 
           1335         9.16994 
           1345          11.889 
           1355         14.2222 
           1365         18.1728 
           1375         21.5761 
           1385           25.71 
           1395         31.1427 
           1405         36.8537 
           1415         44.2824 
           1425         50.3716 
           1435         57.0484 
           1442         68.6383 
           1447         70.5326 
           1455         82.6802 
           1465         91.1902 
           1475         105.679 
           1485         120.772 
           1495         143.857 
           1505         166.491 
           1512         175.417 
           1517         188.079 
           1525         217.699 
           1535         294.959 
           1545         345.255 
           1555         390.623 
           1565         395.814 
           1575           498.6 
           1585         567.068 
           1595         660.484 
           1605         703.304 
           1615         796.364 
           1625         872.507 
           1635         1078.71 
           1645         1337.25 
           1655         1120.34 
           1665         1707.38 
           1672         1404.99 
           1677         1871.37 
           1685         2357.32 
           1695         2896.58 
           1705         4179.11 
           1715         8103.99 
           1725         14224.1 
           1735         21886.2 
           1745         26133.3 
           1755         39908.5 
           1765         34672.3 
           1775         47906.9 
           1785         53398.2 
           1795         85246.4 
           1805         63696.6 
           1815         84507.9 
           1825         75481.1 
           1835         96138.5 
           1845         77781.2 
           1855          100791 
           1865          131240 
           1875          131805 
           1885          147099 
           1895          172082 
           1905          166138 
           1915          186463 
           1925          177170 
           1935          105234 
           1945          233505 
           1955          258524 
           1967          307160 
           1976          304272 
           1984          303240 
           1995          316706 
           2005          314080 
           2015          324665 
           2025          286813 
           2035          380320 
           2045          432984 
           2055          420778 
           2065          399998 
           2074          515233 
           2078          610860 
           2085          600023 
           2095          594609 
           2105          590963 
           2115          655079 
           2125          615356 
           2135          536429 
           2145          678011 
           2155          697011 
           2165          661314 
           2175          680978 
           2185          760344 
           2195          874339 
           2205          836673 
           2215          722418 
           2225          763865 
           2235          964520 
           2245          897718 
           2255          762864 
           2265          758860 
           2275          906371 
           2285          980421 
           2295          890928 
           2305      1.02219e+6 
           2315      1.01064e+6 
           2325          978477 
           2335          708239 
           2345          507318 
           2355          930611 
           2365          551836 
           2375          801263 
           2385          394159 
           2395          558616 
           2405          557198 
           2415          704661 
           2425      1.15268e+6 
           2435      1.16249e+6 
           2445      1.30689e+6 
           2455      1.30558e+6 
           2465      1.33084e+6 
           2475      1.17989e+6 
           2485      1.05926e+6 
           2495      1.07481e+6 
           2505       1.4895e+6 
           2513      1.13123e+6 
           2518      1.06186e+6 
           2525          902821 
           2535          962426 
           2545      1.07301e+6 
           2555      1.29414e+6 
           2565       1.1692e+6 
           2575      1.37087e+6 
           2585      1.27194e+6 
           2595       1.1939e+6 
           2605      1.01138e+6 
           2615          921023 
           2625      1.27792e+6 
           2635      1.65874e+6 
           2645      2.22666e+6 
           2655      2.42626e+6 
           2665      2.00888e+6 
           2675      2.22369e+6 
           2685      2.31779e+6 
           2695      1.96663e+6 
           2705      2.15889e+6 
           2715      1.83499e+6 
           2725      1.89485e+6 
           2735      2.07069e+6 
           2745      1.28543e+6 
           2755      1.62931e+6 
           2765       1.9101e+6 
           2775      2.22839e+6 
           2785      1.75036e+6 
           2795          465114 
           2805          663440 
           2815      2.27372e+6 
           2825      2.67556e+6 
           2835      2.60281e+6 
           2845      2.47899e+6 
           2855      1.94969e+6 
           2865      2.64741e+6 
           2875       2.6792e+6 
           2885      2.69515e+6 
           2895       2.6406e+6 
           2910      3.14037e+6 
           2930       3.0427e+6 
           2950      3.02293e+6 
           2970      3.21191e+6 
           2990      3.23326e+6 
           3010      3.35065e+6 
           3030      3.39257e+6 
           3050      3.50584e+6 
           3070      3.51903e+6 
           3090      3.61586e+6 
           3110      3.57266e+6 
           3130      3.57153e+6 
           3150      3.67872e+6 
           3170      3.80895e+6 
           3190       3.5418e+6 
           3210      3.77055e+6 
           3230      3.53648e+6 
           3250      3.88731e+6 
           3270      4.14079e+6 
           3290      4.20162e+6 
           3310      4.32018e+6 
           3330       4.2467e+6 
           3350        4.224e+6 
           3370      4.04265e+6 
           3390      4.23505e+6 
           3410      4.27203e+6 
           3430      4.49549e+6 
           3450      4.47169e+6 
           3470      4.44407e+6 
           3490      4.47927e+6 
           3510      4.62713e+6 
           3530      4.54885e+6 
           3550      4.87947e+6 
           3570      4.54828e+6 
           3590      4.54305e+6 
           3610      4.66427e+6 
           3630      4.77198e+6 
           3640      4.72078e+6 
           3650      5.02551e+6 
           3670      4.94375e+6 
           3690      5.03473e+6 
           3710      5.86685e+6 
           3730       6.2406e+6 
           3750      7.11908e+6 
           3770      7.44717e+6 
           3790      7.94106e+6 
           3810      8.48284e+6 
           3830      7.49483e+6 
           3850      8.64781e+6 
           3870      8.81347e+6 
           3890      7.73993e+6 
           3910      8.66536e+6 
           3930      6.41066e+6 
           3950      8.56874e+6 
           3970      6.52737e+6 
           3990      9.07955e+6 
           4010      9.33009e+6 
           4030      9.26717e+6 
           4050      9.26728e+6 
           4070      9.14026e+6 
           4090      9.26706e+6 
           4110      8.43332e+6 
           4130      9.29935e+6 
           4150      9.38646e+6 
           4170       9.3326e+6 
           4190      9.25746e+6 
           4210      9.23603e+6 
           4230      9.10931e+6 
           4250      9.20774e+6 
           4270      9.20289e+6 
           4290      8.95168e+6 
           4310      8.43966e+6 
           4330      8.88973e+6 
           4350      8.36639e+6 
           4370      9.31797e+6 
           4390      9.14295e+6 
           4410      9.09179e+6 
           4430      9.26538e+6 
           4450       9.1859e+6 
           4470      9.18967e+6 
           4490       9.2971e+6 
           4510      9.44356e+6 
           4530       9.1318e+6 
           4550      9.11539e+6 
           4570      9.37959e+6 
           4590      9.21005e+6 
           4610      9.34214e+6 
           4630      9.25001e+6 
           4650       9.2741e+6 
           4670      9.33303e+6 
           4690      9.30687e+6 
           4710      9.14529e+6 
           4730      9.25587e+6 
           4750      9.27226e+6 
           4770      9.22795e+6 
           4790      9.17683e+6 
           4810       9.1816e+6 
           4830      9.12138e+6 
           4850      8.80175e+6 
           4870      7.93586e+6 
           4890      8.93831e+6 
           4910      8.96784e+6 
           4930      8.80703e+6 
           4950      8.90313e+6 
           4970      8.98414e+6 
           4990       8.7528e+6 
           5010      8.58654e+6 
           5030      8.80845e+6 
           5050      8.71799e+6 
           5070      8.80793e+6 
           5090      8.69944e+6 
           5110      8.68933e+6 
           5130      8.60353e+6 
           5150      8.49621e+6 
           5170      8.34026e+6 
           5190      8.34016e+6 
           5210      8.33051e+6 
           5230      8.36829e+6 
           5250      8.52061e+6 
           5270      8.19006e+6 
           5290      8.42913e+6 
           5310      8.41252e+6 
           5330      8.21742e+6 
           5350      8.36103e+6 
           5370      8.28881e+6 
           5390      8.25801e+6 
           5410      8.16926e+6 
           5430      8.17768e+6 
           5450      8.19996e+6 
           5470       8.1741e+6 
           5490      8.17965e+6 
           5510      8.13688e+6 
           5530      8.10523e+6 
           5550      8.14085e+6 
           5570      8.03562e+6 
           5590      7.98582e+6 
           5610      7.97483e+6 
           5630      8.00931e+6 
           5650      7.95897e+6 
           5670      7.89729e+6 
           5690      7.91402e+6 
           5710      7.85139e+6 
           5730      7.88377e+6 
           5750      7.83369e+6 
           5770      7.81094e+6 
           5790      7.76977e+6 
           5810      7.74963e+6 
           5830      7.72692e+6 
           5850      7.66438e+6 
           5870      7.65083e+6 
           5890      7.52045e+6 
           5910      7.58828e+6 
           5930      7.55839e+6 
           5950      7.53374e+6 
           5970      7.50258e+6 
           5990      7.46621e+6 
           6010      7.42704e+6 
           6030      7.39453e+6 
           6050      7.38566e+6 
           6070      7.35373e+6 
           6090      7.31394e+6 
           6110       7.2729e+6 
           6130       7.1776e+6 
           6150      7.16157e+6 
           6170      7.11937e+6 
           6190      7.15062e+6 
           6210      7.13287e+6 
           6230      7.07036e+6 
           6250        6.984e+6 
           6270      7.04042e+6 
           6290      7.01181e+6 
           6310      6.94841e+6 
           6330      6.93363e+6 
           6350      6.92179e+6 
           6370      6.89027e+6 
           6390      6.85874e+6 
           6410      6.79336e+6 
           6430      6.77586e+6 
           6450      6.73264e+6 
           6470      6.72069e+6 
           6490      6.64123e+6 
           6510      6.67729e+6 
           6530      6.65032e+6 
           6550      6.49403e+6 
           6570      5.79291e+6 
           6590      6.53055e+6 
           6610      6.54265e+6 
           6630      6.52372e+6 
           6650      6.49315e+6 
           6670      6.45206e+6 
           6690      6.44208e+6 
           6710      6.40583e+6 
           6730      6.38494e+6 
           6750       6.3508e+6 
           6770      6.32566e+6 
           6790      6.29785e+6 
           6810      6.26944e+6 
           6830      6.24336e+6 
           6850      6.20912e+6 
           6870      6.18707e+6 
           6890      6.16342e+6 
           6910      6.13466e+6 
           6930      6.10817e+6 
           6950      6.07969e+6 
           6970      6.05548e+6 
           6990      6.02843e+6 
           7010      5.98971e+6 
           7030      5.97169e+6 
           7050      5.94884e+6 
           7070      5.92021e+6 
           7090      5.89397e+6 
           7110      5.86362e+6 
           7130      5.83373e+6 
           7150      5.80512e+6 
           7170      5.78429e+6 
           7190      5.74333e+6 
           7210      5.72275e+6 
           7230       5.7054e+6 
           7250      5.68694e+6 
           7270      5.66147e+6 
           7290       5.6235e+6 
           7310      5.60334e+6 
           7330      5.57659e+6 
           7350      5.55981e+6 
           7370      5.53911e+6 
           7390      5.50289e+6 
           7410      5.46349e+6 
           7430      5.44994e+6 
           7450      5.42975e+6 
           7470       5.4101e+6 
           7490      5.38017e+6 
           7510      5.35636e+6 
           7530      5.33904e+6 
           7550      5.32024e+6 
           7570      5.29223e+6 
           7590      5.26817e+6 
           7610      5.24546e+6 
           7630      5.22337e+6 
           7650      5.19944e+6 
           7670       5.1584e+6 
           7690      5.15326e+6 
           7710       5.1156e+6 
           7730      5.10158e+6 
           7750      5.07447e+6 
           7770      5.04932e+6 
           7790       5.0395e+6 
           7810       5.0186e+6 
           7830      4.98882e+6 
           7850      4.96777e+6 
           7870       4.9515e+6 
           7890      4.92873e+6 
           7910      4.90486e+6 
           7930      4.86966e+6 
           7950      4.84954e+6 
           7970      4.84243e+6 
           7990      4.82076e+6 
           8010      4.79384e+6 
           8030      4.77472e+6 
           8050      4.74917e+6 
           8070      4.73445e+6 
           8090      4.70629e+6 
           8110      4.69244e+6 
           8130      4.67246e+6 
           8150      4.65086e+6 
           8170      4.62993e+6 
           8190      4.58358e+6 
           8210      4.58134e+6 
           8230      4.55148e+6 
           8250      4.54018e+6 
           8270      4.52904e+6 
           8290      4.50793e+6 
           8310      4.48255e+6 
           8330      4.43472e+6 
           8350      4.44419e+6 
           8370      4.41749e+6 
           8390      4.37922e+6 
           8410      4.37685e+6 
           8430      4.36262e+6 
           8450      4.33878e+6 
           8470      4.28896e+6 
           8490      4.31822e+6 
           8510       4.1501e+6 
           8530      4.29045e+6 
           8550      3.94733e+6 
           8570      4.27486e+6 
           8590      4.21367e+6 
           8610      4.14904e+6 
           8630      4.22801e+6 
           8650      4.19882e+6 
           8670      3.86262e+6 
           8690      4.14618e+6 
           8710       4.1654e+6 
           8730      4.13892e+6 
           8750       3.9607e+6 
           8770      4.09572e+6 
           8790      4.09139e+6 
           8810      4.05206e+6 
           8830       4.0403e+6 
           8850      4.01109e+6 
           8870      3.85363e+6 
           8890      4.00101e+6 
           8910      3.98411e+6 
           8930         3.96e+6 
           8950       3.9505e+6 
           8970      3.93595e+6 
           8990      3.91617e+6 
           9010      3.73634e+6 
           9030      3.84529e+6 
           9050      3.86957e+6 
           9070      3.82843e+6 
           9090      3.78129e+6 
           9110      3.80251e+6 
           9130       3.8021e+6 
           9150      3.78635e+6 
           9170      3.76967e+6 
           9190      3.75422e+6 
           9210      3.70893e+6 
           9230      3.53633e+6 
           9250      3.66966e+6 
           9270      3.68335e+6 
           9290      3.67274e+6 
           9310      3.65793e+6 
           9330      3.64145e+6 
           9350      3.62537e+6 
           9370      3.60896e+6 
           9390      3.59497e+6 
           9410      3.54244e+6 
           9430      3.55996e+6 
           9450      3.54474e+6 
           9470      3.53395e+6 
           9490      3.51953e+6 
           9510      3.50278e+6 
           9530      3.47316e+6 
           9550      3.30658e+6 
           9570      3.44711e+6 
           9590      3.44434e+6 
           9610      3.42414e+6 
           9630      3.40323e+6 
           9650      3.39594e+6 
           9670      3.37102e+6 
           9690      3.36944e+6 
           9710      3.35721e+6 
           9730      3.34283e+6 
           9750      3.32437e+6 
           9770      3.31397e+6 
           9790      3.29939e+6 
           9810      3.28696e+6 
           9830      3.27306e+6 
           9850      3.25846e+6 
           9870       3.2436e+6 
           9890      3.22692e+6 
           9910      3.21601e+6 
           9930      3.20433e+6 
           9950       3.1915e+6 
           9970      3.17841e+6 
           9990      3.16501e+6 
          10025      3.12211e+6 
          10075      3.05123e+6 
          10125      3.07361e+6 
          10175      3.04216e+6 
          10225      3.01256e+6 
          10275      2.98345e+6 
          10325      2.94385e+6 
          10375      2.92055e+6 
          10425      2.89288e+6 
          10475      2.85362e+6 
          10525      2.83364e+6 
          10575       2.8029e+6 
          10625      2.77031e+6 
          10675      2.72369e+6 
          10725      2.71204e+6 
          10775       2.6858e+6 
          10825       2.6513e+6 
          10875       2.6316e+6 
          10925      2.53844e+6 
          10975       2.5747e+6 
          11025      2.56342e+6 
          11075      2.54036e+6 
          11125      2.51392e+6 
          11175      2.48852e+6 
          11225       2.4667e+6 
          11275      2.43666e+6 
          11325      2.41428e+6 
          11375      2.39386e+6 
          11425      2.36637e+6 
          11475      2.35077e+6 
          11525      2.32869e+6 
          11575      2.30544e+6 
          11625        2.276e+6 
          11675       2.2547e+6 
          11725      2.24247e+6 
          11775      2.20806e+6 
          11825      2.18981e+6 
          11875      2.16873e+6 
          11925       2.1607e+6 
          11975      2.12407e+6 
          12025      2.11619e+6 
          12075      2.09413e+6 
          12125      2.08002e+6 
          12175      2.06373e+6 
          12225      2.04492e+6 
          12275      2.02482e+6 
          12325      2.00815e+6 
          12375      1.99001e+6 
          12425      1.97256e+6 
          12475      1.95543e+6 
          12525      1.93759e+6 
          12575      1.91957e+6 
          12625      1.90243e+6 
          12675      1.88717e+6 
          12725      1.87127e+6 
          12775      1.85008e+6 
          12825      1.75368e+6 
          12875      1.81979e+6 
          12925      1.80709e+6 
          12975      1.79227e+6 
          13025      1.77692e+6 
          13075       1.7623e+6 
          13125      1.74555e+6 
          13175      1.72978e+6 
          13225      1.71824e+6 
          13275      1.70243e+6 
          13325      1.68919e+6 
          13375      1.67515e+6 
          13425      1.66199e+6 
          13475       1.6482e+6 
          13525      1.63441e+6 
          13575      1.61992e+6 
          13625      1.60779e+6 
          13675      1.59473e+6 
          13725      1.57863e+6 
          13775      1.56824e+6 
          13825      1.55572e+6 
          13875      1.54425e+6 
          13925      1.53166e+6 
          13975      1.51955e+6 
          14025      1.50668e+6 
          14075      1.49577e+6 
          14125      1.48274e+6 
          14175       1.4723e+6 
          14225      1.45838e+6 
          14275      1.44618e+6 
          14325      1.43763e+6 
          14375      1.42693e+6 
          14425      1.40536e+6 
          14475      1.40446e+6 
          14525      1.38656e+6 
          14570      1.38168e+6 
          14620      1.37156e+6 
          14675      1.36123e+6 
          14725      1.34908e+6 
          14775      1.33831e+6 
          14825      1.32887e+6 
          14875      1.31139e+6 
          14925      1.31014e+6 
          14975      1.29889e+6 
          15025      1.28003e+6 
          15075      1.27274e+6 
          15125      1.26783e+6 
          15175      1.25787e+6 
          15225      1.24974e+6 
          15275      1.23416e+6 
          15325      1.22402e+6 
          15375      1.22152e+6 
          15425      1.19773e+6 
          15475      1.20375e+6 
          15525      1.19579e+6 
          15575      1.16059e+6 
          15625      1.18398e+6 
          15675       1.1612e+6 
          15725      1.12731e+6 
          15775      1.15167e+6 
          15825      1.14703e+6 
          15875      1.07518e+6 
          15925      1.12386e+6 
          15975      1.12339e+6 
          16050      1.10394e+6 
          16150      1.05503e+6 
          16250      1.07608e+6 
          16350      1.04471e+6 
          16450          994217 
          16550      1.01325e+6 
          16650          992245 
          16750          960842 
          16850          913195 
          16950          931994 
          17050          912009 
          17150          893399 
          17250          873829 
          17350          817429 
          17450          836246 
          17550          823184 
          17650          806312 
          17750          790927 
          17850          775421 
          17950          760527 
          18050          744908 
          18150          700413 
          18250          711930 
          18350          702614 
          18450          688478 
          18550          675699 
          18650          661822 
          18750          617641 
          18850          636127 
          18950          623682 
          19050          614410 
          19150          602823 
          19250          591655 
          19350          579539 
          19450          545423 
          19550          558526 
          19650          549294 
          19750          538337 
          19850          529495 
          19950          519978 
          20050          510934 
          20150          501950 
          20250          492788 
          20350          483718 
          20450          475755 
          20550          467381 
          20650          458819 
          20750          451108 
          20850          443360 
          20950          435395 
          21050          428182 
          21150          420706 
          21250          413536 
          21350          406580 
          21450          399899 
          21550          392822 
          21650          371728 
          21750          379124 
          21850          373508 
          21950          367649 
          22050          361153 
          22150          355435 
          22250          349789 
          22350          344094 
          22450          338532 
          22550          332676 
          22650          327571 
          22750          322398 
          22850          317201 
          22950          312218 
          23050          307395 
          23150          302503 
          23250          297815 
          23350          293100 
          23450          288619 
          23550          284108 
          23650          279730 
          23750          275363 
          23850          271091 
          23950          266993 
          24050          262843 
          24150          258746 
          24250          255149 
          24350          250891 
          24450          247047 
          24550          243714 
          24650          239837 
          24750          236242 
          24850          233009 
          24950          228264 
          25050          226679 
          25150          223397 
          25250          217826 
          25350          216978 
          25450          214195 
          25550          210790 
          25650          204540 
          25750          204989 
          25850          201945 
          25950          199329 
          26050          196003 
          26150          189708 
          26250          184406 
          26350          187897 
          26450          185602 
          26550          182972 
          26650          179962 
          26750          173775 
          26850          175441 
          26950          173192 
          27050          170792 
          27150          168473 
          27250          166178 
          27350          163923 
          27450          161711 
          27550          155858 
          27650          156734 
          27750          155259 
          27850          153199 
          27950          151174 
          28050          149159 
          28150          147193 
          28250          145247 
          28350          143347 
          28450          141443 
          28550          139613 
          28650          137520 
          28750          132641 
          28850          134226 
          28950          132522 
          29050          130821 
          29150          129132 
          29250          127475 
          29350          125882 
          29450          124269 
          29550          122713 
          29650          121167 
          29750          119638 
          29850          118149 
          29950          116664 
          30050          115209 
          30150          113787 
          30250          112373 
          30350          108758 
          30450          108972 
          30550          108276 
          30650          106941 
          30750          105657 
          30850          104347 
          30950          103084 
          31050          101847 
          31150          100503 
          31250         99405.5 
          31350         98220.3 
          31450         97044.4 
          31550         95858.7 
          31650         94761.3 
          31750         93619.7 
          31850         92527.7 
          31950         91447.4 
          32100         89830.7 
          32300         87753.9 
          32500         85728.5 
          32700         83759.9 
          32900         80743.4 
          33100         79901.3 
          33300         78237.7 
          33500           76504 
          33700         74782.6 
          33900         73112.8 
          34100         71499.6 
          34300         69966.9 
          34500         68445.9 
          34700         66958.3 
          34900         65515.7 
          35100         64092.4 
          35300         62715.2 
          35500         61373.8 
          35700         60061.4 
          35900         58838.7 
          36100         57572.8 
          36300         56419.8 
          36500         55172.6 
          36700         54097.4 
          36900         52881.7 
          37100         51897.1 
          37300         50708.4 
          37500         49279.6 
          37700           48835 
          37900         47861.9 
          38100         46800.2 
          38300         45937.7 
          38500           45083 
          38700         44190.6 
          38900         43331.6 
          39100         42307.9 
          39300         41675.9 
          39500         40873.4 
          39700         40096.9 
          39900         39317.3 
          40100         38525.5 
          40300         37687.1 
          40500           36760 
          40700         36451.9 
          40900         35774.2 
          41100         35116.9 
          41300         34470.6 
          41500         33835.1 
          41700         32997.9 
          41900         32612.8 
          42100         32008.2 
          42300         31451.5 
          42500           30885 
          42700           30336 
          42900           29798 
          43100         29266.5 
          43300         28747.6 
          43500           28243 
          43700         27553.1 
          43900         27255.7 
          44100         26784.3 
          44300         26326.1 
          44500           25875 
          44700         25440.3 
          44900         25006.8 
          45100         24581.8 
          45300         24168.7 
          45500         23763.8 
          45700         23365.1 
          45900           22976 
          46100           22598 
          46300         22223.9 
          46500         21660.3 
          46700         21345.6 
          46900         21150.3 
          47100         20811.4 
          47300         20474.1 
          47500         20143.4 
          47700         19820.9 
          47900         19504.7 
          48100           19193 
          48300           18889 
          48500         18589.4 
          48700         18297.3 
          48900         18009.3 
          49100         17728.5 
          49300         17453.2 
          49500         17181.7 
          49700         16915.6 
          49900         16657.7 
          50100         16401.9 
          50300         16148.2 
          50500         15905.3 
          50700         15665.7 
          50900         15423.6 
          51100         15196.4 
          51300         14867.7 
          51500         14746.7 
          51700         14521.5 
          51900         14311.9 
          52100         14100.9 
          52300         13894.1 
          52500         13690.1 
          52700         13480.4 
          52900         13295.1 
          53100         13102.9 
          53300         12913.7 
          53500         12728.2 
          53700         12535.7 
          53900         12360.4 
          54100         12191.4 
          54300         12017.2 
          54500         11848.9 
          54700         11678.5 
          54900         11517.8 
          55100         11357.1 
          55300         11178.6 
          55500         11043.6 
          55700         10890.9 
          55900         10738.3 
          56100         10593.2 
          56300         10447.8 
          56500         10306.1 
          56700         10165.9 
          56900         10027.7 
          57100         9867.34 
          57300         9759.56 
          57500         9628.66 
          57700         9499.57 
          57900         9373.26 
          58100         9248.79 
          58300         9126.48 
          58500         9007.16 
          58700         8888.38 
          58900         8771.22 
          59100         8603.66 
          59300         8544.76 
          59500         8402.18 
          59700         8323.35 
          59900         8217.36 
          60100         8111.24 
          60300         8007.89 
          60500         7905.63 
          60700         7804.85 
          60900         7705.32 
          61100         7607.02 
          61300         7512.15 
          61500         7418.05 
          61700         7325.01 
          61900         7233.51 
          62100         7143.42 
          62300         7053.47 
          62500         6967.12 
          62700         6881.06 
          62900          6769.1 
          63100         6712.82 
          63300         6631.35 
          63500          6550.5 
          63700         6470.81 
          63900         6392.35 
          64200         6277.18 
          64600          6127.1 
          65000         5981.57 
          65400         5840.89 
          65800         5703.97 
          66200         5570.94 
          66600         5441.97 
          67000         5316.51 
          67400         5194.46 
          67800         5065.49 
          68200         4961.38 
          68600         4849.73 
          69000         4741.13 
          69400         4635.16 
          69800         4532.93 
          70200         4432.88 
          70600         4335.93 
          71000          4241.1 
          71400         4149.67 
          71800         4060.23 
          72200         3973.16 
          72600         3887.62 
          73000         3806.11 
          73400         3725.72 
          73800          3647.6 
          74200          3571.5 
          74600         3484.97 
          75000         3406.17 
          75400         3354.69 
          75800         3286.13 
          76200         3219.28 
          76600         3154.16 
          77000         3090.66 
          77400         3028.73 
          77800         2966.55 
          78200         2909.48 
          78600         2852.08 
          79000          2796.1 
          79400         2741.41 
          79800         2688.14 
          80200         2636.09 
          80600         2585.29 
          81000         2535.76 
          81400         2485.09 
          81800         2440.12 
          82200         2394.08 
          82600         2349.02 
          83000         2305.05 
          83400         2262.09 
          83800         2220.16 
          84200         2179.19 
          84600         2139.16 
          85000         2100.04 
          85400         2061.82 
          85800         2024.42 
          86200         1987.93 
          86600         1949.81 
          87000         1917.29 
          87400         1881.34 
          87800         1847.82 
          88200         1817.15 
          88600         1785.23 
          89000            1754 
          89400         1723.49 
          89800         1693.59 
          90200         1664.34 
          90600         1635.77 
          91000         1607.73 
          91400         1580.34 
          91800         1553.55 
          92200         1527.33 
          92600          1501.6 
          93000         1476.47 
          93400          1451.8 
          93800         1425.66 
          94200         1404.07 
          94600         1380.94 
          95000         1358.27 
          95400         1335.98 
          95800         1314.34 
          96200         1293.01 
          96600         1272.15 
          97000         1251.71 
          97400         1231.64 
          97800         1211.97 
          98200         1192.74 
          98600         1173.67 
          99000         1155.37 
          99400         1137.24 
          99800         1119.44 
         100200            1102 
         200000         72.0712 
         400000         4.57397 
         600000        0.904402 
         800000        0.285555 
         1.0e+6         0.11662 
         1.2e+6       0.0560673 
         1.4e+6        0.030173 
         1.6e+6       0.0176356 
