# Kurucz ODFNEW /NOVER (2003)
# teff = 17000 K (value for the effective temperature for the model. Temperatures are given in K)
# logg = 4.5 log(cm/s2) (value for Log(G) for the model.)
# meta = 0.2  (value for the Metallicity for the model.)
# lh = 1.25  (l/Hp where l is the  mixing length of the convective element and Hp is the pressure scale height)
# vtur = 2 km/s (Microturbulence velocity)
# alpha = 0  (Alpha)
#
# column 1: WAVELENGTH (ANGSTROM), Wavelength in Angstrom
# column 2: FLUX (ERG/CM2/S/A), Flux in erg/cm2/s/A
          158.8     3.33907e-22 
            162     1.61607e-21 
            166      1.0262e-20 
          170.3     6.77726e-20 
          173.4     2.50075e-19 
          176.8     9.93617e-19 
          180.2     3.75279e-18 
          181.7     6.63852e-18 
          186.1     3.36164e-17 
            191     1.87533e-16 
          193.9     4.96177e-16 
          198.4     2.12528e-15 
          201.8     6.13247e-15 
            205     1.61413e-14 
          210.5     7.89529e-14 
          216.2     3.75952e-13 
          219.8     9.66464e-13 
            223     2.17368e-12 
          226.8     5.53564e-12 
            230     1.19727e-11 
            234     3.22982e-11 
            240     1.22581e-10 
          246.5      4.8038e-10 
          252.4      1.56184e-9 
          256.8       3.6139e-9 
            260      6.58831e-9 
            264      1.35874e-8 
          268.5      2.98249e-8 
          273.5      6.92295e-8 
          278.5      1.56273e-7 
            284      3.70041e-7 
            290      9.10153e-7 
            296       2.1529e-6 
            301      4.30282e-6 
            308      1.08729e-5 
            318       3.8342e-5 
            328     0.000123873 
            338     0.000375067 
            348      0.00105997 
            357       0.0025796 
            366       0.0059869 
            375        0.013233 
            385       0.0306213 
            395       0.0676266 
            405        0.143535 
            414         0.27363 
            422        0.472742 
            430        0.798344 
            441         1.59793 
            451         2.90436 
            460         4.85066 
            470         8.37997 
            480         14.1187 
            490         23.2675 
            500         37.4921 
            506         387.491 
            512         1522.62 
            520          2025.9 
            530         2944.23 
            540         3739.65 
            550         5677.34 
            560         7521.49 
            570           10213 
            580         12356.8 
            590         17823.5 
            600         23198.2 
            610           30355 
            620         37427.9 
            630         46838.2 
            640         55702.8 
            650         66804.6 
            658         83010.1 
            665         92958.8 
            675          110656 
            685          133053 
            695          162336 
            705          190796 
            716          228012 
            726          266482 
            735          303643 
            745          359099 
            755          417993 
            765          482666 
            775          557908 
            785          641245 
            795          721599 
            805          818715 
            815          917513 
            825      1.04469e+6 
            835      1.14598e+6 
            845      1.29244e+6 
            855      1.44667e+6 
            865      1.62036e+6 
            875      1.81071e+6 
            885      2.03241e+6 
            895      2.24366e+6 
            905      2.39485e+6 
            915      5.52883e+6 
            925      2.34027e+7 
            935      4.75919e+7 
            945      1.75311e+8 
            955      5.49423e+8 
            965      8.25813e+8 
            975       1.9459e+8 
            985      1.44755e+9 
            995      1.51011e+9 
           1005      1.86435e+9 
           1015      1.44552e+9 
           1025      1.69686e+8 
           1035      8.24164e+8 
           1045      2.46756e+9 
           1055      2.72857e+9 
           1065      2.19685e+9 
           1075      2.80305e+9 
           1085      2.52178e+9 
           1095      2.93692e+9 
           1105       2.5797e+9 
           1115      2.66923e+9 
           1125      2.70537e+9 
           1135      3.36102e+9 
           1145      2.89194e+9 
           1155      3.21428e+9 
           1165      3.49465e+9 
           1175      2.85694e+9 
           1185      3.43456e+9 
           1195      1.62123e+9 
           1205      1.05002e+9 
           1215      2.18059e+8 
           1225      1.04675e+9 
           1235      3.13714e+9 
           1245      3.71498e+9 
           1255      3.73183e+9 
           1265      3.11135e+9 
           1275      3.65322e+9 
           1285      4.05996e+9 
           1295      2.64133e+9 
           1305      2.05108e+9 
           1315      3.67356e+9 
           1325      3.58549e+9 
           1335      3.06165e+9 
           1345      3.75308e+9 
           1355      3.57047e+9 
           1365      3.12892e+9 
           1375      3.31233e+9 
           1385      3.38251e+9 
           1395      3.11737e+9 
           1405      3.22143e+9 
           1415      3.05244e+9 
           1425      3.19287e+9 
           1435      3.12108e+9 
           1442      3.34921e+9 
           1447      3.35345e+9 
           1455      3.27076e+9 
           1465      3.05126e+9 
           1475      2.96812e+9 
           1485      2.93734e+9 
           1495      3.01346e+9 
           1505      2.80606e+9 
           1512      2.53527e+9 
           1517       2.7291e+9 
           1525      2.69585e+9 
           1535      2.43204e+9 
           1545      2.57758e+9 
           1555      2.39948e+9 
           1565      2.38368e+9 
           1575      2.50842e+9 
           1585      2.58019e+9 
           1595      2.62227e+9 
           1605       2.5135e+9 
           1615      2.53779e+9 
           1625      2.38311e+9 
           1635      2.49765e+9 
           1645      2.49717e+9 
           1655      2.26861e+9 
           1665      2.48754e+9 
           1672      2.32984e+9 
           1677      2.41309e+9 
           1685      2.50633e+9 
           1695      2.36119e+9 
           1705      2.22601e+9 
           1715      2.06526e+9 
           1725      2.03898e+9 
           1735      2.15158e+9 
           1745      2.08183e+9 
           1755      2.19492e+9 
           1765       1.9834e+9 
           1775      2.03107e+9 
           1785      2.07104e+9 
           1795       2.1653e+9 
           1805      2.14461e+9 
           1815       1.9638e+9 
           1825      2.00805e+9 
           1835      1.90545e+9 
           1845      1.76588e+9 
           1855      1.69686e+9 
           1865      1.73926e+9 
           1875      1.91535e+9 
           1885      1.74156e+9 
           1895      1.64434e+9 
           1905      1.76363e+9 
           1915      1.66513e+9 
           1925      1.62978e+9 
           1935      1.68945e+9 
           1945      1.70628e+9 
           1955       1.5835e+9 
           1967      1.72217e+9 
           1976      1.78158e+9 
           1984       1.6567e+9 
           1995      1.59901e+9 
           2005      1.64551e+9 
           2015      1.54822e+9 
           2025      1.67426e+9 
           2035      1.54841e+9 
           2045      1.57735e+9 
           2055      1.49977e+9 
           2065      1.52972e+9 
           2074      1.58286e+9 
           2078      1.49467e+9 
           2085      1.54558e+9 
           2095      1.44786e+9 
           2105      1.47231e+9 
           2115      1.46962e+9 
           2125      1.48802e+9 
           2135      1.40097e+9 
           2145      1.40693e+9 
           2155      1.44761e+9 
           2165      1.39858e+9 
           2175       1.3805e+9 
           2185      1.33546e+9 
           2195      1.37265e+9 
           2205       1.3328e+9 
           2215      1.28578e+9 
           2225      1.22494e+9 
           2235      1.29387e+9 
           2245      1.23946e+9 
           2255      1.19012e+9 
           2265      1.21745e+9 
           2275      1.23836e+9 
           2285      1.24638e+9 
           2295      1.19584e+9 
           2305      1.15777e+9 
           2315      1.11236e+9 
           2325      1.10121e+9 
           2335      1.04992e+9 
           2345       1.0268e+9 
           2355      1.05268e+9 
           2365       1.0015e+9 
           2375      1.01465e+9 
           2385      9.61986e+8 
           2395      1.02175e+9 
           2405      9.68459e+8 
           2415      9.80867e+8 
           2425      9.98611e+8 
           2435      9.49126e+8 
           2445      9.89399e+8 
           2455      9.64666e+8 
           2465      9.60079e+8 
           2475      9.27183e+8 
           2485       9.6848e+8 
           2495       9.3489e+8 
           2505      9.64844e+8 
           2513      9.08779e+8 
           2518      9.39339e+8 
           2525      8.90471e+8 
           2535      8.91374e+8 
           2545        8.642e+8 
           2555       8.9369e+8 
           2565      8.80036e+8 
           2575      9.12474e+8 
           2585      9.06274e+8 
           2595      9.06184e+8 
           2605      8.76034e+8 
           2615      8.69182e+8 
           2625      8.68258e+8 
           2635      8.69439e+8 
           2645      8.91848e+8 
           2655      8.80814e+8 
           2665      8.42708e+8 
           2675      8.60163e+8 
           2685      8.48072e+8 
           2695      8.30171e+8 
           2705      8.31973e+8 
           2715      8.09553e+8 
           2725      8.01846e+8 
           2735      8.20419e+8 
           2745      7.66356e+8 
           2755      7.61001e+8 
           2765      7.69846e+8 
           2775      7.83827e+8 
           2785      7.80103e+8 
           2795      7.31129e+8 
           2805      7.55946e+8 
           2815      7.67605e+8 
           2825      7.55571e+8 
           2835      7.23486e+8 
           2845      7.12777e+8 
           2855      7.17082e+8 
           2865        7.287e+8 
           2875      7.14478e+8 
           2885      7.14105e+8 
           2895      7.08416e+8 
           2910      7.12387e+8 
           2930      6.92427e+8 
           2950      6.78654e+8 
           2970      6.71637e+8 
           2990      6.58932e+8 
           3010      6.55652e+8 
           3030      6.47722e+8 
           3050      6.33626e+8 
           3070       6.2208e+8 
           3090      6.14527e+8 
           3110      6.00494e+8 
           3130      5.92114e+8 
           3150      5.82986e+8 
           3170      5.72317e+8 
           3190      5.54575e+8 
           3210      5.52438e+8 
           3230      5.44318e+8 
           3250      5.36177e+8 
           3270      5.28934e+8 
           3290      5.20817e+8 
           3310      5.13924e+8 
           3330      5.04779e+8 
           3350      4.95212e+8 
           3370      4.87858e+8 
           3390       4.8025e+8 
           3410      4.73726e+8 
           3430      4.65464e+8 
           3450      4.57836e+8 
           3470      4.50665e+8 
           3490      4.44184e+8 
           3510      4.38372e+8 
           3530       4.3218e+8 
           3550      4.25709e+8 
           3570      4.19918e+8 
           3590       4.1157e+8 
           3610      4.06328e+8 
           3630      4.00119e+8 
           3640      3.98578e+8 
           3650      3.94841e+8 
           3670       3.9027e+8 
           3690      3.82675e+8 
           3710      3.70733e+8 
           3730      3.54258e+8 
           3750      3.81699e+8 
           3770      3.87547e+8 
           3790      4.29443e+8 
           3810       4.6442e+8 
           3830      3.90703e+8 
           3850      4.87073e+8 
           3870      5.14023e+8 
           3890      3.59399e+8 
           3910      5.10779e+8 
           3930      5.09862e+8 
           3950      4.96913e+8 
           3970      3.37531e+8 
           3990      4.72068e+8 
           4010      4.87238e+8 
           4030      4.56736e+8 
           4050      4.79338e+8 
           4070      4.62813e+8 
           4090      3.99451e+8 
           4110      3.32301e+8 
           4130       4.3027e+8 
           4150       4.3532e+8 
           4170      4.33255e+8 
           4190      4.29365e+8 
           4210      4.24105e+8 
           4230       4.1663e+8 
           4250       4.0911e+8 
           4270      3.97063e+8 
           4290       3.9515e+8 
           4310      3.83095e+8 
           4330      3.20992e+8 
           4350      2.85715e+8 
           4370      3.62429e+8 
           4390      3.53876e+8 
           4410      3.60572e+8 
           4430       3.5335e+8 
           4450      3.51418e+8 
           4470      3.29369e+8 
           4490      3.36476e+8 
           4510      3.36332e+8 
           4530      3.29991e+8 
           4550      3.25131e+8 
           4570       3.2166e+8 
           4590      3.16395e+8 
           4610      3.11937e+8 
           4630      3.05803e+8 
           4650      3.02237e+8 
           4670       2.9822e+8 
           4690      2.94346e+8 
           4710      2.84125e+8 
           4730      2.84152e+8 
           4750      2.79661e+8 
           4770      2.78264e+8 
           4790      2.73236e+8 
           4810      2.67191e+8 
           4830      2.59831e+8 
           4850      2.24973e+8 
           4870      1.94759e+8 
           4890      2.47239e+8 
           4910      2.48824e+8 
           4930      2.40516e+8 
           4950      2.44219e+8 
           4970      2.41662e+8 
           4990      2.37823e+8 
           5010      2.29189e+8 
           5030      2.30095e+8 
           5050      2.23549e+8 
           5070      2.24895e+8 
           5090      2.21634e+8 
           5110       2.1794e+8 
           5130      2.15228e+8 
           5150      2.11571e+8 
           5170      2.09754e+8 
           5190      2.07147e+8 
           5210      2.02229e+8 
           5230      2.01539e+8 
           5250       1.9931e+8 
           5270      1.96077e+8 
           5290      1.94732e+8 
           5310      1.91664e+8 
           5330      1.89234e+8 
           5350        1.864e+8 
           5370      1.84832e+8 
           5390      1.82412e+8 
           5410      1.79753e+8 
           5430      1.77115e+8 
           5450      1.75209e+8 
           5470      1.72671e+8 
           5490       1.7119e+8 
           5510       1.6882e+8 
           5530      1.66936e+8 
           5550       1.6494e+8 
           5570      1.62823e+8 
           5590      1.60888e+8 
           5610      1.58857e+8 
           5630      1.57315e+8 
           5650      1.53914e+8 
           5670      1.52349e+8 
           5690      1.51152e+8 
           5710      1.49668e+8 
           5730      1.47902e+8 
           5750      1.46123e+8 
           5770      1.44421e+8 
           5790      1.42582e+8 
           5810      1.40855e+8 
           5830      1.39236e+8 
           5850      1.37592e+8 
           5870      1.32326e+8 
           5890      1.33623e+8 
           5910      1.32709e+8 
           5930      1.31333e+8 
           5950       1.2909e+8 
           5970      1.28152e+8 
           5990      1.26395e+8 
           6010      1.25368e+8 
           6030      1.23864e+8 
           6050       1.2247e+8 
           6070       1.2103e+8 
           6090      1.19586e+8 
           6110      1.18381e+8 
           6130      1.17028e+8 
           6150      1.15053e+8 
           6170      1.14309e+8 
           6190      1.13119e+8 
           6210      1.11815e+8 
           6230      1.10448e+8 
           6250      1.08836e+8 
           6270      1.08066e+8 
           6290      1.06837e+8 
           6310      1.05517e+8 
           6330      1.04504e+8 
           6350      1.02445e+8 
           6370      1.01673e+8 
           6390      1.01028e+8 
           6410      9.98301e+7 
           6430      9.90005e+7 
           6450      9.77536e+7 
           6470      9.67452e+7 
           6490       9.5488e+7 
           6510      9.40932e+7 
           6530      9.22544e+7 
           6550      8.49278e+7 
           6570      7.31807e+7 
           6590      8.78322e+7 
           6610      8.91294e+7 
           6630      8.86096e+7 
           6650        8.789e+7 
           6670      8.62714e+7 
           6690      8.54533e+7 
           6710      8.51957e+7 
           6730      8.43324e+7 
           6750      8.34696e+7 
           6770      8.26401e+7 
           6790      8.16098e+7 
           6810       8.0885e+7 
           6830       7.9963e+7 
           6850      7.92471e+7 
           6870      7.84559e+7 
           6890      7.76566e+7 
           6910       7.6859e+7 
           6930      7.59281e+7 
           6950      7.53295e+7 
           6970      7.45876e+7 
           6990      7.38291e+7 
           7010      7.30435e+7 
           7030       7.2332e+7 
           7050      7.14446e+7 
           7070      7.00996e+7 
           7090       7.0239e+7 
           7110      6.94502e+7 
           7130      6.87914e+7 
           7150      6.81204e+7 
           7170      6.74815e+7 
           7190      6.68479e+7 
           7210      6.61949e+7 
           7230      6.50891e+7 
           7250      6.48437e+7 
           7270       6.4285e+7 
           7290      6.33812e+7 
           7310      6.30462e+7 
           7330      6.24382e+7 
           7350      6.18555e+7 
           7370      6.12602e+7 
           7390      6.06745e+7 
           7410      6.00956e+7 
           7430       5.9419e+7 
           7450      5.89124e+7 
           7470      5.82699e+7 
           7490      5.77718e+7 
           7510      5.72528e+7 
           7530      5.67377e+7 
           7550      5.62161e+7 
           7570      5.57012e+7 
           7590      5.51576e+7 
           7610       5.4682e+7 
           7630      5.41653e+7 
           7650      5.36565e+7 
           7670      5.31638e+7 
           7690      5.26692e+7 
           7710      5.21909e+7 
           7730      5.17031e+7 
           7750      5.12339e+7 
           7770      5.02442e+7 
           7790       5.0305e+7 
           7810      4.98556e+7 
           7830      4.94077e+7 
           7850      4.87699e+7 
           7870      4.83599e+7 
           7890      4.78252e+7 
           7910      4.76264e+7 
           7930      4.72349e+7 
           7950      4.66327e+7 
           7970      4.63782e+7 
           7990      4.57132e+7 
           8010      4.55727e+7 
           8030      4.51567e+7 
           8050       4.4743e+7 
           8070      4.43677e+7 
           8090      4.39609e+7 
           8110      4.35731e+7 
           8130       4.3188e+7 
           8150       4.2822e+7 
           8170       4.2467e+7 
           8190      4.20475e+7 
           8210      4.15545e+7 
           8230      4.11281e+7 
           8250      4.09871e+7 
           8270      4.06095e+7 
           8290      4.02625e+7 
           8310      3.99625e+7 
           8330      3.96297e+7 
           8350       3.9245e+7 
           8370      3.89378e+7 
           8390      3.86758e+7 
           8410      3.83227e+7 
           8430      3.79534e+7 
           8450      3.73292e+7 
           8470      3.72146e+7 
           8490      3.69119e+7 
           8510      3.63599e+7 
           8530      3.63952e+7 
           8550      3.52212e+7 
           8570      3.61065e+7 
           8590      3.46601e+7 
           8610      3.42919e+7 
           8630      3.56127e+7 
           8650      3.44307e+7 
           8670       3.1736e+7 
           8690      3.46138e+7 
           8710        3.518e+7 
           8730      3.39345e+7 
           8750      2.97393e+7 
           8770      3.25652e+7 
           8790      3.43588e+7 
           8810      3.44767e+7 
           8830      3.36718e+7 
           8850      3.08733e+7 
           8870      2.80131e+7 
           8890      3.21353e+7 
           8910       3.3095e+7 
           8930       3.3049e+7 
           8950      3.29292e+7 
           8970      3.24131e+7 
           8990      3.10324e+7 
           9010      2.66792e+7 
           9030      2.80774e+7 
           9050      3.07823e+7 
           9070      3.09851e+7 
           9090      3.09935e+7 
           9110      3.09578e+7 
           9130      3.07333e+7 
           9150      3.04979e+7 
           9170      3.00675e+7 
           9190       2.9426e+7 
           9210      2.76449e+7 
           9230      2.35666e+7 
           9250      2.68132e+7 
           9270      2.81189e+7 
           9290       2.8651e+7 
           9310      2.85576e+7 
           9330      2.84093e+7 
           9350        2.825e+7 
           9370      2.80763e+7 
           9390      2.78368e+7 
           9410      2.73816e+7 
           9430      2.73732e+7 
           9450      2.71491e+7 
           9470      2.67934e+7 
           9490      2.65212e+7 
           9510      2.58162e+7 
           9530      2.40504e+7 
           9550      2.09013e+7 
           9570      2.41418e+7 
           9590      2.52259e+7 
           9610      2.53286e+7 
           9630      2.50383e+7 
           9650      2.51413e+7 
           9670      2.49577e+7 
           9690      2.47986e+7 
           9710      2.46086e+7 
           9730      2.44506e+7 
           9750      2.42494e+7 
           9770      2.40875e+7 
           9790      2.39015e+7 
           9810      2.37164e+7 
           9830      2.35198e+7 
           9850      2.33588e+7 
           9870      2.31795e+7 
           9890      2.29746e+7 
           9910      2.27807e+7 
           9930      2.26485e+7 
           9950      2.24377e+7 
           9970      2.22242e+7 
           9990      2.19677e+7 
          10025      2.03463e+7 
          10075      1.94812e+7 
          10125      2.08445e+7 
          10175      2.06674e+7 
          10225      2.03353e+7 
          10275      1.99759e+7 
          10325      1.95741e+7 
          10375      1.92703e+7 
          10425       1.8932e+7 
          10475      1.85907e+7 
          10525      1.82587e+7 
          10575       1.7946e+7 
          10625      1.76407e+7 
          10675      1.72659e+7 
          10725      1.70244e+7 
          10775      1.67347e+7 
          10825      1.62827e+7 
          10875      1.60012e+7 
          10925      1.41092e+7 
          10975       1.4898e+7 
          11025      1.52439e+7 
          11075      1.50952e+7 
          11125      1.48633e+7 
          11175      1.46148e+7 
          11225      1.43745e+7 
          11275      1.40781e+7 
          11325      1.38663e+7 
          11375      1.36797e+7 
          11425      1.34563e+7 
          11475      1.32429e+7 
          11525       1.3029e+7 
          11575      1.28197e+7 
          11625      1.25956e+7 
          11675      1.23987e+7 
          11725      1.22129e+7 
          11775       1.1986e+7 
          11825      1.18331e+7 
          11875      1.16413e+7 
          11925      1.14699e+7 
          11975      1.12372e+7 
          12025      1.11171e+7 
          12075      1.09451e+7 
          12125      1.07756e+7 
          12175      1.06121e+7 
          12225      1.04493e+7 
          12275      1.02896e+7 
          12325      1.01344e+7 
          12375      9.98277e+6 
          12425      9.83475e+6 
          12475      9.67498e+6 
          12525      9.53593e+6 
          12575      9.39187e+6 
          12625      9.25878e+6 
          12675      9.11857e+6 
          12725       8.9519e+6 
          12775      8.62342e+6 
          12825      7.76085e+6 
          12875      8.45272e+6 
          12925      8.44946e+6 
          12975      8.33031e+6 
          13025      8.23939e+6 
          13075      8.12162e+6 
          13125      8.00606e+6 
          13175      7.88529e+6 
          13225      7.78076e+6 
          13275      7.67117e+6 
          13325      7.56342e+6 
          13375       7.4577e+6 
          13425      7.35104e+6 
          13475      7.25053e+6 
          13525      7.14903e+6 
          13575      7.05128e+6 
          13625      6.95437e+6 
          13675      6.85667e+6 
          13725      6.76341e+6 
          13775      6.67429e+6 
          13825      6.58392e+6 
          13875      6.49507e+6 
          13925      6.40635e+6 
          13975      6.32086e+6 
          14025      6.23699e+6 
          14075       6.1532e+6 
          14125      6.07138e+6 
          14175      5.99188e+6 
          14225      5.91278e+6 
          14275      5.83501e+6 
          14325      5.75837e+6 
          14375      5.68301e+6 
          14425      5.60258e+6 
          14475      5.53428e+6 
          14525      5.46231e+6 
          14570       5.4013e+6 
          14620       5.3311e+6 
          14675      5.25798e+6 
          14725      5.19088e+6 
          14775      5.12371e+6 
          14825      5.06161e+6 
          14875      4.99785e+6 
          14925      4.93634e+6 
          14975      4.87403e+6 
          15025      4.81428e+6 
          15075      4.75057e+6 
          15125      4.69517e+6 
          15175      4.63712e+6 
          15225      4.57925e+6 
          15275      4.52171e+6 
          15325      4.46434e+6 
          15375      4.41193e+6 
          15425       4.3498e+6 
          15475      4.30318e+6 
          15525      4.24768e+6 
          15575      4.17868e+6 
          15625      4.16015e+6 
          15675      4.07923e+6 
          15725      4.01326e+6 
          15775      4.01995e+6 
          15825       3.9648e+6 
          15875      3.81654e+6 
          15925      3.84594e+6 
          15975       3.8473e+6 
          16050      3.74576e+6 
          16150      3.59682e+6 
          16250      3.62459e+6 
          16350      3.48019e+6 
          16450      3.32761e+6 
          16550      3.39026e+6 
          16650      3.31677e+6 
          16750      3.16557e+6 
          16850      3.01983e+6 
          16950      3.09406e+6 
          17050      3.02832e+6 
          17150      2.96865e+6 
          17250      2.88824e+6 
          17350      2.65756e+6 
          17450      2.74113e+6 
          17550      2.71647e+6 
          17650      2.66062e+6 
          17750      2.60298e+6 
          17850      2.54777e+6 
          17950      2.49502e+6 
          18050      2.42837e+6 
          18150      2.24501e+6 
          18250      2.29275e+6 
          18350      2.28864e+6 
          18450       2.2452e+6 
          18550      2.19675e+6 
          18650      2.13535e+6 
          18750      1.97879e+6 
          18850      2.05433e+6 
          18950      2.02547e+6 
          19050      1.98308e+6 
          19150       1.9464e+6 
          19250      1.90671e+6 
          19350      1.85425e+6 
          19450      1.70867e+6 
          19550      1.78142e+6 
          19650      1.76207e+6 
          19750      1.72901e+6 
          19850      1.69585e+6 
          19950      1.66337e+6 
          20050      1.63173e+6 
          20150      1.60073e+6 
          20250      1.57054e+6 
          20350      1.54104e+6 
          20450      1.51213e+6 
          20550      1.48264e+6 
          20650      1.45666e+6 
          20750      1.42979e+6 
          20850      1.40363e+6 
          20950       1.3779e+6 
          21050      1.35285e+6 
          21150      1.32661e+6 
          21250      1.30423e+6 
          21350      1.28063e+6 
          21450      1.25718e+6 
          21550       1.2268e+6 
          21650      1.13375e+6 
          21750      1.17798e+6 
          21850      1.16991e+6 
          21950      1.15098e+6 
          22050      1.13127e+6 
          22150      1.11155e+6 
          22250      1.09245e+6 
          22350      1.07372e+6 
          22450      1.05544e+6 
          22550      1.03743e+6 
          22650      1.01984e+6 
          22750      1.00267e+6 
          22850          985905 
          22950          969392 
          23050          953341 
          23150          937601 
          23250          922166 
          23350          907029 
          23450          892253 
          23550          877695 
          23650          863486 
          23750          849551 
          23850          835951 
          23950          822483 
          24050          809209 
          24150          796320 
          24250          783873 
          24350          771411 
          24450          759127 
          24550          747393 
          24650          735389 
          24750          723677 
          24850          713228 
          24950          700502 
          25050          691498 
          25150          680888 
          25250          667351 
          25350          659928 
          25450          651146 
          25550          639653 
          25650          625170 
          25750          621119 
          25850          613278 
          25950          603805 
          26050          590629 
          26150          572513 
          26250          540839 
          26350          562987 
          26450          560784 
          26550          552987 
          26650          542108 
          26750          521473 
          26850          526433 
          26950          522481 
          27050          516412 
          27150          509108 
          27250          501878 
          27350          494201 
          27450          484637 
          27550          462443 
          27650          464204 
          27750          465805 
          27850          461092 
          27950          454707 
          28050          448430 
          28150          442250 
          28250          436165 
          28350          430154 
          28450          424329 
          28550          417105 
          28650          405510 
          28750          387453 
          28850          398459 
          28950          395810 
          29050          391223 
          29150          385981 
          29250          380898 
          29350          375841 
          29450          370899 
          29550          366046 
          29650          361254 
          29750          356540 
          29850          351905 
          29950          347342 
          30050          342848 
          30150          338120 
          30250          331985 
          30350          315163 
          30450          315746 
          30550          319846 
          30650          317273 
          30750          313372 
          30850          309262 
          30950          305559 
          31050          301734 
          31150          297972 
          31250          294254 
          31350          290617 
          31450          287016 
          31550          283489 
          31650          279993 
          31750          276573 
          31850          273201 
          31950          269873 
          32100          264980 
          32300          258629 
          32500          252463 
          32700          246115 
          32900          231521 
          33100          232070 
          33300          229087 
          33500          223960 
          33700          218835 
          33900          213861 
          34100          209014 
          34300          204297 
          34500          199720 
          34700          195253 
          34900          190915 
          35100          186706 
          35300          182601 
          35500          178612 
          35700          174722 
          35900          170956 
          36100          167249 
          36300          163699 
          36500          160153 
          36700          156821 
          36900          153347 
          37100          150075 
          37300          144254 
          37500          140075 
          37700          140986 
          37900          138285 
          38100          135163 
          38300          132466 
          38500          130105 
          38700          127506 
          38900          124739 
          39100          121650 
          39300          119959 
          39500          117876 
          39700          115596 
          39900          113155 
          40100          110195 
          40300          107680 
          40500          103034 
          40700          104389 
          40900          102823 
          41100          100870 
          41300         98950.3 
          41500         96747.7 
          41700         93319.5 
          41900         93087.4 
          42100         91765.1 
          42300         90076.2 
          42500         88412.8 
          42700         86799.3 
          42900         85189.4 
          43100         83670.6 
          43300           82158 
          43500         80496.4 
          43700         77309.1 
          43900         76989.5 
          44100         76391.5 
          44300         75092.9 
          44500         73772.6 
          44700         72521.9 
          44900         71245.6 
          45100         70100.2 
          45300         68849.2 
          45500         67626.6 
          45700         66408.2 
          45900         65262.1 
          46100         64112.1 
          46300         62842.4 
          46500         59358.5 
          46700         58794.2 
          46900           59479 
          47100         58886.6 
          47300         57968.7 
          47500         57089.2 
          47700         56190.9 
          47900         55279.4 
          48100         54377.7 
          48300         53493.9 
          48500         52629.2 
          48700         51781.7 
          48900         50949.3 
          49100         50135.1 
          49300           49337 
          49500         48553.2 
          49700         47786.5 
          49900           47035 
          50100           46294 
          50300         45566.3 
          50500         44864.8 
          50700         44133.4 
          50900         43358.3 
          51100         42445.4 
          51300         40468.8 
          51500         41234.6 
          51700         40766.8 
          51900         40236.4 
          52100         39661.6 
          52300         39062.8 
          52500         38447.2 
          52700         37834.5 
          52900         37341.6 
          53100         36789.6 
          53300         36246.2 
          53500         35713.8 
          53700         35112.5 
          53900         34600.8 
          54100         34171.7 
          54300         33676.4 
          54500         33191.3 
          54700         32713.5 
          54900         32244.4 
          55100         31710.4 
          55300         31194.4 
          55500         30867.3 
          55700         30450.5 
          55900         30020.8 
          56100         29600.1 
          56300         29185.7 
          56500         28778.8 
          56700         28379.3 
          56900           27930 
          57100           27395 
          57300         27142.1 
          57500         26847.6 
          57700         26480.8 
          57900         26120.6 
          58100         25765.9 
          58300         25417.6 
          58500         25059.2 
          58700         24686.4 
          58900         24182.4 
          59100         23007.3 
          59300         23574.4 
          59500           23164 
          59700         22972.1 
          59900         22788.5 
          60100           22538 
          60300         22260.3 
          60500         21970.3 
          60700         21684.6 
          60900         21404.3 
          61100         21127.1 
          61300         20855.2 
          61500         20588.3 
          61700         20324.4 
          61900         20065.4 
          62100         19810.4 
          62300         19559.2 
          62500           19275 
          62700         18957.7 
          62900         18421.3 
          63100         18452.3 
          63300         18314.2 
          63500         18131.8 
          63700         17908.5 
          63900         17686.8 
          64200           17362 
          64600         16939.1 
          65000         16528.8 
          65400         16131.7 
          65800         15745.6 
          66200         15370.3 
          66600         15007.8 
          67000         14655.4 
          67400         14242.3 
          67800         13704.3 
          68200         13634.8 
          68600         13343.3 
          69000         13039.5 
          69400         12743.4 
          69800         12455.5 
          70200         12176.3 
          70600         11904.2 
          71000         11639.7 
          71400         11382.5 
          71800         11132.5 
          72200         10889.6 
          72600         10651.3 
          73000         10423.2 
          73400         10198.7 
          73800         9977.06 
          74200         9731.56 
          74600         9250.42 
          75000         8961.14 
          75400          9093.6 
          75800         8961.82 
          76200         8788.82 
          76600         8607.38 
          77000         8431.14 
          77400          8254.3 
          77800         8060.09 
          78200         7923.64 
          78600         7769.41 
          79000         7613.66 
          79400         7462.45 
          79800         7314.47 
          80200         7170.82 
          80600         7030.23 
          81000         6892.64 
          81400         6723.86 
          81800         6607.59 
          82200         6501.06 
          82600         6376.41 
          83000         6255.49 
          83400         6136.59 
          83800         6020.75 
          84200         5907.88 
          84600         5797.41 
          85000         5689.27 
          85400         5583.92 
          85800         5480.81 
          86200         5371.75 
          86600          5226.3 
          87000         5164.41 
          87400         4997.41 
          87800          4907.5 
          88200         4906.19 
          88600         4822.64 
          89000         4737.06 
          89400         4653.14 
          89800         4571.09 
          90200         4490.82 
          90600         4412.33 
          91000          4335.5 
          91400         4260.35 
          91800         4186.82 
          92200          4114.9 
          92600         4044.45 
          93000         3975.54 
          93400         3899.42 
          93800         3780.46 
          94200         3751.14 
          94600         3710.99 
          95000         3652.13 
          95400         3591.43 
          95800         3532.03 
          96200         3473.81 
          96600         3416.76 
          97000          3360.9 
          97400         3306.19 
          97800         3252.53 
          98200         3199.95 
          98600         3148.23 
          99000         3098.05 
          99400         3048.61 
          99800         3000.13 
         100200         2952.59 
         200000         185.021 
         400000         11.3339 
         600000         2.20533 
         800000        0.690298 
         1.0e+6        0.280494 
         1.2e+6         0.13444 
         1.4e+6       0.0722129 
         1.6e+6       0.0421598 
