# Kurucz ODFNEW /NOVER (2003)
# teff = 7750 K (value for the effective temperature for the model. Temperatures are given in K)
# logg = 2.5 log(cm/s2) (value for Log(G) for the model.)
# meta = 0.2  (value for the Metallicity for the model.)
# lh = 1.25  (l/Hp where l is the  mixing length of the convective element and Hp is the pressure scale height)
# vtur = 2 km/s (Microturbulence velocity)
# alpha = 0  (Alpha)
#
# column 1: WAVELENGTH (ANGSTROM), Wavelength in Angstrom
# column 2: FLUX (ERG/CM2/S/A), Flux in erg/cm2/s/A
            357     4.96211e-25 
            366     3.44821e-24 
            375      2.1702e-23 
            385     1.50704e-22 
            395     9.42783e-22 
            405     5.36069e-21 
            414     2.37517e-20 
            422     8.42524e-20 
            430     2.84269e-19 
            441     1.40202e-18 
            451     5.56312e-18 
            460     1.82116e-17 
            470     6.42623e-17 
            480      2.1433e-16 
            490     6.78411e-16 
            500     2.04172e-15 
            506     5.12486e-15 
            512     1.07654e-14 
            520     2.40346e-14 
            530     6.36524e-14 
            540     1.59231e-13 
            550     3.90304e-13 
            560     9.17954e-13 
            570     2.08807e-12 
            580     4.54953e-12 
            590     9.85395e-12 
            600     2.05108e-11 
            610     4.16488e-11 
            620     8.23522e-11 
            630     1.59026e-10 
            640      3.0016e-10 
            650     5.55054e-10 
            658     8.93871e-10 
            665      1.33952e-9 
            675      2.35708e-9 
            685      4.07114e-9 
            695      6.91017e-9 
            705      1.14658e-8 
            716      1.98639e-8 
            726      3.20653e-8 
            735      4.87236e-8 
            745      7.64828e-8 
            755      1.18539e-7 
            765      1.81417e-7 
            775      2.74206e-7 
            785      4.09996e-7 
            795       5.9863e-7 
            805      8.78827e-7 
            815      1.27568e-6 
            825      1.82513e-6 
            835      2.58519e-6 
            845      3.62845e-6 
            855      5.04573e-6 
            865      6.95531e-6 
            875      9.46418e-6 
            885      1.28811e-5 
            895      1.73276e-5 
            905      2.29734e-5 
            915          0.0119 
            925       0.0351014 
            935        0.046424 
            945       0.0626374 
            955       0.0875665 
            965         0.11607 
            975        0.148532 
            985        0.192542 
            995        0.240028 
           1005        0.325233 
           1015        0.415957 
           1025        0.510434 
           1035        0.658874 
           1045        0.833512 
           1055         1.04409 
           1065         1.27737 
           1075         1.60247 
           1085         1.98697 
           1095         2.40093 
           1105         7.01116 
           1115          22.853 
           1125         33.6061 
           1135         47.1707 
           1145         59.7497 
           1155         66.3783 
           1165         90.9441 
           1175         107.374 
           1185         114.109 
           1195         60.4788 
           1205         61.9076 
           1215         16.6716 
           1225         73.5396 
           1235         171.857 
           1245         425.065 
           1255         1154.64 
           1265         1080.64 
           1275         2050.94 
           1285         3171.76 
           1295         4021.98 
           1305         2815.81 
           1315         5330.82 
           1325         6624.86 
           1335          7094.6 
           1345          9622.4 
           1355         9815.35 
           1365         10718.8 
           1375         11711.4 
           1385         12831.3 
           1395         15057.6 
           1405         17150.7 
           1415         17187.2 
           1425         20134.9 
           1435         20237.6 
           1442         23962.2 
           1447         26580.4 
           1455         31335.6 
           1465           31708 
           1475         35367.8 
           1485         40270.9 
           1495         47381.4 
           1505         52942.8 
           1512         52639.9 
           1517         45771.5 
           1525         48509.7 
           1535         92387.4 
           1545          339495 
           1555          293497 
           1565          242921 
           1575          489169 
           1585          645031 
           1595          868809 
           1605          714185 
           1615          654583 
           1625          540393 
           1635          655620 
           1645       1.0686e+6 
           1655          469126 
           1665          864899 
           1672          258440 
           1677      2.33044e+6 
           1685      2.74265e+6 
           1695      2.97801e+6 
           1705      3.22051e+6 
           1715       5.1073e+6 
           1725      5.58012e+6 
           1735      7.22165e+6 
           1745      6.19093e+6 
           1755       8.4043e+6 
           1765      5.67931e+6 
           1775      8.04809e+6 
           1785      6.79188e+6 
           1795      1.04065e+7 
           1805      8.05707e+6 
           1815      9.48918e+6 
           1825      7.74152e+6 
           1835        6.908e+6 
           1845       6.3354e+6 
           1855      7.67314e+6 
           1865      8.97117e+6 
           1875      8.14598e+6 
           1885      8.56255e+6 
           1895      9.74444e+6 
           1905      8.59278e+6 
           1915      9.07578e+6 
           1925      8.55037e+6 
           1935      5.26907e+6 
           1945      1.00172e+7 
           1955      1.03102e+7 
           1967      1.17008e+7 
           1976      1.11748e+7 
           1984      1.10628e+7 
           1995        1.075e+7 
           2005      9.88393e+6 
           2015       8.9241e+6 
           2025       8.4719e+6 
           2035      1.01678e+7 
           2045      1.14667e+7 
           2055      1.00288e+7 
           2065      9.43983e+6 
           2074      1.22036e+7 
           2078      1.36346e+7 
           2085      1.28603e+7 
           2095      1.18177e+7 
           2105      1.08257e+7 
           2115      1.12146e+7 
           2125      1.15256e+7 
           2135      8.55906e+6 
           2145      1.08343e+7 
           2155      1.12394e+7 
           2165      9.75977e+6 
           2175      9.93383e+6 
           2185      1.05383e+7 
           2195      1.18077e+7 
           2205      1.10097e+7 
           2215      8.87416e+6 
           2225      8.49475e+6 
           2235      1.12418e+7 
           2245      1.00319e+7 
           2255      8.23318e+6 
           2265      8.41399e+6 
           2275      9.87167e+6 
           2285      1.05452e+7 
           2295      9.32986e+6 
           2305      9.94751e+6 
           2315      9.11241e+6 
           2325      8.60558e+6 
           2335      5.89227e+6 
           2345      4.38502e+6 
           2355      7.71592e+6 
           2365       4.3961e+6 
           2375      6.11971e+6 
           2385      3.36348e+6 
           2395       4.5983e+6 
           2405      4.38604e+6 
           2415       5.5745e+6 
           2425      8.82529e+6 
           2435      8.47403e+6 
           2445       9.3432e+6 
           2455      9.35663e+6 
           2465      8.89956e+6 
           2475      8.23554e+6 
           2485      8.40549e+6 
           2495      7.97211e+6 
           2505      1.07957e+7 
           2513       7.9472e+6 
           2518      8.60254e+6 
           2525      6.86733e+6 
           2535      6.47617e+6 
           2545      6.70456e+6 
           2555      8.42156e+6 
           2565      7.16557e+6 
           2575      8.51737e+6 
           2585      7.92785e+6 
           2595       7.1133e+6 
           2605      6.21385e+6 
           2615      5.73394e+6 
           2625      7.69738e+6 
           2635      9.38076e+6 
           2645      1.33766e+7 
           2655      1.39377e+7 
           2665      1.07403e+7 
           2675       1.2157e+7 
           2685      1.17943e+7 
           2695      1.09844e+7 
           2705      1.19089e+7 
           2715      1.01818e+7 
           2725      1.03172e+7 
           2735      1.13151e+7 
           2745      6.45263e+6 
           2755      7.72913e+6 
           2765      8.98162e+6 
           2775      1.11258e+7 
           2785      8.77682e+6 
           2795      3.17157e+6 
           2805       4.2289e+6 
           2815       1.0857e+7 
           2825       1.3565e+7 
           2835      1.27401e+7 
           2845      1.21559e+7 
           2855      1.06904e+7 
           2865      1.31682e+7 
           2875      1.27012e+7 
           2885      1.30537e+7 
           2895      1.21393e+7 
           2910      1.50045e+7 
           2930      1.39793e+7 
           2950      1.38021e+7 
           2970      1.49861e+7 
           2990       1.5139e+7 
           3010      1.58574e+7 
           3030      1.56065e+7 
           3050      1.55705e+7 
           3070      1.57844e+7 
           3090      1.64634e+7 
           3110        1.576e+7 
           3130      1.55954e+7 
           3150      1.64607e+7 
           3170      1.63125e+7 
           3190      1.50246e+7 
           3210      1.59406e+7 
           3230      1.49704e+7 
           3250      1.60258e+7 
           3270      1.65195e+7 
           3290      1.66366e+7 
           3310      1.71545e+7 
           3330      1.66769e+7 
           3350      1.64667e+7 
           3370      1.61212e+7 
           3390      1.64888e+7 
           3410      1.68215e+7 
           3430      1.70819e+7 
           3450       1.6998e+7 
           3470      1.67022e+7 
           3490      1.65688e+7 
           3510      1.72083e+7 
           3530      1.72074e+7 
           3550      1.79362e+7 
           3570      1.68505e+7 
           3590      1.68518e+7 
           3610      1.69891e+7 
           3630      1.72567e+7 
           3640      1.69056e+7 
           3650      1.78887e+7 
           3670      1.75388e+7 
           3690      1.74325e+7 
           3710      2.08089e+7 
           3730      2.39524e+7 
           3750      3.25842e+7 
           3770      3.56773e+7 
           3790        4.515e+7 
           3810       5.2938e+7 
           3830      4.11018e+7 
           3850      5.72039e+7 
           3870      6.39818e+7 
           3890      3.75756e+7 
           3910      6.12403e+7 
           3930      4.45127e+7 
           3950      5.89632e+7 
           3970      3.13246e+7 
           3990      6.09058e+7 
           4010      6.55477e+7 
           4030       6.4451e+7 
           4050      6.36759e+7 
           4070      6.17895e+7 
           4090      5.30634e+7 
           4110      4.06724e+7 
           4130      5.96781e+7 
           4150      6.22716e+7 
           4170      6.07636e+7 
           4190      6.03824e+7 
           4210      5.99014e+7 
           4230      5.83278e+7 
           4250      5.86061e+7 
           4270      5.59942e+7 
           4290      5.69451e+7 
           4310      5.26335e+7 
           4330      4.39925e+7 
           4350      3.74171e+7 
           4370      5.40981e+7 
           4390      5.38682e+7 
           4410      5.25632e+7 
           4430      5.20686e+7 
           4450      5.27621e+7 
           4470      5.24607e+7 
           4490      5.19346e+7 
           4510      5.33512e+7 
           4530      5.07057e+7 
           4550      4.97896e+7 
           4570      5.16835e+7 
           4590      4.91598e+7 
           4610      5.06452e+7 
           4630      4.88009e+7 
           4650      4.93019e+7 
           4670      4.90896e+7 
           4690      4.71715e+7 
           4710      4.54658e+7 
           4730      4.73469e+7 
           4750      4.73631e+7 
           4770      4.62598e+7 
           4790      4.59416e+7 
           4810      4.50702e+7 
           4830       4.3837e+7 
           4850      3.55292e+7 
           4870      2.82155e+7 
           4890      4.13027e+7 
           4910      4.23483e+7 
           4930      4.13792e+7 
           4950      4.22109e+7 
           4970      4.24042e+7 
           4990      4.03931e+7 
           5010      3.86394e+7 
           5030      3.98232e+7 
           5050      3.91214e+7 
           5070      3.97997e+7 
           5090      3.91313e+7 
           5110      3.89943e+7 
           5130      3.79279e+7 
           5150      3.70089e+7 
           5170      3.63947e+7 
           5190      3.59749e+7 
           5210      3.59241e+7 
           5230      3.56085e+7 
           5250      3.60991e+7 
           5270      3.36796e+7 
           5290      3.52402e+7 
           5310      3.44795e+7 
           5330      3.33951e+7 
           5350      3.44107e+7 
           5370      3.40243e+7 
           5390      3.35025e+7 
           5410      3.27507e+7 
           5430      3.27782e+7 
           5450      3.30987e+7 
           5470      3.25675e+7 
           5490      3.23756e+7 
           5510      3.19834e+7 
           5530      3.17279e+7 
           5550      3.16928e+7 
           5570       3.1173e+7 
           5590      3.08394e+7 
           5610      3.07744e+7 
           5630      3.06666e+7 
           5650      3.01714e+7 
           5670      2.96742e+7 
           5690      2.97417e+7 
           5710      2.94655e+7 
           5730      2.96262e+7 
           5750      2.90844e+7 
           5770      2.89238e+7 
           5790      2.85423e+7 
           5810      2.83696e+7 
           5830      2.81797e+7 
           5850      2.78486e+7 
           5870      2.76515e+7 
           5890      2.69385e+7 
           5910       2.7134e+7 
           5930       2.6887e+7 
           5950      2.66108e+7 
           5970      2.64497e+7 
           5990      2.60444e+7 
           6010      2.56555e+7 
           6030      2.56358e+7 
           6050      2.54151e+7 
           6070      2.53359e+7 
           6090       2.4996e+7 
           6110      2.46601e+7 
           6130      2.42167e+7 
           6150      2.36919e+7 
           6170      2.37286e+7 
           6190      2.39541e+7 
           6210      2.37814e+7 
           6230      2.33786e+7 
           6250      2.25975e+7 
           6270      2.32097e+7 
           6290      2.30118e+7 
           6310      2.25047e+7 
           6330      2.24681e+7 
           6350      2.21147e+7 
           6370      2.19779e+7 
           6390      2.19199e+7 
           6410       2.1533e+7 
           6430      2.14995e+7 
           6450      2.10159e+7 
           6470        2.114e+7 
           6490      2.06315e+7 
           6510      2.06258e+7 
           6530      2.02965e+7 
           6550      1.80863e+7 
           6570      1.43099e+7 
           6590      1.93109e+7 
           6610      1.98064e+7 
           6630      1.98337e+7 
           6650      1.96916e+7 
           6670      1.94822e+7 
           6690      1.94231e+7 
           6710      1.92531e+7 
           6730       1.9089e+7 
           6750      1.88296e+7 
           6770      1.88525e+7 
           6790      1.86607e+7 
           6810      1.85294e+7 
           6830      1.83047e+7 
           6850      1.81731e+7 
           6870       1.8093e+7 
           6890      1.79571e+7 
           6910      1.77981e+7 
           6930      1.76359e+7 
           6950      1.75112e+7 
           6970      1.73519e+7 
           6990      1.72489e+7 
           7010      1.69191e+7 
           7030      1.69098e+7 
           7050      1.68125e+7 
           7070      1.67024e+7 
           7090      1.65776e+7 
           7110      1.60597e+7 
           7130      1.61743e+7 
           7150      1.60942e+7 
           7170      1.59723e+7 
           7190      1.58005e+7 
           7210      1.57231e+7 
           7230      1.55764e+7 
           7250      1.54383e+7 
           7270      1.54219e+7 
           7290      1.51949e+7 
           7310      1.50914e+7 
           7330      1.50127e+7 
           7350       1.4945e+7 
           7370      1.48744e+7 
           7390      1.46706e+7 
           7410      1.44735e+7 
           7430      1.43158e+7 
           7450      1.42764e+7 
           7470      1.40819e+7 
           7490      1.40572e+7 
           7510      1.39984e+7 
           7530      1.39368e+7 
           7550       1.3908e+7 
           7570      1.37531e+7 
           7590      1.36839e+7 
           7610      1.35796e+7 
           7630      1.34858e+7 
           7650      1.33356e+7 
           7670      1.31643e+7 
           7690      1.31252e+7 
           7710      1.30053e+7 
           7730      1.29809e+7 
           7750      1.28569e+7 
           7770      1.25038e+7 
           7790      1.27315e+7 
           7810      1.26188e+7 
           7830      1.24518e+7 
           7850      1.23059e+7 
           7870      1.22617e+7 
           7890      1.21348e+7 
           7910      1.20452e+7 
           7930      1.19576e+7 
           7950      1.18385e+7 
           7970      1.19185e+7 
           7990      1.16772e+7 
           8010      1.17064e+7 
           8030      1.15892e+7 
           8050       1.1545e+7 
           8070      1.14503e+7 
           8090      1.13621e+7 
           8110      1.13307e+7 
           8130      1.12676e+7 
           8150      1.11835e+7 
           8170      1.11062e+7 
           8190      1.08268e+7 
           8210      1.07881e+7 
           8230      1.07174e+7 
           8250      1.06782e+7 
           8270      1.07588e+7 
           8290      1.06659e+7 
           8310      1.05666e+7 
           8330      1.03644e+7 
           8350       1.0417e+7 
           8370      1.03011e+7 
           8390       1.0176e+7 
           8410      1.00968e+7 
           8430      1.00924e+7 
           8450      9.87376e+6 
           8470      9.60139e+6 
           8490      1.01499e+7 
           8510       9.1061e+6 
           8530       1.0231e+7 
           8550      8.31147e+6 
           8570      1.04481e+7 
           8590      9.61734e+6 
           8610      9.28508e+6 
           8630      1.05654e+7 
           8650      1.01983e+7 
           8670      7.93414e+6 
           8690       1.0167e+7 
           8710       1.0689e+7 
           8730      1.03321e+7 
           8750      8.13317e+6 
           8770       9.9432e+6 
           8790      1.05772e+7 
           8810      1.05472e+7 
           8830      1.01767e+7 
           8850      9.35589e+6 
           8870       7.8806e+6 
           8890      9.91778e+6 
           8910      1.01789e+7 
           8930      1.01324e+7 
           8950      1.01836e+7 
           8970      1.00179e+7 
           8990      9.69138e+6 
           9010      7.78007e+6 
           9030      8.62439e+6 
           9050      9.64287e+6 
           9070      9.48179e+6 
           9090      9.33524e+6 
           9110      9.54306e+6 
           9130       9.5736e+6 
           9150       9.5723e+6 
           9170      9.43964e+6 
           9190      9.23311e+6 
           9210      8.71161e+6 
           9230      6.84139e+6 
           9250      8.36125e+6 
           9270      8.75835e+6 
           9290      9.07949e+6 
           9310      9.06964e+6 
           9330      8.99012e+6 
           9350      8.97282e+6 
           9370      8.93284e+6 
           9390      8.78673e+6 
           9410        8.455e+6 
           9430      8.63269e+6 
           9450      8.59535e+6 
           9470      8.58261e+6 
           9490      8.51844e+6 
           9510      8.34102e+6 
           9530      7.80289e+6 
           9550      6.27906e+6 
           9570      7.81719e+6 
           9590      8.15288e+6 
           9610      8.09736e+6 
           9630      7.95489e+6 
           9650      8.05585e+6 
           9670      7.91137e+6 
           9690      7.87754e+6 
           9710      7.98258e+6 
           9730      7.91279e+6 
           9750      7.78723e+6 
           9770      7.82642e+6 
           9790       7.7701e+6 
           9810      7.71536e+6 
           9830      7.65047e+6 
           9850      7.54527e+6 
           9870      7.50892e+6 
           9890      7.42389e+6 
           9910      7.39971e+6 
           9930       7.3898e+6 
           9950      7.32853e+6 
           9970      7.30712e+6 
           9990      7.23939e+6 
          10025      6.70687e+6 
          10075      6.35802e+6 
          10125      6.85176e+6 
          10175      6.83189e+6 
          10225      6.76415e+6 
          10275      6.67457e+6 
          10325      6.53057e+6 
          10375      6.44853e+6 
          10425       6.3532e+6 
          10475      6.16222e+6 
          10525      6.10518e+6 
          10575      6.03781e+6 
          10625      5.95542e+6 
          10675      5.75199e+6 
          10725      5.73746e+6 
          10775      5.66194e+6 
          10825       5.5744e+6 
          10875      5.46719e+6 
          10925      4.74717e+6 
          10975      5.12562e+6 
          11025      5.29092e+6 
          11075      5.24356e+6 
          11125      5.14844e+6 
          11175      5.07864e+6 
          11225      5.01945e+6 
          11275      4.83604e+6 
          11325      4.78051e+6 
          11375      4.77206e+6 
          11425      4.66775e+6 
          11475      4.67237e+6 
          11525      4.61263e+6 
          11575      4.53631e+6 
          11625      4.40621e+6 
          11675      4.32074e+6 
          11725      4.35741e+6 
          11775      4.20582e+6 
          11825      4.18541e+6 
          11875      4.09922e+6 
          11925       4.1322e+6 
          11975      4.02053e+6 
          12025      3.99524e+6 
          12075      3.92786e+6 
          12125      3.88016e+6 
          12175      3.84429e+6 
          12225      3.78316e+6 
          12275      3.72865e+6 
          12325      3.68234e+6 
          12375      3.63985e+6 
          12425      3.60403e+6 
          12475      3.54227e+6 
          12525      3.49267e+6 
          12575      3.42183e+6 
          12625      3.39856e+6 
          12675      3.36735e+6 
          12725      3.32139e+6 
          12775      3.22204e+6 
          12825      2.80095e+6 
          12875      3.15355e+6 
          12925      3.14588e+6 
          12975      3.11564e+6 
          13025         3.08e+6 
          13075      3.04525e+6 
          13125      2.99913e+6 
          13175      2.94754e+6 
          13225      2.92874e+6 
          13275      2.88962e+6 
          13325      2.85673e+6 
          13375      2.82004e+6 
          13425       2.7836e+6 
          13475      2.74908e+6 
          13525      2.70552e+6 
          13575      2.66846e+6 
          13625      2.64688e+6 
          13675      2.60842e+6 
          13725      2.54985e+6 
          13775      2.54051e+6 
          13825       2.5129e+6 
          13875      2.49424e+6 
          13925      2.44818e+6 
          13975      2.42607e+6 
          14025      2.39865e+6 
          14075       2.3746e+6 
          14125      2.33913e+6 
          14175      2.31478e+6 
          14225      2.28308e+6 
          14275      2.25307e+6 
          14325      2.23204e+6 
          14375      2.21071e+6 
          14425      2.13222e+6 
          14475      2.15366e+6 
          14525      2.10154e+6 
          14570      2.10419e+6 
          14620      2.07308e+6 
          14675      2.05617e+6 
          14725       2.0252e+6 
          14775       1.9934e+6 
          14825      1.97843e+6 
          14875       1.9466e+6 
          14925      1.94744e+6 
          14975      1.91632e+6 
          15025      1.88656e+6 
          15075      1.86031e+6 
          15125      1.85083e+6 
          15175      1.83047e+6 
          15225      1.81538e+6 
          15275      1.77817e+6 
          15325       1.7568e+6 
          15375      1.75782e+6 
          15425      1.68944e+6 
          15475      1.71929e+6 
          15525      1.70964e+6 
          15575      1.61528e+6 
          15625      1.70094e+6 
          15675      1.63368e+6 
          15725      1.55612e+6 
          15775      1.64089e+6 
          15825      1.63355e+6 
          15875      1.45068e+6 
          15925      1.58027e+6 
          15975      1.59977e+6 
          16050      1.55122e+6 
          16150      1.44959e+6 
          16250      1.52454e+6 
          16350      1.45479e+6 
          16450      1.35502e+6 
          16550      1.42809e+6 
          16650      1.39998e+6 
          16750      1.33402e+6 
          16850      1.24339e+6 
          16950      1.31179e+6 
          17050        1.279e+6 
          17150      1.25857e+6 
          17250       1.2186e+6 
          17350        1.096e+6 
          17450        1.157e+6 
          17550      1.14843e+6 
          17650      1.12425e+6 
          17750      1.10518e+6 
          17850      1.08109e+6 
          17950      1.06587e+6 
          18050      1.03439e+6 
          18150          942617 
          18250          980817 
          18350          979990 
          18450          961461 
          18550          938817 
          18650          919191 
          18750          829536 
          18850          879686 
          18950          863272 
          19050          856849 
          19150          839766 
          19250          822931 
          19350          802434 
          19450          727184 
          19550          773276 
          19650          763347 
          19750          746896 
          19850          735470 
          19950          721991 
          20050          709371 
          20150          696939 
          20250          683191 
          20350          669916 
          20450          659885 
          20550          647707 
          20650          634602 
          20750          623819 
          20850          613248 
          20950          602060 
          21050          591447 
          21150          579383 
          21250          569771 
          21350          559719 
          21450          551999 
          21550          540179 
          21650          491678 
          21750          518854 
          21850          514534 
          21950          507253 
          22050          496959 
          22150          488259 
          22250          482115 
          22350          474039 
          22450          466275 
          22550          456407 
          22650          450433 
          22750          443359 
          22850          436189 
          22950          428570 
          23050          422760 
          23150          415742 
          23250          409622 
          23350          402929 
          23450          396753 
          23550          390544 
          23650          384480 
          23750          378077 
          23850          372138 
          23950          366403 
          24050          360230 
          24150          354346 
          24250          350103 
          24350          343256 
          24450          337738 
          24550          333873 
          24650          327704 
          24750          322706 
          24850          319980 
          24950          307949 
          25050          311733 
          25150          307138 
          25250          292650 
          25350          297943 
          25450          294717 
          25550          288865 
          25650          272228 
          25750          281248 
          25850          277633 
          25950          274770 
          26050          267768 
          26150          251058 
          26250          242638 
          26350          257001 
          26450          255918 
          26550          252251 
          26650          246808 
          26750          228635 
          26850          240657 
          26950          239393 
          27050          235979 
          27150          232992 
          27250          229748 
          27350          226484 
          27450          222647 
          27550          206257 
          27650          212091 
          27750          214033 
          27850          211528 
          27950          208802 
          28050          205951 
          28150          203135 
          28250          200416 
          28350          197828 
          28450          194838 
          28550          192344 
          28650          187185 
          28750          174221 
          28850          183947 
          28950          182341 
          29050          180275 
          29150          177484 
          29250          175440 
          29350          173350 
          29450          171081 
          29550          168941 
          29650          166788 
          29750          164638 
          29850          162573 
          29950          160397 
          30050          158339 
          30150          156304 
          30250          153971 
          30350          144148 
          30450          146137 
          30550          148374 
          30650          146846 
          30750          145072 
          30850          142954 
          30950          141402 
          31050          139637 
          31150          137565 
          31250          136208 
          31350          134535 
          31450          132920 
          31550          131480 
          31650          130023 
          31750          128244 
          31850          126928 
          31950          125382 
          32100          123127 
          32300          120318 
          32500          117490 
          32700          114669 
          32900          107254 
          33100          108142 
          33300          106473 
          33500          104229 
          33700          101672 
          33900         99436.4 
          34100         97262.6 
          34300         95254.3 
          34500           93327 
          34700         91234.3 
          34900         89291.6 
          35100         87365.7 
          35300         85477.5 
          35500         83620.3 
          35700         81737.2 
          35900         80203.5 
          36100         78256.3 
          36300         76941.8 
          36500         74913.2 
          36700         73780.1 
          36900         71488.4 
          37100         70651.3 
          37300         68046.3 
          37500         65374.8 
          37700           66496 
          37900         65284.6 
          38100         63248.9 
          38300         62266.5 
          38500         61567.8 
          38700         60256.5 
          38900         58978.7 
          39100         56558.3 
          39300         56896.4 
          39500         55831.5 
          39700         54842.6 
          39900         53593.7 
          40100         51940.5 
          40300         50549.5 
          40500           48926 
          40700         49715.4 
          40900           48834 
          41100         48029.8 
          41300         47135.1 
          41500           46135 
          41700         43704.7 
          41900         44419.3 
          42100         43662.4 
          42300         42983.1 
          42500         42193.7 
          42700           41446 
          42900         40704.3 
          43100         39974.6 
          43300         39250.5 
          43500           38542 
          43700         36580.2 
          43900         36918.2 
          44100         36527.9 
          44300         35922.4 
          44500         35295.9 
          44700         34758.2 
          44900         34096.1 
          45100         33531.3 
          45300         32953.2 
          45500         32402.1 
          45700         31835.9 
          45900         31294.4 
          46100         30787.7 
          46300         30227.1 
          46500         28615.6 
          46700         28099.8 
          46900         28682.8 
          47100         28317.4 
          47300         27876.4 
          47500         27401.7 
          47700         26967.1 
          47900         26548.6 
          48100         26121.5 
          48300         25705.4 
          48500           25292 
          48700         24897.3 
          48900         24497.1 
          49100         24105.7 
          49300         23724.5 
          49500         23373.3 
          49700         22976.6 
          49900         22652.1 
          50100         22300.5 
          50300         21912.1 
          50500         21632.5 
          50700         21300.9 
          50900         20893.9 
          51100           20585 
          51300         19568.8 
          51500         19996.6 
          51700           19635 
          51900         19450.4 
          52100         19187.5 
          52300         18904.7 
          52500         18568.2 
          52700         18205.1 
          52900         18081.2 
          53100           17837 
          53300         17577.4 
          53500         17313.3 
          53700         16915.5 
          53900         16690.3 
          54100         16577.4 
          54300         16340.5 
          54500         16111.8 
          54700         15875.8 
          54900         15659.1 
          55100         15376.9 
          55300         14957.9 
          55500         14993.3 
          55700         14794.8 
          55900         14574.6 
          56100         14389.5 
          56300         14193.5 
          56500         14001.2 
          56700         13806.5 
          56900         13595.5 
          57100         13107.6 
          57300         13215.9 
          57500           13074 
          57700         12897.5 
          57900         12719.8 
          58100         12554.3 
          58300         12379.6 
          58500         12214.7 
          58700         12047.5 
          58900           11842 
          59100         11286.3 
          59300         11543.5 
          59500         11115.9 
          59700         11187.4 
          59900         11129.7 
          60100           10991 
          60300           10854 
          60500         10715.5 
          60700         10576.5 
          60900         10440.1 
          61100         10300.2 
          61300           10192 
          61500           10064 
          61700         9935.57 
          61900         9810.42 
          62100         9689.49 
          62300         9553.03 
          62500         9431.04 
          62700         9291.24 
          62900         8885.74 
          63100         9044.85 
          63300          8970.2 
          63500         8868.66 
          63700         8771.65 
          63900         8661.66 
          64200         8507.59 
          64600         8299.92 
          65000         8098.39 
          65400          7911.9 
          65800         7719.42 
          66200         7536.15 
          66600         7364.19 
          67000         7191.76 
          67400         7005.31 
          67800         6722.11 
          68200          6693.3 
          68600         6557.84 
          69000         6407.57 
          69400         6248.03 
          69800         6124.43 
          70200         5990.24 
          70600         5856.12 
          71000            5712 
          71400         5605.02 
          71800         5483.26 
          72200         5359.36 
          72600         5224.92 
          73000         5134.24 
          73400         5028.57 
          73800         4920.74 
          74200         4806.25 
          74600         4606.53 
          75000          4444.4 
          75400         4506.25 
          75800         4428.39 
          76200          4341.4 
          76600         4252.91 
          77000         4167.03 
          77400         4080.17 
          77800         3958.41 
          78200         3918.76 
          78600         3844.09 
          79000          3768.2 
          79400         3693.94 
          79800         3621.38 
          80200         3550.32 
          80600         3481.54 
          81000         3415.03 
          81400         3307.86 
          81800         3272.21 
          82200         3222.93 
          82600         3161.98 
          83000         3101.99 
          83400         3042.35 
          83800         2984.46 
          84200         2930.35 
          84600         2877.23 
          85000         2824.71 
          85400         2772.49 
          85800         2722.08 
          86200         2670.92 
          86600         2576.58 
          87000         2572.35 
          87400         2498.85 
          87800         2455.85 
          88200         2441.18 
          88600         2396.78 
          89000         2355.93 
          89400         2315.09 
          89800          2274.1 
          90200         2234.34 
          90600         2194.14 
          91000         2158.15 
          91400         2121.22 
          91800         2085.39 
          92200         2049.69 
          92600         2009.18 
          93000         1981.17 
          93400         1946.88 
          93800         1877.99 
          94200         1875.95 
          94600         1851.96 
          95000         1818.11 
          95400         1786.96 
          95800          1762.3 
          96200         1733.18 
          96600         1705.41 
          97000         1677.81 
          97400         1650.27 
          97800         1624.04 
          98200         1595.72 
          98600         1565.98 
          99000         1547.74 
          99400         1523.22 
          99800         1498.97 
         100200         1475.47 
         200000         94.6344 
         400000         5.88828 
         600000         1.15279 
         800000         0.36179 
         1.0e+6        0.147139 
         1.2e+6       0.0705217 
         1.4e+6       0.0378613 
         1.6e+6       0.0220887 
