# Kurucz ODFNEW /NOVER (2003)
# teff = 23000 K (value for the effective temperature for the model. Temperatures are given in K)
# logg = 3 log(cm/s2) (value for Log(G) for the model.)
# meta = 0.5  (value for the Metallicity for the model.)
# lh = 1.25  (l/Hp where l is the  mixing length of the convective element and Hp is the pressure scale height)
# vtur = 2 km/s (Microturbulence velocity)
# alpha = 0  (Alpha)
#
# column 1: WAVELENGTH (ANGSTROM), Wavelength in Angstrom
# column 2: FLUX (ERG/CM2/S/A), Flux in erg/cm2/s/A
          147.2     6.96541e-17 
            151     3.44131e-16 
          155.2     1.84525e-15 
          158.8     7.28168e-15 
            162     2.35219e-14 
            166     9.59159e-14 
          170.3      4.0415e-13 
          173.4     1.09924e-12 
          176.8     3.15598e-12 
          180.2      8.7241e-12 
          181.7     1.34968e-11 
          186.1     4.68296e-11 
            191      1.7572e-10 
          193.9     3.72769e-10 
          198.4      1.14849e-9 
          201.8      2.60332e-9 
            205      5.49007e-9 
          210.5      1.88372e-8 
          216.2      6.33975e-8 
          219.8      1.32228e-7 
            223      2.49299e-7 
          226.8      5.19405e-7 
            230      1.64743e-5 
            234      3.98519e-5 
            240     0.000103568 
          246.5     0.000280329 
          252.4     0.000667821 
          256.8      0.00119338 
            260      0.00207859 
            264      0.00352314 
          268.5      0.00629065 
          273.5       0.0116465 
          278.5       0.0210624 
            284       0.0431336 
            290       0.0824818 
            296        0.154792 
            301        0.253421 
            308        0.531235 
            318         1.39919 
            328         3.21178 
            338         7.49772 
            348         16.0806 
            357         125.544 
            366         299.711 
            375         463.568 
            385         819.896 
            395         1895.68 
            405         2991.33 
            414         4696.48 
            422         7707.46 
            430         11838.6 
            441           18677 
            451         25335.6 
            460         34343.6 
            470         51623.4 
            480         73499.8 
            490          102906 
            500          135992 
            506          641130 
            512      1.12224e+7 
            520      1.23603e+7 
            530      1.33663e+7 
            540      1.38677e+7 
            550      2.56687e+7 
            560      3.22454e+7 
            570      3.84719e+7 
            580       3.4479e+7 
            590      4.85376e+7 
            600      5.26364e+7 
            610      6.69831e+7 
            620      7.60839e+7 
            630      7.99428e+7 
            640      6.81056e+7 
            650      4.50987e+7 
            658      7.74413e+7 
            665      9.95184e+7 
            675      1.02388e+8 
            685      9.14957e+7 
            695      1.48305e+8 
            705      1.38223e+8 
            716      1.67489e+8 
            726      1.62299e+8 
            735      1.77129e+8 
            745      2.07674e+8 
            755      2.20489e+8 
            765      2.34409e+8 
            775      2.55238e+8 
            785      2.75884e+8 
            795      2.81678e+8 
            805      2.87158e+8 
            815      2.90488e+8 
            825      3.28323e+8 
            835      2.29666e+8 
            845      3.21465e+8 
            855      3.18637e+8 
            865      3.43843e+8 
            875      3.71098e+8 
            885      4.06833e+8 
            895      4.26072e+8 
            905      4.03465e+8 
            915      8.36996e+8 
            925      7.04872e+9 
            935     1.11102e+10 
            945     1.32974e+10 
            955      1.4267e+10 
            965     1.15039e+10 
            975      1.84179e+9 
            985      5.92182e+9 
            995      9.68284e+9 
           1005     1.39319e+10 
           1015     1.48589e+10 
           1025      1.2751e+10 
           1035     1.13498e+10 
           1045     1.86418e+10 
           1055     1.67835e+10 
           1065     1.26428e+10 
           1075     1.53948e+10 
           1085     1.35488e+10 
           1095     1.58927e+10 
           1105     1.39964e+10 
           1115     1.27938e+10 
           1125      8.85696e+9 
           1135     1.44571e+10 
           1145     1.36488e+10 
           1155     1.37588e+10 
           1165     1.30521e+10 
           1175      5.64975e+9 
           1185     1.20652e+10 
           1195     1.16388e+10 
           1205      6.06441e+9 
           1215      9.22974e+9 
           1225     1.19379e+10 
           1235      1.3645e+10 
           1245     1.26664e+10 
           1255     1.28005e+10 
           1265     1.32894e+10 
           1275     1.39417e+10 
           1285     1.39102e+10 
           1295      8.39912e+9 
           1305      9.91405e+9 
           1315     1.37653e+10 
           1325     1.27658e+10 
           1335     1.21506e+10 
           1345     1.27855e+10 
           1355     1.24225e+10 
           1365     1.11952e+10 
           1375     1.06521e+10 
           1385      9.64043e+9 
           1395      5.11637e+9 
           1405      6.33523e+9 
           1415      8.64273e+9 
           1425      8.79439e+9 
           1435      9.40806e+9 
           1442      9.66661e+9 
           1447      9.48225e+9 
           1455       9.0487e+9 
           1465      8.06987e+9 
           1475      8.66419e+9 
           1485      8.63963e+9 
           1495      8.39651e+9 
           1505      7.45351e+9 
           1512      6.51177e+9 
           1517      6.84379e+9 
           1525      7.11139e+9 
           1535      5.69421e+9 
           1545      5.27258e+9 
           1555      5.25873e+9 
           1565       5.9882e+9 
           1575      6.56574e+9 
           1585      6.79222e+9 
           1595      6.57508e+9 
           1605      6.81938e+9 
           1615      6.67742e+9 
           1625      6.55183e+9 
           1635      7.20362e+9 
           1645      7.30286e+9 
           1655      7.15367e+9 
           1665      7.37253e+9 
           1672      6.81448e+9 
           1677      7.96411e+9 
           1685      7.60339e+9 
           1695        7.023e+9 
           1705      7.02458e+9 
           1715       6.4034e+9 
           1725      6.41673e+9 
           1735      6.80302e+9 
           1745      6.62061e+9 
           1755      6.69227e+9 
           1765      6.75875e+9 
           1775      6.10456e+9 
           1785      6.37392e+9 
           1795      6.63294e+9 
           1805      6.78478e+9 
           1815      5.75428e+9 
           1825      6.14169e+9 
           1835      5.99941e+9 
           1845      5.36083e+9 
           1855       5.4996e+9 
           1865      5.58256e+9 
           1875      5.98213e+9 
           1885      5.17135e+9 
           1895       4.7725e+9 
           1905      5.42501e+9 
           1915      4.89728e+9 
           1925       4.6059e+9 
           1935      5.10164e+9 
           1945       5.1958e+9 
           1955      4.53965e+9 
           1967      5.17215e+9 
           1976      5.37561e+9 
           1984      5.01737e+9 
           1995       4.9019e+9 
           2005       5.3067e+9 
           2015      5.20813e+9 
           2025      5.37594e+9 
           2035      4.78232e+9 
           2045      4.99564e+9 
           2055      4.67648e+9 
           2065      4.58342e+9 
           2074      5.07202e+9 
           2078       4.3385e+9 
           2085      4.84428e+9 
           2095      4.53068e+9 
           2105      4.72971e+9 
           2115      4.82885e+9 
           2125      4.83999e+9 
           2135      4.79707e+9 
           2145      4.46628e+9 
           2155      4.74917e+9 
           2165      4.78722e+9 
           2175      4.75556e+9 
           2185      4.49766e+9 
           2195      4.65584e+9 
           2205        4.696e+9 
           2215      4.59096e+9 
           2225      4.46029e+9 
           2235      4.37793e+9 
           2245      4.45944e+9 
           2255      4.28936e+9 
           2265       4.3897e+9 
           2275      4.32018e+9 
           2285      4.34284e+9 
           2295      3.60956e+9 
           2305      4.15592e+9 
           2315      4.01472e+9 
           2325      3.99196e+9 
           2335      3.84128e+9 
           2345      3.91676e+9 
           2355       3.8998e+9 
           2365      3.88252e+9 
           2375      3.78932e+9 
           2385      3.75847e+9 
           2395      3.71349e+9 
           2405        3.649e+9 
           2415      3.63841e+9 
           2425      3.62993e+9 
           2435      3.51395e+9 
           2445      3.55806e+9 
           2455       3.5737e+9 
           2465      3.48121e+9 
           2475      3.40086e+9 
           2485      3.22517e+9 
           2495      2.28548e+9 
           2505      3.02829e+9 
           2513        3.048e+9 
           2518      3.21327e+9 
           2525      3.19518e+9 
           2535      3.17788e+9 
           2545      3.02168e+9 
           2555      3.11055e+9 
           2565      3.06109e+9 
           2575      3.09707e+9 
           2585      3.02913e+9 
           2595      3.01047e+9 
           2605      2.99673e+9 
           2615      2.92873e+9 
           2625      2.92559e+9 
           2635      2.91119e+9 
           2645      2.87247e+9 
           2655      2.87434e+9 
           2665      2.69993e+9 
           2675      2.74254e+9 
           2685      2.74133e+9 
           2695      2.62548e+9 
           2705      2.52589e+9 
           2715       2.5621e+9 
           2725      2.60061e+9 
           2735      2.57261e+9 
           2745      2.51115e+9 
           2755      2.50418e+9 
           2765      2.48708e+9 
           2775      2.51659e+9 
           2785      2.46664e+9 
           2795      2.36868e+9 
           2805      2.40315e+9 
           2815      2.41126e+9 
           2825      2.39795e+9 
           2835       2.2808e+9 
           2845      2.30975e+9 
           2855      2.25519e+9 
           2865      2.27665e+9 
           2875      2.25401e+9 
           2885      2.23071e+9 
           2895      2.17829e+9 
           2910       2.1373e+9 
           2930      2.13213e+9 
           2950      2.06345e+9 
           2970      2.03426e+9 
           2990      1.99154e+9 
           3010      1.89194e+9 
           3030      1.90763e+9 
           3050      1.88885e+9 
           3070      1.86864e+9 
           3090       1.7752e+9 
           3110      1.78804e+9 
           3130      1.73823e+9 
           3150      1.71904e+9 
           3170      1.66656e+9 
           3190      1.64614e+9 
           3210      1.62002e+9 
           3230      1.57547e+9 
           3250      1.56195e+9 
           3270       1.5194e+9 
           3290      1.49215e+9 
           3310      1.46454e+9 
           3330      1.43073e+9 
           3350      1.41051e+9 
           3370      1.37972e+9 
           3390      1.36532e+9 
           3410      1.34154e+9 
           3430      1.31551e+9 
           3450      1.28773e+9 
           3470      1.26486e+9 
           3490      1.23865e+9 
           3510      1.21635e+9 
           3530      1.20626e+9 
           3550      1.18252e+9 
           3570      1.16242e+9 
           3590      1.12705e+9 
           3610      1.10622e+9 
           3630      1.09617e+9 
           3640      1.09383e+9 
           3650      1.07376e+9 
           3670       1.0622e+9 
           3690      1.03088e+9 
           3710      1.00844e+9 
           3730       9.9757e+8 
           3750      1.05278e+9 
           3770      1.03573e+9 
           3790      1.04332e+9 
           3810      1.06657e+9 
           3830      9.74588e+8 
           3850      1.04244e+9 
           3870      1.00601e+9 
           3890       9.3512e+8 
           3910      1.00566e+9 
           3930      9.66185e+8 
           3950      9.57246e+8 
           3970      8.65066e+8 
           3990      9.32612e+8 
           4010      9.20756e+8 
           4030      8.88953e+8 
           4050      8.84835e+8 
           4070      8.43501e+8 
           4090      8.14756e+8 
           4110      7.67527e+8 
           4130       8.1027e+8 
           4150      8.04207e+8 
           4170      8.00888e+8 
           4190      7.93174e+8 
           4210      7.86421e+8 
           4230      7.68286e+8 
           4250       7.4595e+8 
           4270      7.27139e+8 
           4290      7.15545e+8 
           4310      6.92026e+8 
           4330      6.67081e+8 
           4350      6.31058e+8 
           4370       6.6106e+8 
           4390      6.68891e+8 
           4410      6.56154e+8 
           4430      6.51222e+8 
           4450      6.40359e+8 
           4470       6.2661e+8 
           4490      6.25338e+8 
           4510      6.17359e+8 
           4530      6.09276e+8 
           4550      6.02167e+8 
           4570      5.91929e+8 
           4590      5.82043e+8 
           4610      5.66616e+8 
           4630       5.5957e+8 
           4650      5.37291e+8 
           4670       5.4353e+8 
           4690      5.41045e+8 
           4710      5.21363e+8 
           4730      5.23042e+8 
           4750      5.14389e+8 
           4770      5.16757e+8 
           4790      5.07082e+8 
           4810      4.96735e+8 
           4830       4.8961e+8 
           4850      4.77973e+8 
           4870      4.40698e+8 
           4890      4.70579e+8 
           4910      4.64347e+8 
           4930      4.52403e+8 
           4950       4.4817e+8 
           4970      4.47285e+8 
           4990      4.39561e+8 
           5010      4.19789e+8 
           5030      4.25823e+8 
           5050      4.17316e+8 
           5070      4.15379e+8 
           5090      4.08631e+8 
           5110      4.01586e+8 
           5130      3.91361e+8 
           5150      3.89108e+8 
           5170      3.86653e+8 
           5190      3.82085e+8 
           5210       3.7602e+8 
           5230       3.7096e+8 
           5250      3.66444e+8 
           5270      3.59951e+8 
           5290      3.56965e+8 
           5310      3.51476e+8 
           5330      3.47636e+8 
           5350      3.42712e+8 
           5370      3.38779e+8 
           5390      3.33754e+8 
           5410      3.30236e+8 
           5430      3.25367e+8 
           5450      3.20929e+8 
           5470      3.16786e+8 
           5490      3.12582e+8 
           5510      3.09796e+8 
           5530      3.04381e+8 
           5550       3.0224e+8 
           5570       2.9773e+8 
           5590       2.9447e+8 
           5610      2.90554e+8 
           5630      2.87281e+8 
           5650       2.8184e+8 
           5670      2.76575e+8 
           5690      2.71585e+8 
           5710      2.71049e+8 
           5730      2.68243e+8 
           5750      2.63611e+8 
           5770      2.62703e+8 
           5790      2.58835e+8 
           5810      2.55873e+8 
           5830      2.51693e+8 
           5850      2.49447e+8 
           5870      2.41725e+8 
           5890      2.40912e+8 
           5910      2.39209e+8 
           5930      2.35616e+8 
           5950      2.32662e+8 
           5970       2.3267e+8 
           5990      2.27591e+8 
           6010      2.26423e+8 
           6030      2.22717e+8 
           6050      2.20392e+8 
           6070      2.18758e+8 
           6090      2.16328e+8 
           6110      2.13703e+8 
           6130      2.11519e+8 
           6150      2.07417e+8 
           6170      2.05381e+8 
           6190      2.03761e+8 
           6210      2.01884e+8 
           6230      1.99765e+8 
           6250      1.96627e+8 
           6270      1.94675e+8 
           6290      1.92801e+8 
           6310      1.90247e+8 
           6330      1.88605e+8 
           6350      1.85681e+8 
           6370      1.84303e+8 
           6390      1.82081e+8 
           6410      1.80131e+8 
           6430      1.78338e+8 
           6450      1.76246e+8 
           6470      1.73403e+8 
           6490      1.71496e+8 
           6510      1.70115e+8 
           6530      1.67926e+8 
           6550      1.65084e+8 
           6570      1.49994e+8 
           6590      1.61186e+8 
           6610      1.60738e+8 
           6630      1.59324e+8 
           6650      1.57413e+8 
           6670      1.54896e+8 
           6690      1.53331e+8 
           6710      1.52661e+8 
           6730      1.50333e+8 
           6750      1.49485e+8 
           6770      1.47929e+8 
           6790      1.44599e+8 
           6810      1.44393e+8 
           6830      1.42829e+8 
           6850      1.41635e+8 
           6870      1.40109e+8 
           6890      1.38353e+8 
           6910      1.36583e+8 
           6930       1.3578e+8 
           6950      1.34407e+8 
           6970      1.33032e+8 
           6990       1.3157e+8 
           7010      1.30191e+8 
           7030      1.28766e+8 
           7050      1.27498e+8 
           7070      1.24358e+8 
           7090      1.24947e+8 
           7110      1.21599e+8 
           7130      1.20614e+8 
           7150      1.21097e+8 
           7170       1.1991e+8 
           7190      1.18748e+8 
           7210      1.17532e+8 
           7230       1.1418e+8 
           7250      1.14777e+8 
           7270      1.13954e+8 
           7290      1.12025e+8 
           7310      1.11666e+8 
           7330      1.10434e+8 
           7350      1.09478e+8 
           7370      1.08434e+8 
           7390      1.07358e+8 
           7410      1.06292e+8 
           7430      1.05195e+8 
           7450      1.04169e+8 
           7470      1.02336e+8 
           7490      1.01999e+8 
           7510      1.01076e+8 
           7530      9.99413e+7 
           7550      9.92011e+7 
           7570      9.82437e+7 
           7590      9.72361e+7 
           7610      9.60947e+7 
           7630      9.53457e+7 
           7650      9.44487e+7 
           7670      9.35854e+7 
           7690      9.26533e+7 
           7710      9.17169e+7 
           7730       9.0789e+7 
           7750      9.00764e+7 
           7770      8.87584e+7 
           7790      8.83963e+7 
           7810      8.75118e+7 
           7830      8.67335e+7 
           7850      8.59008e+7 
           7870       8.4887e+7 
           7890      8.38459e+7 
           7910       8.3278e+7 
           7930      8.24211e+7 
           7950      8.17268e+7 
           7970      8.10265e+7 
           7990      8.02791e+7 
           8010      7.95147e+7 
           8030      7.88153e+7 
           8050      7.82148e+7 
           8070      7.75095e+7 
           8090      7.67353e+7 
           8110      7.55153e+7 
           8130      7.54463e+7 
           8150      7.46795e+7 
           8170      7.41337e+7 
           8190      7.29577e+7 
           8210      7.22952e+7 
           8230      7.13436e+7 
           8250      7.13357e+7 
           8270      6.98344e+7 
           8290      6.99364e+7 
           8310      6.93983e+7 
           8330       6.8832e+7 
           8350      6.79407e+7 
           8370      6.73153e+7 
           8390      6.69091e+7 
           8410      6.61758e+7 
           8430      6.56766e+7 
           8450      6.46485e+7 
           8470      6.41335e+7 
           8490      6.42133e+7 
           8510      6.25801e+7 
           8530       6.3395e+7 
           8550      6.08467e+7 
           8570      6.29277e+7 
           8590      6.04447e+7 
           8610      5.98034e+7 
           8630      6.17876e+7 
           8650      6.04952e+7 
           8670      5.64426e+7 
           8690      6.02888e+7 
           8710      6.00271e+7 
           8730      5.88676e+7 
           8750      5.42441e+7 
           8770      5.76608e+7 
           8790      5.81008e+7 
           8810      5.76917e+7 
           8830      5.70441e+7 
           8850      5.51945e+7 
           8870      5.16324e+7 
           8890      5.56189e+7 
           8910      5.52888e+7 
           8930       5.4758e+7 
           8950      5.44383e+7 
           8970      5.39945e+7 
           8990      5.30693e+7 
           9010      4.89451e+7 
           9030      5.11587e+7 
           9050      5.21793e+7 
           9070      5.14412e+7 
           9090      5.12059e+7 
           9110       5.0945e+7 
           9130      5.05413e+7 
           9150      5.01361e+7 
           9170      4.96264e+7 
           9190      4.92858e+7 
           9210      4.80416e+7 
           9230      4.37914e+7 
           9250      4.73232e+7 
           9270      4.73559e+7 
           9290      4.73094e+7 
           9310      4.67717e+7 
           9330      4.63506e+7 
           9350      4.61612e+7 
           9370      4.58056e+7 
           9390      4.54696e+7 
           9410      4.50213e+7 
           9430      4.47119e+7 
           9450       4.4333e+7 
           9470      4.38645e+7 
           9490      4.36171e+7 
           9510      4.29964e+7 
           9530      4.21359e+7 
           9550      3.87166e+7 
           9570      4.19942e+7 
           9590      4.20158e+7 
           9610       4.1474e+7 
           9630      4.10581e+7 
           9650       4.1054e+7 
           9670      4.07232e+7 
           9690      4.03707e+7 
           9710       3.9797e+7 
           9730      3.97522e+7 
           9750      3.94557e+7 
           9770      3.91842e+7 
           9790      3.88623e+7 
           9810      3.84965e+7 
           9830      3.82757e+7 
           9850      3.79539e+7 
           9870      3.76212e+7 
           9890      3.72435e+7 
           9910      3.68305e+7 
           9930      3.68355e+7 
           9950      3.65407e+7 
           9970      3.62153e+7 
           9990      3.60003e+7 
          10025      3.48175e+7 
          10075      3.37186e+7 
          10125      3.40872e+7 
          10175      3.36049e+7 
          10225      3.29765e+7 
          10275      3.23794e+7 
          10325      3.16952e+7 
          10375      3.12221e+7 
          10425      3.06602e+7 
          10475      3.01087e+7 
          10525      2.95434e+7 
          10575      2.90393e+7 
          10625       2.8525e+7 
          10675      2.79797e+7 
          10725      2.75308e+7 
          10775      2.70433e+7 
          10825      2.62786e+7 
          10875      2.61105e+7 
          10925      2.43943e+7 
          10975      2.50445e+7 
          11025      2.46793e+7 
          11075      2.43645e+7 
          11125      2.39451e+7 
          11175      2.35473e+7 
          11225      2.31424e+7 
          11275      2.27299e+7 
          11325      2.23096e+7 
          11375      2.19978e+7 
          11425      2.16172e+7 
          11475       2.1281e+7 
          11525      2.09379e+7 
          11575      2.05721e+7 
          11625      2.02461e+7 
          11675      1.98978e+7 
          11725      1.96085e+7 
          11775      1.92801e+7 
          11825      1.89749e+7 
          11875      1.86773e+7 
          11925      1.83822e+7 
          11975      1.79778e+7 
          12025       1.7801e+7 
          12075       1.7525e+7 
          12125      1.72442e+7 
          12175      1.69765e+7 
          12225      1.67132e+7 
          12275       1.6457e+7 
          12325      1.61965e+7 
          12375      1.59476e+7 
          12425      1.57097e+7 
          12475      1.54448e+7 
          12525       1.5187e+7 
          12575      1.49812e+7 
          12625      1.47602e+7 
          12675      1.45542e+7 
          12725      1.43379e+7 
          12775      1.39678e+7 
          12825      1.32583e+7 
          12875      1.36935e+7 
          12925      1.35027e+7 
          12975      1.32339e+7 
          13025      1.30961e+7 
          13075      1.29205e+7 
          13125      1.27337e+7 
          13175      1.25446e+7 
          13225       1.2367e+7 
          13275      1.21891e+7 
          13325      1.20032e+7 
          13375      1.18283e+7 
          13425      1.16547e+7 
          13475      1.15051e+7 
          13525      1.13293e+7 
          13575        1.118e+7 
          13625      1.10121e+7 
          13675       1.0868e+7 
          13725      1.07066e+7 
          13775      1.05738e+7 
          13825      1.04273e+7 
          13875      1.02801e+7 
          13925      1.01213e+7 
          13975      9.99458e+6 
          14025      9.85584e+6 
          14075      9.73212e+6 
          14125      9.59537e+6 
          14175      9.46817e+6 
          14225       9.3429e+6 
          14275      9.21471e+6 
          14325      9.09193e+6 
          14375      8.96881e+6 
          14425      8.85315e+6 
          14475      8.73546e+6 
          14525      8.61578e+6 
          14570      8.51774e+6 
          14620        8.406e+6 
          14675      8.28661e+6 
          14725       8.1783e+6 
          14775      8.06885e+6 
          14825      7.96807e+6 
          14875      7.86504e+6 
          14925      7.76407e+6 
          14975      7.66359e+6 
          15025      7.56043e+6 
          15075      7.45516e+6 
          15125      7.37038e+6 
          15175      7.27625e+6 
          15225      7.19018e+6 
          15275      7.08442e+6 
          15325      6.99463e+6 
          15375      6.92451e+6 
          15425      6.80227e+6 
          15475      6.75681e+6 
          15525      6.67709e+6 
          15575      6.52185e+6 
          15625      6.53511e+6 
          15675      6.41345e+6 
          15725      6.26898e+6 
          15775      6.30591e+6 
          15825      6.22866e+6 
          15875      5.97049e+6 
          15925      6.06408e+6 
          15975      6.02293e+6 
          16050      5.89862e+6 
          16150      5.65883e+6 
          16250      5.63876e+6 
          16350      5.48516e+6 
          16450      5.26386e+6 
          16550      5.25353e+6 
          16650      5.13205e+6 
          16750      4.98918e+6 
          16850      4.78962e+6 
          16950      4.78729e+6 
          17050      4.65536e+6 
          17150      4.57369e+6 
          17250      4.47271e+6 
          17350      4.25485e+6 
          17450      4.27229e+6 
          17550      4.18252e+6 
          17650      4.09124e+6 
          17750      4.00127e+6 
          17850      3.90785e+6 
          17950      3.83134e+6 
          18050       3.7461e+6 
          18150       3.5732e+6 
          18250      3.57837e+6 
          18350      3.51509e+6 
          18450      3.44067e+6 
          18550      3.36295e+6 
          18650      3.28095e+6 
          18750      3.13889e+6 
          18850      3.16579e+6 
          18950      3.09669e+6 
          19050      3.02897e+6 
          19150      2.97657e+6 
          19250      2.91705e+6 
          19350       2.8581e+6 
          19450      2.71656e+6 
          19550      2.74157e+6 
          19650      2.69188e+6 
          19750        2.639e+6 
          19850      2.58743e+6 
          19950      2.53704e+6 
          20050      2.48771e+6 
          20150      2.43998e+6 
          20250      2.39325e+6 
          20350      2.34759e+6 
          20450      2.30216e+6 
          20550      2.25305e+6 
          20650      2.21688e+6 
          20750      2.17456e+6 
          20850      2.13469e+6 
          20950      2.09427e+6 
          21050      2.05563e+6 
          21150      2.00963e+6 
          21250      1.98166e+6 
          21350      1.94529e+6 
          21450      1.90943e+6 
          21550      1.87544e+6 
          21650      1.78229e+6 
          21750      1.80758e+6 
          21850      1.77561e+6 
          21950      1.74508e+6 
          22050      1.71441e+6 
          22150       1.6843e+6 
          22250      1.65375e+6 
          22350      1.62593e+6 
          22450      1.59765e+6 
          22550      1.56996e+6 
          22650      1.54305e+6 
          22750      1.51656e+6 
          22850      1.49062e+6 
          22950      1.46543e+6 
          23050      1.44033e+6 
          23150      1.41631e+6 
          23250      1.39266e+6 
          23350      1.36942e+6 
          23450      1.34667e+6 
          23550      1.32419e+6 
          23650      1.30223e+6 
          23750      1.28087e+6 
          23850      1.26002e+6 
          23950      1.23914e+6 
          24050      1.21876e+6 
          24150      1.19881e+6 
          24250      1.18029e+6 
          24350      1.16058e+6 
          24450      1.14146e+6 
          24550      1.12468e+6 
          24650      1.10547e+6 
          24750      1.08628e+6 
          24850      1.07341e+6 
          24950      1.04994e+6 
          25050      1.04031e+6 
          25150      1.02473e+6 
          25250          998841 
          25350          993086 
          25450          979714 
          25550          963057 
          25650          934720 
          25750          934633 
          25850          921270 
          25950          907358 
          26050          891190 
          26150          859486 
          26250          836985 
          26350          853216 
          26450          841607 
          26550          828331 
          26650          815921 
          26750          783297 
          26850          791739 
          26950          781621 
          27050          770292 
          27150          759160 
          27250          748221 
          27350          737471 
          27450          726858 
          27550          697568 
          27650          702288 
          27750          696355 
          27850          686554 
          27950          676876 
          28050          667031 
          28150          658069 
          28250          648887 
          28350          639864 
          28450          631092 
          28550          622103 
          28650          612077 
          28750          586633 
          28850          597057 
          28950          588984 
          29050          581096 
          29150          573259 
          29250          565515 
          29350          557951 
          29450          550476 
          29550          543176 
          29650          535961 
          29750          528874 
          29850          521869 
          29950          514946 
          30050          508270 
          30150          501216 
          30250          495108 
          30350          475859 
          30450          477493 
          30550          475986 
          30650          469878 
          30750          463361 
          30850          457591 
          30950          452239 
          31050          446439 
          31150          440666 
          31250          434995 
          31350          429771 
          31450          424338 
          31550          419117 
          31650          413878 
          31750          408734 
          31850          403683 
          31950          398687 
          32100          391387 
          32300          381861 
          32500          372610 
          32700          363662 
          32900          347636 
          33100          345607 
          33300          338040 
          33500          330206 
          33700          322513 
          33900          315038 
          34100          307776 
          34300          300730 
          34500          293879 
          34700          287210 
          34900          280732 
          35100          274445 
          35300          268326 
          35500          262346 
          35700          256509 
          35900          251046 
          36100          245341 
          36300          240546 
          36500          234781 
          36700          230464 
          36900          224597 
          37100          220316 
          37300          214098 
          37500          207499 
          37700          207082 
          37900          202807 
          38100          197724 
          38300          193883 
          38500          190521 
          38700          186635 
          38900          182742 
          39100          177341 
          39300          175550 
          39500          172012 
          39700          168615 
          39900          165277 
          40100          161194 
          40300          156979 
          40500          152626 
          40700          152714 
          40900          149765 
          41100          146882 
          41300          143934 
          41500          141321 
          41700          136190 
          41900          135996 
          42100          133468 
          42300          130973 
          42500          128460 
          42700          126150 
          42900          123579 
          43100          121548 
          43300          119325 
          43500          117151 
          43700          112962 
          43900          112670 
          44100          110924 
          44300          108940 
          44500          107000 
          44700          105236 
          44900          103378 
          45100          101561 
          45300         99764.7 
          45500         98037.9 
          45700         96337.5 
          45900           94679 
          46100         93003.1 
          46300         91401.7 
          46500         87538.5 
          46700         86256.6 
          46900         86625.4 
          47100           85404 
          47300           83976 
          47500         82559.1 
          47700         81192.6 
          47900         79854.3 
          48100         78535.4 
          48300         77245.3 
          48500         75980.1 
          48700         74742.6 
          48900         73527.5 
          49100           72339 
          49300         71173.6 
          49500         70032.2 
          49700         68906.9 
          49900         67815.6 
          50100         66736.4 
          50300           65629 
          50500         64652.2 
          50700           63639 
          50900         62546.6 
          51100           61605 
          51300         59205.9 
          51500         59738.4 
          51700         58713.3 
          51900         57958.2 
          52100         57074.1 
          52300         56205.9 
          52500         55313.8 
          52700         54360.3 
          52900         53699.6 
          53100         52896.4 
          53300         52106.3 
          53500         51331.8 
          53700           50425 
          53900         49692.3 
          54100         49092.6 
          54300         48373.8 
          54500         47666.8 
          54700         46972.7 
          54900         46292.3 
          55100         45572.2 
          55300         44645.7 
          55500           44322 
          55700         43688.6 
          55900         43066.7 
          56100         42456.1 
          56300         41855.5 
          56500         41265.9 
          56700         40685.8 
          56900         40109.4 
          57100         39102.1 
          57300           38980 
          57500         38466.6 
          57700         37935.6 
          57900         37408.7 
          58100         36900.5 
          58300         36396.2 
          58500         35928.7 
          58700         35440.5 
          58900         34905.9 
          59100         33547.2 
          59300         33979.1 
          59500         33056.2 
          59700         32972.5 
          59900         32681.3 
          60100         32248.2 
          60300         31821.2 
          60500         31402.3 
          60700         30990.2 
          60900         30583.8 
          61100         30185.1 
          61300           29792 
          61500         29406.3 
          61700         29025.9 
          61900         28651.9 
          62100         28283.9 
          62300         27922.1 
          62500         27565.3 
          62700         27187.5 
          62900         26278.8 
          63100         26474.9 
          63300           26195 
          63500         25865.8 
          63700         25542.1 
          63900         25222.9 
          64200         24753.7 
          64600         24144.8 
          65000         23555.2 
          65400         22982.5 
          65800         22427.3 
          66200         21887.1 
          66600         21366.8 
          67000           20859 
          67400         20352.6 
          67800         19620.6 
          68200         19422.7 
          68600         18975.1 
          69000         18538.2 
          69400         18101.4 
          69800         17700.4 
          70200           17299 
          70600         16909.3 
          71000           16513 
          71400         16160.8 
          71800         15802.9 
          72200         15454.8 
          72600         15089.2 
          73000           14785 
          73400         14465.5 
          73800         14152.8 
          74200         13822.1 
          74600         13322.2 
          75000         12873.1 
          75400         12970.1 
          75800           12713 
          76200         12447.5 
          76600         12188.8 
          77000         11936.6 
          77400         11690.3 
          77800         11389.9 
          78200         11217.7 
          78600         10990.4 
          79000         10768.9 
          79400         10552.5 
          79800         10341.7 
          80200         10136.3 
          80600         9935.57 
          81000         9740.07 
          81400         9485.95 
          81800         9348.36 
          82200         9181.78 
          82600         9004.17 
          83000         8831.19 
          83400         8662.18 
          83800         8497.61 
          84200         8336.29 
          84600         8179.22 
          85000         8025.77 
          85400         7875.86 
          85800         7728.91 
          86200         7585.86 
          86600         7359.21 
          87000         7306.13 
          87400         7111.68 
          87800         6981.54 
          88200         6917.87 
          88600         6793.16 
          89000         6671.36 
          89400          6552.4 
          89800         6435.76 
          90200         6321.39 
          90600         6210.16 
          91000          6101.1 
          91400          5994.6 
          91800         5890.17 
          92200         5788.21 
          92600         5684.27 
          93000         5590.18 
          93400         5494.46 
          93800          5326.1 
          94200         5298.79 
          94600         5219.56 
          95000         5128.53 
          95400         5041.74 
          95800         4961.55 
          96200         4879.26 
          96600         4798.56 
          97000         4719.03 
          97400         4641.83 
          97800         4565.73 
          98200         4489.54 
          98600         4409.79 
          99000         4347.32 
          99400         4277.32 
          99800         4208.69 
         100200         4141.38 
         200000         255.328 
         400000         15.5074 
         600000         3.00892 
         800000        0.940175 
         1.0e+6        0.381439 
         1.2e+6        0.182504 
         1.4e+6       0.0978574 
         1.6e+6       0.0570333 
