# Kurucz ODFNEW /NOVER (2003)
# teff = 16000 K (value for the effective temperature for the model. Temperatures are given in K)
# logg = 3.5 log(cm/s2) (value for Log(G) for the model.)
# meta = 0.5  (value for the Metallicity for the model.)
# lh = 1.25  (l/Hp where l is the  mixing length of the convective element and Hp is the pressure scale height)
# vtur = 2 km/s (Microturbulence velocity)
# alpha = 0.4  (Alpha)
#
# column 1: WAVELENGTH (ANGSTROM), Wavelength in Angstrom
# column 2: FLUX (ERG/CM2/S/A), Flux in erg/cm2/s/A
          173.4     1.01079e-22 
          176.8     5.23028e-22 
          180.2       2.331e-21 
          181.7     4.39593e-21 
          186.1     2.66775e-20 
            191     1.80294e-19 
          193.9      5.3207e-19 
          198.4     2.68297e-18 
          201.8     8.70886e-18 
            205     2.55055e-17 
          210.5     1.48982e-16 
          216.2     8.44575e-16 
          219.8     2.41218e-15 
            223     5.94347e-15 
          226.8     1.68011e-14 
            230     3.88038e-14 
            234       1.143e-13 
            240     5.02404e-13 
          246.5     2.29148e-12 
          252.4     8.48836e-12 
          256.8     2.15831e-11 
            260     4.20276e-11 
            264     9.38688e-11 
          268.5      2.2485e-10 
          273.5     5.72632e-10 
          278.5      1.41478e-9 
            284      3.70031e-9 
            290      1.00485e-8 
            296      2.61427e-8 
            301      5.63716e-8 
            308      1.58461e-7 
            318        6.423e-7 
            328      2.35029e-6 
            338      8.07348e-6 
            348      2.55723e-5 
            357      7.09983e-5 
            366     0.000180906 
            375     0.000433858 
            385      0.00109846 
            395      0.00263668 
            405       0.0060658 
            414       0.0124044 
            422        0.022682 
            430       0.0405763 
            441       0.0874601 
            451        0.169696 
            460         0.29939 
            470        0.548893 
            480         0.97827 
            490         1.70226 
            500         2.89132 
            506         25.3742 
            512         145.148 
            520         203.648 
            530         316.015 
            540         422.412 
            550         696.184 
            560         981.827 
            570         1425.52 
            580         3176.11 
            590         4857.33 
            600          6521.4 
            610          8902.4 
            620         10994.1 
            630         13852.3 
            640         16304.4 
            650           19787 
            658         25423.1 
            665         27962.6 
            675         33676.4 
            685         40614.3 
            695           50731 
            705           59164 
            716         71686.1 
            726         84533.9 
            735         95726.1 
            745          115478 
            755          136033 
            765          159350 
            775          187203 
            785          217054 
            795          243762 
            805          276781 
            815          312279 
            825          359463 
            835          379012 
            845          443306 
            855          503022 
            865          566082 
            875          635538 
            885          730876 
            895          813306 
            905          849110 
            915      3.35474e+6 
            925      2.20452e+7 
            935      5.38059e+7 
            945      1.62934e+8 
            955      2.96708e+8 
            965      4.58924e+8 
            975      9.69619e+7 
            985      4.80704e+8 
            995      4.66143e+8 
           1005      6.16142e+8 
           1015      7.06305e+8 
           1025        2.099e+8 
           1035       3.3608e+8 
           1045      1.04195e+9 
           1055      1.08044e+9 
           1065      7.99046e+8 
           1075      1.17052e+9 
           1085      9.73837e+8 
           1095      1.29154e+9 
           1105      9.89535e+8 
           1115      1.02214e+9 
           1125      1.12171e+9 
           1135      1.73262e+9 
           1145      1.48867e+9 
           1155      1.75086e+9 
           1165      1.92658e+9 
           1175      1.46975e+9 
           1185      1.75202e+9 
           1195      3.22615e+8 
           1205      1.97167e+8 
           1215      1.93953e+8 
           1225      8.31999e+8 
           1235        2.214e+9 
           1245      2.54689e+9 
           1255      2.45887e+9 
           1265      1.80275e+9 
           1275      2.15594e+9 
           1285      2.66983e+9 
           1295      1.07855e+9 
           1305      5.95281e+8 
           1315       2.2152e+9 
           1325      2.34862e+9 
           1335       1.7922e+9 
           1345      2.53919e+9 
           1355       2.4364e+9 
           1365      1.93027e+9 
           1375      2.10261e+9 
           1385      2.10535e+9 
           1395      1.74619e+9 
           1405       1.8571e+9 
           1415       1.8221e+9 
           1425      2.05022e+9 
           1435       2.0437e+9 
           1442      2.27592e+9 
           1447      2.30646e+9 
           1455      2.23811e+9 
           1465      2.05477e+9 
           1475      2.02371e+9 
           1485      2.06266e+9 
           1495      2.11826e+9 
           1505      1.90891e+9 
           1512      1.68232e+9 
           1517      1.85918e+9 
           1525      1.83616e+9 
           1535      1.56417e+9 
           1545      1.70734e+9 
           1555      1.61082e+9 
           1565      1.62691e+9 
           1575      1.72933e+9 
           1585      1.82979e+9 
           1595      1.85653e+9 
           1605      1.81402e+9 
           1615      1.86384e+9 
           1625      1.71329e+9 
           1635      1.86601e+9 
           1645      1.87583e+9 
           1655      1.67553e+9 
           1665      1.87357e+9 
           1672      1.71844e+9 
           1677      1.83159e+9 
           1685      1.95342e+9 
           1695      1.80443e+9 
           1705      1.69144e+9 
           1715      1.51935e+9 
           1725      1.52559e+9 
           1735      1.63759e+9 
           1745      1.60143e+9 
           1755      1.70444e+9 
           1765      1.53825e+9 
           1775      1.52312e+9 
           1785      1.59171e+9 
           1795      1.73409e+9 
           1805      1.73435e+9 
           1815      1.48966e+9 
           1825      1.57269e+9 
           1835      1.46934e+9 
           1845      1.33658e+9 
           1855      1.21087e+9 
           1865      1.27839e+9 
           1875       1.5253e+9 
           1885      1.34524e+9 
           1895      1.24222e+9 
           1905      1.37953e+9 
           1915        1.265e+9 
           1925       1.2465e+9 
           1935      1.34725e+9 
           1945      1.33702e+9 
           1955      1.22904e+9 
           1967      1.40757e+9 
           1976      1.46714e+9 
           1984      1.34699e+9 
           1995      1.29744e+9 
           2005      1.37533e+9 
           2015      1.26188e+9 
           2025      1.40894e+9 
           2035      1.25931e+9 
           2045      1.32134e+9 
           2055      1.20681e+9 
           2065      1.25214e+9 
           2074      1.34893e+9 
           2078      1.21244e+9 
           2085       1.2986e+9 
           2095      1.20203e+9 
           2105      1.22541e+9 
           2115      1.24307e+9 
           2125      1.25334e+9 
           2135      1.15344e+9 
           2145      1.17497e+9 
           2155      1.23945e+9 
           2165      1.20135e+9 
           2175      1.18475e+9 
           2185      1.12264e+9 
           2195      1.17467e+9 
           2205      1.14351e+9 
           2215      1.08952e+9 
           2225      1.03081e+9 
           2235      1.10261e+9 
           2245      1.05349e+9 
           2255      9.92827e+8 
           2265      1.03548e+9 
           2275      1.06825e+9 
           2285      1.08201e+9 
           2295      1.02304e+9 
           2305      9.89149e+8 
           2315      9.32118e+8 
           2325      9.08994e+8 
           2335      8.56934e+8 
           2345      8.56972e+8 
           2355      8.81228e+8 
           2365      8.28731e+8 
           2375      8.44742e+8 
           2385      7.97538e+8 
           2395      8.65436e+8 
           2405      8.09926e+8 
           2415       8.2991e+8 
           2425      8.54278e+8 
           2435      8.09343e+8 
           2445      8.58571e+8 
           2455      8.34339e+8 
           2465      8.37442e+8 
           2475      7.99938e+8 
           2485      8.45856e+8 
           2495      8.07317e+8 
           2505      8.49994e+8 
           2513      7.76465e+8 
           2518      8.19196e+8 
           2525      7.69634e+8 
           2535      7.79403e+8 
           2545      7.32517e+8 
           2555      7.76828e+8 
           2565      7.63912e+8 
           2575      8.10773e+8 
           2585       7.9831e+8 
           2595      8.04421e+8 
           2605      7.73997e+8 
           2615      7.67538e+8 
           2625      7.74221e+8 
           2635      7.78231e+8 
           2645      8.00466e+8 
           2655      7.93913e+8 
           2665      7.42614e+8 
           2675      7.71925e+8 
           2685      7.57355e+8 
           2695      7.37429e+8 
           2705      7.46506e+8 
           2715      7.24151e+8 
           2725      7.18288e+8 
           2735      7.45428e+8 
           2745      6.80361e+8 
           2755      6.75778e+8 
           2765      6.87505e+8 
           2775      7.08438e+8 
           2785      7.07683e+8 
           2795      6.35307e+8 
           2805      6.73495e+8 
           2815      6.97529e+8 
           2825      6.89767e+8 
           2835       6.4877e+8 
           2845       6.3826e+8 
           2855      6.45166e+8 
           2865      6.61875e+8 
           2875      6.47525e+8 
           2885      6.48973e+8 
           2895      6.40721e+8 
           2910      6.53574e+8 
           2930      6.34282e+8 
           2950       6.2294e+8 
           2970      6.17525e+8 
           2990      6.07648e+8 
           3010      6.06336e+8 
           3030      6.01313e+8 
           3050      5.86932e+8 
           3070      5.76112e+8 
           3090      5.69547e+8 
           3110      5.56169e+8 
           3130      5.49661e+8 
           3150      5.43159e+8 
           3170      5.30815e+8 
           3190      5.11815e+8 
           3210      5.12514e+8 
           3230      5.04489e+8 
           3250      4.98585e+8 
           3270      4.92786e+8 
           3290      4.86013e+8 
           3310      4.81051e+8 
           3330      4.70602e+8 
           3350      4.60736e+8 
           3370      4.54886e+8 
           3390      4.47731e+8 
           3410      4.43628e+8 
           3430      4.35588e+8 
           3450      4.28242e+8 
           3470      4.20879e+8 
           3490       4.1542e+8 
           3510      4.10944e+8 
           3530      4.05877e+8 
           3550       4.0039e+8 
           3570       3.9497e+8 
           3590       3.8608e+8 
           3610      3.80889e+8 
           3630      3.76303e+8 
           3640      3.75461e+8 
           3650      3.72219e+8 
           3670      3.67502e+8 
           3690      3.55007e+8 
           3710      3.53517e+8 
           3730      3.53499e+8 
           3750      4.11382e+8 
           3770      4.19089e+8 
           3790      4.54149e+8 
           3810      4.82068e+8 
           3830      4.11762e+8 
           3850      4.91851e+8 
           3870      5.00867e+8 
           3890      3.87955e+8 
           3910      4.99838e+8 
           3930       4.8069e+8 
           3950      4.81364e+8 
           3970      3.60908e+8 
           3990      4.59787e+8 
           4010      4.62639e+8 
           4030      4.37065e+8 
           4050      4.52443e+8 
           4070      4.34157e+8 
           4090      4.05801e+8 
           4110      3.45839e+8 
           4130      4.08338e+8 
           4150      4.08939e+8 
           4170      4.06261e+8 
           4190      4.02757e+8 
           4210      3.99704e+8 
           4230      3.92375e+8 
           4250      3.83769e+8 
           4270      3.71091e+8 
           4290      3.72367e+8 
           4310      3.64174e+8 
           4330      3.26337e+8 
           4350      2.92723e+8 
           4370      3.45464e+8 
           4390      3.36791e+8 
           4410      3.40174e+8 
           4430      3.31812e+8 
           4450      3.32583e+8 
           4470      3.16133e+8 
           4490      3.16892e+8 
           4510      3.18718e+8 
           4530      3.10953e+8 
           4550      3.07061e+8 
           4570      3.04866e+8 
           4590      2.99176e+8 
           4610      2.95079e+8 
           4630      2.88229e+8 
           4650      2.84867e+8 
           4670      2.81896e+8 
           4690      2.79634e+8 
           4710        2.675e+8 
           4730      2.68576e+8 
           4750      2.64667e+8 
           4770      2.65399e+8 
           4790      2.60035e+8 
           4810      2.53643e+8 
           4830      2.48995e+8 
           4850      2.29377e+8 
           4870      2.00652e+8 
           4890      2.39882e+8 
           4910      2.37119e+8 
           4930      2.29728e+8 
           4950       2.3218e+8 
           4970      2.30361e+8 
           4990      2.26143e+8 
           5010       2.1565e+8 
           5030      2.17557e+8 
           5050      2.10578e+8 
           5070      2.13478e+8 
           5090      2.09899e+8 
           5110      2.05922e+8 
           5130      2.03103e+8 
           5150      1.99767e+8 
           5170      1.98915e+8 
           5190      1.96168e+8 
           5210      1.89669e+8 
           5230      1.91182e+8 
           5250      1.89373e+8 
           5270      1.85727e+8 
           5290      1.85591e+8 
           5310      1.82124e+8 
           5330      1.79328e+8 
           5350      1.76779e+8 
           5370      1.75922e+8 
           5390      1.73802e+8 
           5410      1.70691e+8 
           5430      1.67967e+8 
           5450      1.66432e+8 
           5470      1.63555e+8 
           5490      1.63216e+8 
           5510      1.60842e+8 
           5530      1.58867e+8 
           5550      1.57174e+8 
           5570      1.54954e+8 
           5590      1.53546e+8 
           5610      1.51568e+8 
           5630      1.50504e+8 
           5650      1.45523e+8 
           5670      1.44428e+8 
           5690      1.44008e+8 
           5710      1.42977e+8 
           5730      1.41465e+8 
           5750      1.39639e+8 
           5770      1.38175e+8 
           5790      1.36402e+8 
           5810       1.3456e+8 
           5830      1.32962e+8 
           5850      1.31515e+8 
           5870       1.2686e+8 
           5890       1.2739e+8 
           5910      1.26637e+8 
           5930      1.25666e+8 
           5950       1.2279e+8 
           5970       1.2254e+8 
           5990      1.20788e+8 
           6010      1.20163e+8 
           6030      1.18569e+8 
           6050      1.17282e+8 
           6070      1.15877e+8 
           6090      1.14315e+8 
           6110      1.13467e+8 
           6130      1.12196e+8 
           6150      1.09356e+8 
           6170       1.0941e+8 
           6190      1.08488e+8 
           6210      1.07145e+8 
           6230      1.05876e+8 
           6250      1.03965e+8 
           6270      1.03437e+8 
           6290      1.02238e+8 
           6310      1.00824e+8 
           6330      1.00113e+8 
           6350      9.76054e+7 
           6370      9.71884e+7 
           6390      9.65994e+7 
           6410      9.55758e+7 
           6430      9.50459e+7 
           6450      9.35156e+7 
           6470      9.28034e+7 
           6490      9.16957e+7 
           6510      9.03331e+7 
           6530      8.90649e+7 
           6550      8.44975e+7 
           6570      7.32357e+7 
           6590      8.54605e+7 
           6610      8.58762e+7 
           6630      8.52783e+7 
           6650       8.4422e+7 
           6670       8.2808e+7 
           6690      8.20535e+7 
           6710      8.17274e+7 
           6730      8.09006e+7 
           6750       8.0168e+7 
           6770      7.94271e+7 
           6790       7.8128e+7 
           6810       7.7656e+7 
           6830      7.65946e+7 
           6850      7.61488e+7 
           6870      7.53923e+7 
           6890      7.46259e+7 
           6910      7.38664e+7 
           6930      7.27699e+7 
           6950      7.24211e+7 
           6970      7.17277e+7 
           6990      7.09261e+7 
           7010      7.01126e+7 
           7030      6.94536e+7 
           7050         6.86e+7 
           7070      6.72484e+7 
           7090      6.75658e+7 
           7110      6.65483e+7 
           7130      6.59406e+7 
           7150      6.53924e+7 
           7170      6.48185e+7 
           7190      6.42886e+7 
           7210      6.36976e+7 
           7230      6.23223e+7 
           7250      6.21854e+7 
           7270      6.18487e+7 
           7290      6.09533e+7 
           7310      6.06216e+7 
           7330       6.0062e+7 
           7350      5.95633e+7 
           7370       5.8988e+7 
           7390      5.84215e+7 
           7410      5.78623e+7 
           7430      5.70271e+7 
           7450      5.66202e+7 
           7470      5.59137e+7 
           7490      5.54859e+7 
           7510      5.50685e+7 
           7530      5.45757e+7 
           7550      5.41026e+7 
           7570      5.36402e+7 
           7590      5.30126e+7 
           7610      5.26771e+7 
           7630      5.21651e+7 
           7650      5.16693e+7 
           7670      5.12068e+7 
           7690      5.07223e+7 
           7710      5.02776e+7 
           7730      4.97612e+7 
           7750      4.93504e+7 
           7770      4.81157e+7 
           7790      4.84587e+7 
           7810      4.80361e+7 
           7830      4.76103e+7 
           7850      4.68019e+7 
           7870      4.65127e+7 
           7890      4.58862e+7 
           7910      4.58405e+7 
           7930      4.55065e+7 
           7950      4.46621e+7 
           7970      4.46423e+7 
           7990      4.37186e+7 
           8010      4.39122e+7 
           8030      4.35003e+7 
           8050      4.30426e+7 
           8070      4.27595e+7 
           8090      4.23273e+7 
           8110      4.19355e+7 
           8130       4.1559e+7 
           8150       4.1247e+7 
           8170      4.09403e+7 
           8190      4.04867e+7 
           8210      3.99231e+7 
           8230      3.93271e+7 
           8250      3.94776e+7 
           8270      3.90771e+7 
           8290      3.87632e+7 
           8310       3.8423e+7 
           8330      3.81747e+7 
           8350      3.77597e+7 
           8370      3.73928e+7 
           8390      3.71955e+7 
           8410      3.68009e+7 
           8430      3.64171e+7 
           8450       3.5692e+7 
           8470      3.54685e+7 
           8490       3.5656e+7 
           8510      3.44872e+7 
           8530      3.54849e+7 
           8550      3.31407e+7 
           8570      3.54935e+7 
           8590      3.33955e+7 
           8610      3.29107e+7 
           8630      3.51423e+7 
           8650      3.39649e+7 
           8670      3.02135e+7 
           8690      3.43105e+7 
           8710      3.48255e+7 
           8730      3.37111e+7 
           8750      2.89161e+7 
           8770      3.25172e+7 
           8790      3.37878e+7 
           8810      3.37559e+7 
           8830      3.30485e+7 
           8850      3.09339e+7 
           8870      2.76654e+7 
           8890      3.20662e+7 
           8910      3.23182e+7 
           8930      3.19756e+7 
           8950      3.20257e+7 
           8970      3.16827e+7 
           8990      3.08249e+7 
           9010      2.65915e+7 
           9030      2.83486e+7 
           9050      3.04102e+7 
           9070      3.00885e+7 
           9090      2.99717e+7 
           9110      2.99229e+7 
           9130      2.97675e+7 
           9150      2.95714e+7 
           9170      2.91894e+7 
           9190      2.87819e+7 
           9210      2.75694e+7 
           9230      2.34193e+7 
           9250      2.69308e+7 
           9270       2.7332e+7 
           9290      2.78195e+7 
           9310      2.76362e+7 
           9330       2.7407e+7 
           9350      2.72994e+7 
           9370      2.71208e+7 
           9390      2.68789e+7 
           9410      2.63469e+7 
           9430      2.64768e+7 
           9450      2.62978e+7 
           9470      2.59768e+7 
           9490      2.57666e+7 
           9510      2.53163e+7 
           9530      2.41611e+7 
           9550      2.09153e+7 
           9570      2.42467e+7 
           9590      2.47441e+7 
           9610      2.46054e+7 
           9630      2.41385e+7 
           9650      2.43585e+7 
           9670      2.40971e+7 
           9690      2.39612e+7 
           9710      2.37835e+7 
           9730      2.36401e+7 
           9750      2.34029e+7 
           9770      2.32942e+7 
           9790      2.31099e+7 
           9810      2.29261e+7 
           9830      2.26894e+7 
           9850      2.25733e+7 
           9870      2.24088e+7 
           9890      2.21526e+7 
           9910      2.19843e+7 
           9930      2.19039e+7 
           9950      2.17379e+7 
           9970      2.15518e+7 
           9990       2.1375e+7 
          10025      2.01933e+7 
          10075      1.93097e+7 
          10125      2.01771e+7 
          10175      1.99964e+7 
          10225      1.96684e+7 
          10275      1.93236e+7 
          10325      1.89298e+7 
          10375      1.86344e+7 
          10425      1.83206e+7 
          10475      1.79778e+7 
          10525      1.76564e+7 
          10575      1.73615e+7 
          10625      1.70717e+7 
          10675      1.66692e+7 
          10725      1.64709e+7 
          10775      1.61866e+7 
          10825      1.57655e+7 
          10875      1.56058e+7 
          10925      1.40155e+7 
          10975      1.47563e+7 
          11025      1.47982e+7 
          11075      1.46323e+7 
          11125      1.43891e+7 
          11175      1.41451e+7 
          11225      1.39183e+7 
          11275      1.35705e+7 
          11325      1.33801e+7 
          11375      1.32436e+7 
          11425      1.30249e+7 
          11475      1.28263e+7 
          11525      1.26146e+7 
          11575      1.24162e+7 
          11625      1.21741e+7 
          11675      1.19974e+7 
          11725       1.1824e+7 
          11775      1.15803e+7 
          11825      1.14603e+7 
          11875      1.12723e+7 
          11925      1.11149e+7 
          11975      1.08836e+7 
          12025       1.0774e+7 
          12075      1.06067e+7 
          12125      1.04425e+7 
          12175      1.02835e+7 
          12225      1.01244e+7 
          12275      9.96982e+6 
          12325       9.8194e+6 
          12375      9.67601e+6 
          12425      9.53435e+6 
          12475      9.36149e+6 
          12525      9.23959e+6 
          12575       9.0905e+6 
          12625      8.97089e+6 
          12675      8.84374e+6 
          12725      8.71157e+6 
          12775      8.46068e+6 
          12825       7.7297e+6 
          12875      8.28545e+6 
          12925      8.22102e+6 
          12975      8.08281e+6 
          13025      7.99134e+6 
          13075      7.87657e+6 
          13125       7.7655e+6 
          13175      7.63722e+6 
          13225      7.54684e+6 
          13275      7.44093e+6 
          13325       7.3366e+6 
          13375      7.23426e+6 
          13425      7.12759e+6 
          13475      7.03226e+6 
          13525      6.93196e+6 
          13575      6.83949e+6 
          13625      6.74494e+6 
          13675      6.64575e+6 
          13725      6.55682e+6 
          13775      6.47516e+6 
          13825      6.38741e+6 
          13875      6.30173e+6 
          13925      6.21382e+6 
          13975      6.13162e+6 
          14025       6.0514e+6 
          14075      5.96969e+6 
          14125       5.8886e+6 
          14175      5.81414e+6 
          14225       5.7374e+6 
          14275      5.66216e+6 
          14325      5.58782e+6 
          14375      5.51346e+6 
          14425      5.43149e+6 
          14475      5.36563e+6 
          14525      5.29732e+6 
          14570      5.24193e+6 
          14620      5.17318e+6 
          14675      5.10334e+6 
          14725      5.03608e+6 
          14775      4.96909e+6 
          14825      4.91283e+6 
          14875      4.85057e+6 
          14925      4.79174e+6 
          14975      4.73006e+6 
          15025       4.6721e+6 
          15075      4.60751e+6 
          15125       4.5542e+6 
          15175      4.49659e+6 
          15225      4.44159e+6 
          15275      4.38027e+6 
          15325      4.32366e+6 
          15375      4.28045e+6 
          15425      4.20207e+6 
          15475      4.17843e+6 
          15525      4.12873e+6 
          15575      4.02369e+6 
          15625        4.058e+6 
          15675      3.95825e+6 
          15725       3.8641e+6 
          15775      3.92443e+6 
          15825      3.87499e+6 
          15875       3.6545e+6 
          15925      3.75652e+6 
          15975      3.75858e+6 
          16050      3.66489e+6 
          16150      3.49326e+6 
          16250      3.53842e+6 
          16350      3.41396e+6 
          16450      3.24992e+6 
          16550       3.3054e+6 
          16650       3.2317e+6 
          16750      3.10944e+6 
          16850      2.95866e+6 
          16950      3.01263e+6 
          17050      2.94253e+6 
          17150      2.88373e+6 
          17250      2.81823e+6 
          17350      2.61851e+6 
          17450      2.68298e+6 
          17550        2.641e+6 
          17650      2.58491e+6 
          17750       2.5267e+6 
          17850      2.47494e+6 
          17950       2.4251e+6 
          18050      2.36477e+6 
          18150      2.21299e+6 
          18250      2.24796e+6 
          18350      2.22599e+6 
          18450      2.18145e+6 
          18550      2.13314e+6 
          18650      2.08043e+6 
          18750      1.95254e+6 
          18850      2.00503e+6 
          18950       1.9683e+6 
          19050      1.92692e+6 
          19150      1.89175e+6 
          19250      1.85415e+6 
          19350       1.8132e+6 
          19450      1.68984e+6 
          19550      1.74199e+6 
          19650      1.71426e+6 
          19750      1.68101e+6 
          19850      1.64872e+6 
          19950      1.61718e+6 
          20050      1.58656e+6 
          20150      1.55638e+6 
          20250      1.52708e+6 
          20350      1.49847e+6 
          20450      1.47033e+6 
          20550      1.44116e+6 
          20650      1.41637e+6 
          20750      1.39033e+6 
          20850      1.36489e+6 
          20950      1.33945e+6 
          21050      1.31544e+6 
          21150      1.28888e+6 
          21250      1.26802e+6 
          21350      1.24427e+6 
          21450      1.22279e+6 
          21550      1.19889e+6 
          21650      1.12001e+6 
          21750      1.15409e+6 
          21850      1.13889e+6 
          21950      1.11861e+6 
          22050      1.10012e+6 
          22150      1.08099e+6 
          22250      1.06232e+6 
          22350      1.04416e+6 
          22450      1.02636e+6 
          22550      1.00883e+6 
          22650          991864 
          22750          975084 
          22850          958775 
          22950          942785 
          23050          927106 
          23150          911803 
          23250          896798 
          23350          882085 
          23450          867796 
          23550          853581 
          23650          839642 
          23750          826175 
          23850          812970 
          23950          799561 
          24050          786413 
          24150          773583 
          24250          762155 
          24350          749682 
          24450          737449 
          24550          726828 
          24650          714557 
          24750          703074 
          24850          694377 
          24950          678594 
          25050          673367 
          25150          663199 
          25250          645311 
          25350          642516 
          25450          634452 
          25550          622975 
          25650          603296 
          25750          605267 
          25850          597661 
          25950          588756 
          26050          576306 
          26150          554443 
          26250          533956 
          26350          552298 
          26450          547483 
          26550          539893 
          26650          529585 
          26750          503494 
          26850          514278 
          26950          509737 
          27050          502526 
          27150          495391 
          27250          488332 
          27350          481408 
          27450          473513 
          27550          449513 
          27650          454018 
          27750          454690 
          27850          448662 
          27950          442443 
          28050          436326 
          28150          430260 
          28250          424288 
          28350          418333 
          28450          412893 
          28550          407108 
          28650          397698 
          28750          377900 
          28850          389777 
          28950          385422 
          29050          380670 
          29150          375518 
          29250          370603 
          29350          365638 
          29450          360848 
          29550          356171 
          29650          351497 
          29750          346920 
          29850          342413 
          29950          337972 
          30050          333578 
          30150          329272 
          30250          324459 
          30350          308558 
          30450          310074 
          30550          312176 
          30650          308831 
          30750          304878 
          30850          300537 
          30950          297281 
          31050          293575 
          31150          289908 
          31250          286284 
          31350          282755 
          31450          279250 
          31550          275825 
          31650          272370 
          31750          269083 
          31850          265814 
          31950          262562 
          32100          257814 
          32300          251634 
          32500          245629 
          32700          239787 
          32900          226878 
          33100          226954 
          33300          222989 
          33500          217914 
          33700          212887 
          33900          208042 
          34100          203325 
          34300          198722 
          34500          194288 
          34700          189928 
          34900          185691 
          35100          181615 
          35300          177621 
          35500          173733 
          35700          169927 
          35900          166314 
          36100          162615 
          36300          159281 
          36500          155686 
          36700          152617 
          36900          149003 
          37100          146164 
          37300          141338 
          37500          136876 
          37700          137358 
          37900          134655 
          38100          131286 
          38300          128742 
          38500          126818 
          38700          124309 
          38900          121413 
          39100          117804 
          39300          116895 
          39500          114606 
          39700          112460 
          39900          110245 
          40100          107133 
          40300          104497 
          40500          101024 
          40700          101869 
          40900          100033 
          41100         98131.5 
          41300         96251.3 
          41500         94326.2 
          41700         90388.3 
          41900         90793.5 
          42100           89274 
          42300         87625.4 
          42500         86003.8 
          42700         84437.6 
          42900         82855.9 
          43100           81389 
          43300         79919.5 
          43500         78449.7 
          43700         75125.3 
          43900           75195 
          44100         74355.6 
          44300         73042.7 
          44500           71756 
          44700         70549.7 
          44900         69262.9 
          45100           68061 
          45300         66855.5 
          45500         65726.8 
          45700         64597.2 
          45900         63493.7 
          46100           62398 
          46300         61269.6 
          46500         58278.3 
          46700         57358.7 
          46900         58083.1 
          47100         57329.4 
          47300         56421.3 
          47500           55518 
          47700         54639.5 
          47900         53768.8 
          48100           52891 
          48300         52027.6 
          48500         51184.6 
          48700         50363.2 
          48900         49550.3 
          49100         48756.8 
          49300         47965.2 
          49500         47221.7 
          49700         46427.5 
          49900         45742.9 
          50100         45006.2 
          50300         44236.6 
          50500         43632.8 
          50700         42940.4 
          50900         42167.4 
          51100         41436.9 
          51300         39544.1 
          51500         40220.5 
          51700         39622.3 
          51900         39135.7 
          52100         38565.2 
          52300           37983 
          52500         37356.5 
          52700         36714.1 
          52900         36309.1 
          53100         35772.9 
          53300           35245 
          53500         34726.6 
          53700           34083 
          53900         33584.2 
          54100         33226.9 
          54300         32742.4 
          54500         32271.7 
          54700           31807 
          54900         31350.7 
          55100         30823.2 
          55300         30215.1 
          55500         30017.3 
          55700           29603 
          55900         29186.6 
          56100         28775.3 
          56300         28375.1 
          56500         27978.7 
          56700         27589.5 
          56900         27170.1 
          57100         26477.5 
          57300         26400.9 
          57500           26099 
          57700           25743 
          57900         25392.4 
          58100         25047.1 
          58300         24708.2 
          58500         24404.2 
          58700         24039.2 
          58900         23617.7 
          59100         22521.9 
          59300         23006.6 
          59500         22394.7 
          59700         22326.3 
          59900         22182.7 
          60100         21926.8 
          60300         21639.6 
          60500         21357.9 
          60700         21079.3 
          60900           20806 
          61100         20536.8 
          61300         20272.7 
          61500         20012.6 
          61700         19756.4 
          61900           19504 
          62100         19255.5 
          62300         19011.7 
          62500         18767.8 
          62700         18459.4 
          62900         17784.2 
          63100         17968.8 
          63300         17834.7 
          63500         17620.7 
          63700         17404.4 
          63900         17190.5 
          64200         16873.9 
          64600         16462.4 
          65000         16063.4 
          65400         15677.2 
          65800         15301.9 
          66200         14933.6 
          66600           14584 
          67000         14241.7 
          67400         13872.5 
          67800         13317.5 
          68200           13259 
          68600         12964.7 
          69000           12670 
          69400         12372.6 
          69800         12102.1 
          70200           11830 
          70600         11564.8 
          71000         11295.2 
          71400         11056.6 
          71800         10814.7 
          72200         10578.8 
          72600         10328.2 
          73000         10121.3 
          73400         9906.39 
          73800         9694.85 
          74200         9471.54 
          74600         9054.78 
          75000         8743.47 
          75400         8862.34 
          75800         8716.59 
          76200         8536.43 
          76600         8359.55 
          77000         8188.42 
          77400         8016.59 
          77800          7807.4 
          78200         7695.08 
          78600            7545 
          79000         7394.54 
          79400         7247.32 
          79800         7103.27 
          80200         6963.48 
          80600         6826.68 
          81000         6693.39 
          81400         6509.51 
          81800          6415.6 
          82200         6312.61 
          82600         6191.99 
          83000         6073.93 
          83400          5958.4 
          83800         5845.86 
          84200         5736.25 
          84600         5628.97 
          85000         5523.97 
          85400         5421.73 
          85800         5321.65 
          86200         5220.16 
          86600         5050.98 
          87000         5022.56 
          87400         4870.71 
          87800         4783.13 
          88200         4767.01 
          88600         4681.55 
          89000         4598.47 
          89400         4516.97 
          89800          4437.2 
          90200         4359.22 
          90600         4282.91 
          91000         4208.31 
          91400         4135.29 
          91800         4063.84 
          92200         3993.91 
          92600         3922.23 
          93000         3858.55 
          93400         3790.46 
          93800         3657.75 
          94200         3646.83 
          94600         3604.52 
          95000         3541.21 
          95400          3481.9 
          95800         3427.64 
          96200         3371.11 
          96600         3315.71 
          97000         3261.12 
          97400         3208.26 
          97800         3156.19 
          98200          3102.4 
          98600         3048.41 
          99000         3006.11 
          99400          2958.1 
          99800         2911.02 
         100200         2864.86 
         200000         179.059 
         400000         10.9473 
         600000         2.12674 
         800000        0.664339 
         1.0e+6        0.269362 
         1.2e+6        0.128815 
         1.4e+6       0.0690414 
         1.6e+6       0.0402218 
