# Kurucz ODFNEW /NOVER (2003)
# teff = 5750 K (value for the effective temperature for the model. Temperatures are given in K)
# logg = 2.5 log(cm/s2) (value for Log(G) for the model.)
# meta = 0.5  (value for the Metallicity for the model.)
# lh = 1.25  (l/Hp where l is the  mixing length of the convective element and Hp is the pressure scale height)
# vtur = 2 km/s (Microturbulence velocity)
# alpha = 0.4  (Alpha)
#
# column 1: WAVELENGTH (ANGSTROM), Wavelength in Angstrom
# column 2: FLUX (ERG/CM2/S/A), Flux in erg/cm2/s/A
            162    3.52441e-100 
            166     1.74488e-97 
          170.3     9.89077e-95 
          173.4      7.8354e-93 
          176.8     7.92273e-91 
          180.2     6.71144e-89 
          181.7     4.50833e-88 
          186.1     1.00585e-85 
            191     3.07726e-83 
          193.9      7.9106e-82 
          198.4     1.00761e-79 
          201.8     3.39705e-78 
            205     8.36478e-77 
          210.5     1.62696e-74 
          216.2     2.87352e-72 
          219.8     6.55237e-71 
            223      9.6635e-70 
          226.8     2.13668e-68 
            230     2.67499e-67 
            234     5.69112e-66 
            240     4.59512e-64 
          246.5     4.18318e-62 
          252.4     2.04462e-60 
          256.8     3.30061e-59 
            260     2.34876e-58 
            264     2.54904e-57 
          268.5     3.41141e-56 
          273.5     5.49464e-55 
          278.5     7.99968e-54 
            284     1.36024e-52 
            290     2.63706e-51 
            296     4.51133e-50 
            301     4.40386e-49 
            308     9.41268e-48 
            318     5.86865e-46 
            328     2.82176e-44 
            338     1.06993e-42 
            348     3.27069e-41 
            357     5.98811e-40 
            366      9.4697e-39 
            375     1.30396e-37 
            385     2.07019e-36 
            395     2.83975e-35 
            405      3.4059e-34 
            414     2.86444e-33 
            422     1.75543e-32 
            430     1.00272e-31 
            441      9.8858e-31 
            451     7.14967e-30 
            460     3.92913e-29 
            470     2.40909e-28 
            480     1.36393e-27 
            490     7.17308e-27 
            500     3.51489e-26 
            506     1.17211e-25 
            512     3.22559e-25 
            520     1.03099e-24 
            530      4.2084e-24 
            540     1.60188e-23 
            550     5.86228e-23 
            560     2.03081e-22 
            570     6.71608e-22 
            580     2.10292e-21 
            590     6.45721e-21 
            600     1.88386e-20 
            610      5.3054e-20 
            620     1.43831e-19 
            630     3.77166e-19 
            640     9.57919e-19 
            650     2.35926e-18 
            658     4.75014e-18 
            665      8.5854e-18 
            675     1.97293e-17 
            685     4.42778e-17 
            695     9.65251e-17 
            705     2.02878e-16 
            716     4.59308e-16 
            726     9.33039e-16 
            735     1.73377e-15 
            745     3.37881e-15 
            755     6.46836e-15 
            765     1.22226e-14 
            775     2.25144e-14 
            785     4.10913e-14 
            795     7.23089e-14 
            805     1.27391e-13 
            815     2.23437e-13 
            825      3.8235e-13 
            835     6.44448e-13 
            845     1.07116e-12 
            855     1.75861e-12 
            865     2.84798e-12 
            875     4.52144e-12 
            885     7.20535e-12 
            895     1.12728e-11 
            905     1.74233e-11 
            915      9.14437e-9 
            925      3.29475e-8 
            935      5.02809e-8 
            945      7.70481e-8 
            955       1.2233e-7 
            965      1.86005e-7 
            975      2.73048e-7 
            985      3.99124e-7 
            995      5.79464e-7 
           1005      8.71753e-7 
           1015      1.25566e-6 
           1025      1.70822e-6 
           1035      2.54839e-6 
           1045      3.58782e-6 
           1055      5.02159e-6 
           1065      6.85784e-6 
           1075      9.63352e-6 
           1085      1.32329e-5 
           1095      1.76758e-5 
           1105      2.87728e-5 
           1115      4.49903e-5 
           1125      5.99523e-5 
           1135      8.13102e-5 
           1145     0.000106922 
           1155     0.000136027 
           1165     0.000182876 
           1175      0.00023512 
           1185     0.000295755 
           1195     0.000332719 
           1205     0.000455311 
           1215     0.000447209 
           1225     0.000727839 
           1235      0.00093425 
           1245      0.00117749 
           1255      0.00145657 
           1265       0.0017398 
           1275      0.00217877 
           1285       0.0027579 
           1295       0.0034305 
           1305      0.00402429 
           1315      0.00515719 
           1325       0.0062474 
           1335      0.00775495 
           1345      0.00943289 
           1355       0.0115071 
           1365       0.0138819 
           1375       0.0167874 
           1385       0.0202444 
           1395       0.0239818 
           1405       0.0288765 
           1415       0.0351437 
           1425       0.0412791 
           1435       0.0492622 
           1442       0.0569398 
           1447       0.0605521 
           1455       0.0673247 
           1465        0.082519 
           1475       0.0965536 
           1485        0.110243 
           1495        0.134581 
           1505        0.160729 
           1512        0.168348 
           1517         0.18456 
           1525        0.226706 
           1535        0.637357 
           1545         0.83825 
           1555         1.33036 
           1565         1.35644 
           1575         2.40408 
           1585         3.06455 
           1595         3.52736 
           1605         4.07715 
           1615         4.70929 
           1625         5.33317 
           1635         6.36468 
           1645         9.23925 
           1655         6.25745 
           1665         10.8145 
           1672         7.85051 
           1677         16.2449 
           1685         44.6427 
           1695         103.678 
           1705         164.337 
           1715         172.954 
           1725         222.736 
           1735         283.652 
           1745         398.885 
           1755         573.554 
           1765         542.826 
           1775         564.133 
           1785         760.724 
           1795         903.594 
           1805         878.948 
           1815         871.576 
           1825            1101 
           1835         1301.51 
           1845         842.677 
           1855         1342.03 
           1865         1727.45 
           1875         1919.96 
           1885          2118.9 
           1895         2732.55 
           1905         2571.17 
           1915         2931.88 
           1925          3182.5 
           1935         2232.97 
           1945         4232.92 
           1955         4331.87 
           1967         5744.68 
           1976         5235.32 
           1984         5634.49 
           1995         6629.45 
           2005         7389.57 
           2015         7911.25 
           2025         6477.84 
           2035         9160.73 
           2045         10618.1 
           2055         10621.2 
           2065         10774.7 
           2074         11912.8 
           2078         14643.1 
           2085         15463.6 
           2095           18857 
           2105         22845.1 
           2115         24191.8 
           2125         18126.4 
           2135         21175.3 
           2145         28008.5 
           2155         28781.8 
           2165         28705.5 
           2175         30142.3 
           2185         35175.3 
           2195         39687.7 
           2205         37237.3 
           2215         27432.6 
           2225         36667.5 
           2235         48887.4 
           2245         47706.1 
           2255         39665.7 
           2265         36679.9 
           2275         46566.9 
           2285         53618.7 
           2295         47837.3 
           2305           54484 
           2315         53255.9 
           2325         53042.7 
           2335           44268 
           2345         32179.1 
           2355         54734.9 
           2365         37484.2 
           2375         48974.1 
           2385         29575.5 
           2395         39664.8 
           2405         41107.2 
           2415         47026.1 
           2425         74242.4 
           2435         79288.7 
           2445         92612.8 
           2455         96035.3 
           2465         90099.2 
           2475         82804.4 
           2485         51934.3 
           2495         66618.8 
           2505         93704.7 
           2513         56644.5 
           2518         34690.6 
           2525         39651.1 
           2535         67194.5 
           2545         97703.8 
           2555          242328 
           2565          157335 
           2575          215977 
           2585          165649 
           2595          140011 
           2605          113762 
           2615          106255 
           2625          151558 
           2635          355562 
           2645          614687 
           2655          912880 
           2665          484582 
           2675          548276 
           2685          659373 
           2695          488097 
           2705          637508 
           2715          392188 
           2725          299172 
           2735          351053 
           2745          179965 
           2755          238287 
           2765          290761 
           2775          278772 
           2785          162616 
           2795         46161.7 
           2805         62527.9 
           2815          240769 
           2825          383734 
           2835          447446 
           2845          326172 
           2855          148653 
           2865          504679 
           2875          804039 
           2885          721347 
           2895          968858 
           2910      1.38434e+6 
           2930      1.28704e+6 
           2950      1.26194e+6 
           2970      1.48537e+6 
           2990       1.4766e+6 
           3010      1.58237e+6 
           3030      1.72733e+6 
           3050       1.7808e+6 
           3070        1.641e+6 
           3090      1.88418e+6 
           3110      2.03674e+6 
           3130      1.93916e+6 
           3150      1.96306e+6 
           3170      2.06114e+6 
           3190      1.83632e+6 
           3210      2.09272e+6 
           3230      1.45089e+6 
           3250      2.20163e+6 
           3270      2.75406e+6 
           3290      2.67926e+6 
           3310      2.67411e+6 
           3330      2.57588e+6 
           3350      2.42094e+6 
           3370      2.24875e+6 
           3390      2.39863e+6 
           3410       2.7162e+6 
           3430      2.73713e+6 
           3450      3.03533e+6 
           3470      3.00382e+6 
           3490       3.1431e+6 
           3510      3.31287e+6 
           3530       3.1158e+6 
           3550      3.59735e+6 
           3570      2.69261e+6 
           3590      2.78838e+6 
           3610      3.10903e+6 
           3630      3.28158e+6 
           3640      3.22405e+6 
           3650      3.70353e+6 
           3670      3.73432e+6 
           3690      3.65355e+6 
           3710      4.18521e+6 
           3730      3.67499e+6 
           3750      4.10042e+6 
           3770      4.61419e+6 
           3790      4.80009e+6 
           3810      4.89906e+6 
           3830      3.10241e+6 
           3850      3.85079e+6 
           3870      3.88353e+6 
           3890      4.46187e+6 
           3910      4.24459e+6 
           3930      1.40019e+6 
           3950      2.60191e+6 
           3970      1.64798e+6 
           3990      5.14261e+6 
           4010       6.5372e+6 
           4030      6.83921e+6 
           4050      6.68042e+6 
           4070      6.60469e+6 
           4090      7.66134e+6 
           4110      7.45716e+6 
           4130      7.34999e+6 
           4150      7.77696e+6 
           4170      7.45577e+6 
           4190      7.56351e+6 
           4210      7.74837e+6 
           4230      7.34535e+6 
           4250      7.91627e+6 
           4270      7.47595e+6 
           4290      6.81728e+6 
           4310      5.84966e+6 
           4330      7.90455e+6 
           4350      7.51826e+6 
           4370      8.72083e+6 
           4390      7.89443e+6 
           4410      8.23714e+6 
           4430       8.0393e+6 
           4450      8.24134e+6 
           4470      8.80353e+6 
           4490       8.7834e+6 
           4510      9.96846e+6 
           4530       8.7896e+6 
           4550      8.92686e+6 
           4570      9.66369e+6 
           4590      9.12172e+6 
           4610      9.50027e+6 
           4630      9.08921e+6 
           4650      9.33839e+6 
           4670      9.61736e+6 
           4690       9.3043e+6 
           4710      8.83045e+6 
           4730       9.4283e+6 
           4750      9.71941e+6 
           4770      9.75597e+6 
           4790       9.7456e+6 
           4810      9.43904e+6 
           4830      9.87762e+6 
           4850      8.93869e+6 
           4870      7.91807e+6 
           4890      9.46767e+6 
           4910      9.38507e+6 
           4930      9.19732e+6 
           4950      9.85992e+6 
           4970      9.61494e+6 
           4990      8.78775e+6 
           5010      8.28666e+6 
           5030        8.836e+6 
           5050       9.0418e+6 
           5070      9.49368e+6 
           5090      9.03141e+6 
           5110      9.26354e+6 
           5130      8.77559e+6 
           5150      8.55729e+6 
           5170      8.14477e+6 
           5190      8.02743e+6 
           5210      8.68748e+6 
           5230      8.69182e+6 
           5250      8.83115e+6 
           5270       7.7743e+6 
           5290      8.83582e+6 
           5310       9.1785e+6 
           5330      8.17048e+6 
           5350      8.93647e+6 
           5370      9.18854e+6 
           5390      8.86981e+6 
           5410      8.55516e+6 
           5430      8.80235e+6 
           5450      9.33246e+6 
           5470      8.88322e+6 
           5490      8.59575e+6 
           5510      8.56287e+6 
           5530      8.86976e+6 
           5550      8.99748e+6 
           5570       8.8311e+6 
           5590      8.55885e+6 
           5610      8.98069e+6 
           5630      8.88586e+6 
           5650      8.73078e+6 
           5670      8.40047e+6 
           5690      8.70026e+6 
           5710      8.46437e+6 
           5730      9.30771e+6 
           5750      8.73568e+6 
           5770      8.95381e+6 
           5790      8.48167e+6 
           5810      8.81399e+6 
           5830      9.06585e+6 
           5850       8.8209e+6 
           5870      8.82267e+6 
           5890      8.32979e+6 
           5910       8.6975e+6 
           5930       8.6445e+6 
           5950      8.65863e+6 
           5970      8.77956e+6 
           5990      8.54579e+6 
           6010      8.37511e+6 
           6030      8.52262e+6 
           6050      8.61735e+6 
           6070      8.66904e+6 
           6090      8.18568e+6 
           6110      8.11694e+6 
           6130      7.77773e+6 
           6150      7.81557e+6 
           6170      7.61773e+6 
           6190      8.17523e+6 
           6210      8.19641e+6 
           6230      7.83851e+6 
           6250      7.46592e+6 
           6270      8.07173e+6 
           6290      8.12379e+6 
           6310      7.63098e+6 
           6330      7.69538e+6 
           6350      7.45387e+6 
           6370      7.42969e+6 
           6390      7.88379e+6 
           6410      7.63424e+6 
           6430      7.76997e+6 
           6450      7.55315e+6 
           6470      7.60984e+6 
           6490      7.51319e+6 
           6510      7.68053e+6 
           6530       7.6044e+6 
           6550      7.42079e+6 
           6570       6.6388e+6 
           6590      7.52529e+6 
           6610      7.58225e+6 
           6630      7.49595e+6 
           6650      7.49634e+6 
           6670      7.36228e+6 
           6690      7.50915e+6 
           6710      7.30531e+6 
           6730       7.4155e+6 
           6750      7.17814e+6 
           6770      7.25875e+6 
           6790      7.13532e+6 
           6810      7.13287e+6 
           6830      7.22013e+6 
           6850      6.98903e+6 
           6870      7.12049e+6 
           6890      7.10342e+6 
           6910      7.02559e+6 
           6930       6.9789e+6 
           6950      6.96718e+6 
           6970      6.93881e+6 
           6990       6.9152e+6 
           7010      6.52667e+6 
           7030       6.7727e+6 
           7050       6.7964e+6 
           7070      6.70412e+6 
           7090      6.66635e+6 
           7110      6.63814e+6 
           7130      6.54248e+6 
           7150      6.52693e+6 
           7170      6.41949e+6 
           7190      6.16884e+6 
           7210      6.41078e+6 
           7230      6.32181e+6 
           7250      6.35206e+6 
           7270      6.40391e+6 
           7290       6.1295e+6 
           7310      6.34022e+6 
           7330      6.31604e+6 
           7350      6.30389e+6 
           7370      6.31627e+6 
           7390      6.11939e+6 
           7410      6.03961e+6 
           7430      6.01942e+6 
           7450      6.05306e+6 
           7470      6.16226e+6 
           7490      6.07473e+6 
           7510       6.1175e+6 
           7530      6.10378e+6 
           7550      6.10619e+6 
           7570      5.99415e+6 
           7590      5.98961e+6 
           7610      5.93098e+6 
           7630      6.01913e+6 
           7650      5.94907e+6 
           7670      5.72514e+6 
           7690      5.84428e+6 
           7710      5.82338e+6 
           7730      5.75558e+6 
           7750      5.69173e+6 
           7770      5.72617e+6 
           7790      5.83183e+6 
           7810       5.7193e+6 
           7830      5.67181e+6 
           7850      5.59728e+6 
           7870      5.68224e+6 
           7890      5.60851e+6 
           7910      5.49222e+6 
           7930      5.36558e+6 
           7950      5.38451e+6 
           7970      5.51024e+6 
           7990      5.48653e+6 
           8010      5.42699e+6 
           8030      5.36306e+6 
           8050      5.31778e+6 
           8070      5.33293e+6 
           8090      5.25652e+6 
           8110      5.33585e+6 
           8130      5.36491e+6 
           8150      5.26545e+6 
           8170      5.26369e+6 
           8190      5.09041e+6 
           8210      4.99438e+6 
           8230       5.0782e+6 
           8250      5.08511e+6 
           8270       5.1712e+6 
           8290       5.1209e+6 
           8310      4.91713e+6 
           8330      4.97661e+6 
           8350      4.94426e+6 
           8370      4.99073e+6 
           8390      4.85939e+6 
           8410      4.93698e+6 
           8430      4.78047e+6 
           8450      4.78034e+6 
           8470      4.76782e+6 
           8490      4.57468e+6 
           8510      4.21711e+6 
           8530      4.31307e+6 
           8550      3.27563e+6 
           8570      4.71429e+6 
           8590      4.60593e+6 
           8610      4.58745e+6 
           8630      4.71892e+6 
           8650      4.43722e+6 
           8670      3.34656e+6 
           8690      4.41079e+6 
           8710      4.61337e+6 
           8730      4.58573e+6 
           8750      4.34917e+6 
           8770      4.62153e+6 
           8790      4.57264e+6 
           8810      4.44191e+6 
           8830       4.5327e+6 
           8850      4.47655e+6 
           8870      4.22367e+6 
           8890       4.4579e+6 
           8910      4.52314e+6 
           8930      4.36618e+6 
           8950      4.43168e+6 
           8970       4.3896e+6 
           8990      4.36147e+6 
           9010      4.05237e+6 
           9030      4.24502e+6 
           9050      4.41022e+6 
           9070        4.278e+6 
           9090      4.13464e+6 
           9110      4.15763e+6 
           9130      4.30507e+6 
           9150      4.24406e+6 
           9170      4.20008e+6 
           9190      4.23967e+6 
           9210      4.03994e+6 
           9230      3.84252e+6 
           9250      3.93903e+6 
           9270      4.03858e+6 
           9290      4.09939e+6 
           9310       4.1157e+6 
           9330      4.07842e+6 
           9350      4.07418e+6 
           9370       4.0508e+6 
           9390      4.00118e+6 
           9410       3.7815e+6 
           9430      3.91083e+6 
           9450      3.84857e+6 
           9470      3.96188e+6 
           9490      3.97544e+6 
           9510      3.90138e+6 
           9530      3.84794e+6 
           9550        3.617e+6 
           9570      3.79671e+6 
           9590      3.86318e+6 
           9610      3.77357e+6 
           9630      3.73435e+6 
           9650       3.7218e+6 
           9670      3.66742e+6 
           9690      3.68099e+6 
           9710      3.73169e+6 
           9730       3.7287e+6 
           9750      3.62714e+6 
           9770      3.67305e+6 
           9790      3.59914e+6 
           9810      3.69522e+6 
           9830      3.62082e+6 
           9850      3.63712e+6 
           9870      3.60325e+6 
           9890       3.5808e+6 
           9910      3.53529e+6 
           9930      3.59831e+6 
           9950      3.57423e+6 
           9970      3.55904e+6 
           9990      3.53691e+6 
          10025      3.48287e+6 
          10075      3.39472e+6 
          10125      3.43418e+6 
          10175      3.35736e+6 
          10225      3.35639e+6 
          10275      3.35773e+6 
          10325      3.27359e+6 
          10375       3.2488e+6 
          10425      3.22745e+6 
          10475      3.12554e+6 
          10525      3.14819e+6 
          10575      3.11363e+6 
          10625      3.07716e+6 
          10675      2.97854e+6 
          10725      2.97435e+6 
          10775      2.93922e+6 
          10825      2.85767e+6 
          10875      2.85149e+6 
          10925      2.78053e+6 
          10975      2.74803e+6 
          11025      2.78341e+6 
          11075      2.77674e+6 
          11125      2.73463e+6 
          11175      2.71308e+6 
          11225       2.6991e+6 
          11275      2.61411e+6 
          11325      2.60421e+6 
          11375      2.58946e+6 
          11425      2.53221e+6 
          11475      2.58956e+6 
          11525      2.55568e+6 
          11575      2.51239e+6 
          11625      2.45291e+6 
          11675      2.43559e+6 
          11725      2.47247e+6 
          11775      2.39744e+6 
          11825      2.37147e+6 
          11875      2.33765e+6 
          11925      2.39688e+6 
          11975      2.27994e+6 
          12025      2.30929e+6 
          12075      2.26879e+6 
          12125      2.25432e+6 
          12175      2.26817e+6 
          12225      2.24905e+6 
          12275      2.22001e+6 
          12325      2.19871e+6 
          12375      2.17867e+6 
          12425      2.14575e+6 
          12475      2.14499e+6 
          12525       2.1019e+6 
          12575      2.08814e+6 
          12625      2.08097e+6 
          12675      2.04714e+6 
          12725      2.04363e+6 
          12775      2.03555e+6 
          12825      1.87033e+6 
          12875      1.97351e+6 
          12925       1.9463e+6 
          12975      1.95717e+6 
          13025        1.913e+6 
          13075      1.91917e+6 
          13125      1.87665e+6 
          13175      1.86076e+6 
          13225      1.86822e+6 
          13275      1.82157e+6 
          13325      1.82526e+6 
          13375      1.80581e+6 
          13425      1.79349e+6 
          13475      1.78269e+6 
          13525      1.76558e+6 
          13575      1.72852e+6 
          13625      1.71592e+6 
          13675       1.6993e+6 
          13725      1.68276e+6 
          13775      1.67406e+6 
          13825      1.66783e+6 
          13875      1.66323e+6 
          13925      1.63792e+6 
          13975      1.62639e+6 
          14025      1.60005e+6 
          14075       1.5934e+6 
          14125      1.55818e+6 
          14175      1.56725e+6 
          14225      1.53342e+6 
          14275      1.50083e+6 
          14325      1.51181e+6 
          14375      1.51924e+6 
          14425      1.44186e+6 
          14475      1.47877e+6 
          14525      1.44315e+6 
          14570      1.44949e+6 
          14620      1.42442e+6 
          14675      1.42847e+6 
          14725      1.38906e+6 
          14775      1.38176e+6 
          14825      1.37702e+6 
          14875      1.34854e+6 
          14925       1.3796e+6 
          14975      1.35468e+6 
          15025      1.32575e+6 
          15075       1.3058e+6 
          15125      1.31152e+6 
          15175      1.31876e+6 
          15225      1.28049e+6 
          15275      1.29495e+6 
          15325      1.27021e+6 
          15375      1.26743e+6 
          15425      1.23747e+6 
          15475      1.24211e+6 
          15525      1.22061e+6 
          15575      1.19282e+6 
          15625      1.23032e+6 
          15675      1.17768e+6 
          15725      1.17366e+6 
          15775      1.14872e+6 
          15825      1.15856e+6 
          15875      1.06872e+6 
          15925      1.12535e+6 
          15975      1.14191e+6 
          16050      1.12055e+6 
          16150       1.0731e+6 
          16250      1.09657e+6 
          16350      1.06356e+6 
          16450      1.01612e+6 
          16550       1.0347e+6 
          16650      1.01898e+6 
          16750          987066 
          16850          939440 
          16950          967188 
          17050          930683 
          17150          924831 
          17250          889237 
          17350          834299 
          17450          853455 
          17550          845090 
          17650          830232 
          17750          809066 
          17850          801067 
          17950          787852 
          18050          764276 
          18150          724829 
          18250          728886 
          18350          722529 
          18450          704647 
          18550          693961 
          18650          673390 
          18750          634968 
          18850          652380 
          18950          621101 
          19050          635037 
          19150          618653 
          19250          610514 
          19350          591200 
          19450          558468 
          19550          577224 
          19650          564983 
          19750          551154 
          19850          546580 
          19950          535085 
          20050          529161 
          20150          523077 
          20250          507533 
          20350          493724 
          20450          496132 
          20550          482537 
          20650          474006 
          20750          466324 
          20850          455718 
          20950          447575 
          21050          445773 
          21150          435091 
          21250          426776 
          21350          422357 
          21450          416087 
          21550          408081 
          21650          384548 
          21750          389621 
          21850          386599 
          21950          383327 
          22050          372381 
          22150          369717 
          22250          363083 
          22350          357149 
          22450          351575 
          22550          343137 
          22650          337052 
          22750          335922 
          22850          326805 
          22950          313427 
          23050          315961 
          23150          311051 
          23250          296352 
          23350          298020 
          23450          296456 
          23550          280440 
          23650          284991 
          23750          278482 
          23850          266270 
          23950          270133 
          24050          266862 
          24150          255084 
          24250          255854 
          24350          253020 
          24450          246858 
          24550          240745 
          24650          244164 
          24750          236999 
          24850          231605 
          24950          230334 
          25050          229009 
          25150          223379 
          25250          222145 
          25350          220390 
          25450          214706 
          25550          212325 
          25650          207500 
          25750          209187 
          25850          200964 
          25950          202132 
          26050          200067 
          26150          194352 
          26250          187795 
          26350          191012 
          26450          187686 
          26550          185537 
          26650          181882 
          26750          179298 
          26850          180364 
          26950          177679 
          27050          175544 
          27150          172929 
          27250          171054 
          27350          168612 
          27450          167130 
          27550          160886 
          27650          160981 
          27750          159441 
          27850          157546 
          27950          156575 
          28050          154316 
          28150          152261 
          28250          150123 
          28350          148916 
          28450          145753 
          28550          144498 
          28650          142243 
          28750          137053 
          28850          138621 
          28950          137229 
          29050          135562 
          29150          133743 
          29250          131038 
          29350          130264 
          29450          128465 
          29550          127208 
          29650          125593 
          29750          123963 
          29850          122554 
          29950          120347 
          30050          118909 
          30150          117848 
          30250          116362 
          30350          112456 
          30450          112828 
          30550          112009 
          30650          110466 
          30750          109613 
          30850          107185 
          30950          106486 
          31050          105567 
          31150          103221 
          31250          102831 
          31350          101547 
          31450          100682 
          31550         99189.3 
          31650         97724.8 
          31750         96953.2 
          31850         95751.2 
          31950         94909.2 
          32100         92978.6 
          32300         90899.1 
          32500         88603.2 
          32700           86589 
          32900         83287.6 
          33100         82270.4 
          33300         80432.4 
          33500         78897.5 
          33700         76902.3 
          33900         75112.5 
          34100         73326.8 
          34300         72064.3 
          34500         70816.6 
          34700         69060.9 
          34900         67612.8 
          35100         66217.6 
          35300         64610.8 
          35500         63409.5 
          35700         61953.2 
          35900         60583.7 
          36100           59579 
          36300         58383.9 
          36500         56552.5 
          36700           55563 
          36900         53949.7 
          37100         52890.6 
          37300         51875.5 
          37500         49855.5 
          37700         50011.8 
          37900         48987.1 
          38100         47921.3 
          38300         47314.3 
          38500         46483.4 
          38700           45398 
          38900         44349.8 
          39100         43717.4 
          39300         42971.1 
          39500         41711.3 
          39700           41218 
          39900         40003.6 
          40100         39364.2 
          40300         38842.3 
          40500         37809.6 
          40700         37377.5 
          40900         36722.3 
          41100         36185.2 
          41300         35577.1 
          41500         34690.4 
          41700         34052.9 
          41900         33578.4 
          42100         32790.4 
          42300         32533.7 
          42500         31794.4 
          42700         31305.1 
          42900         29941.3 
          43100         28988.7 
          43300         28840.1 
          43500         27550.2 
          43700           26908 
          43900         26872.5 
          44100         25329.5 
          44300         25402.7 
          44500         25085.5 
          44700         23867.9 
          44900         24014.5 
          45100         23577.9 
          45300         22562.4 
          45500         22597.4 
          45700         22340.5 
          45900         21377.3 
          46100         21454.6 
          46300           21057 
          46500         20536.5 
          46700         20350.6 
          46900         20179.2 
          47100         19739.8 
          47300         19696.2 
          47500         19313.6 
          47700         18948.3 
          47900         18691.9 
          48100           18299 
          48300         18306.1 
          48500         17887.9 
          48700         17596.8 
          48900         17410.6 
          49100         17078.4 
          49300         16876.6 
          49500         16575.9 
          49700         16392.5 
          49900         16152.4 
          50100         15833.1 
          50300         15752.1 
          50500           15403 
          50700         15212.9 
          50900         15032.5 
          51100         14753.4 
          51300         14515.5 
          51500         14378.9 
          51700         14281.9 
          51900         13990.2 
          52100         13741.7 
          52300         13558.3 
          52500         13454.1 
          52700         13324.3 
          52900         13002.8 
          53100         12864.4 
          53300         12699.1 
          53500           12534 
          53700         12323.1 
          53900         12209.8 
          54100         12055.1 
          54300         11806.9 
          54500         11732.8 
          54700         11533.1 
          54900         11380.1 
          55100         11250.6 
          55300         11163.9 
          55500         10915.7 
          55700         10883.6 
          55900         10622.1 
          56100         10549.4 
          56300         10365.7 
          56500         10316.9 
          56700         10173.4 
          56900         9963.47 
          57100         9900.73 
          57300         9788.48 
          57500         9654.07 
          57700         9514.73 
          57900         9418.99 
          58100         9268.66 
          58300         9163.06 
          58500         9071.12 
          58700         8919.43 
          58900         8779.03 
          59100         8679.38 
          59300         8602.83 
          59500         8423.03 
          59700         8402.84 
          59900         8296.11 
          60100         8189.25 
          60300            8097 
          60500         7986.32 
          60700         7871.92 
          60900         7779.77 
          61100         7660.51 
          61300         7602.28 
          61500         7517.16 
          61700         7426.05 
          61900         7342.25 
          62100         7260.65 
          62300         7134.61 
          62500         7064.33 
          62700         6988.19 
          62900         6885.55 
          63100         6782.55 
          63300         6756.21 
          63500         6662.61 
          63700         6598.56 
          63900         6500.67 
          64200         6399.93 
          64600         6236.52 
          65000          6086.7 
          65400         5959.01 
          65800            5829 
          66200         5682.35 
          66600         5565.21 
          67000         5431.23 
          67400          5299.2 
          67800         5179.57 
          68200         5071.05 
          68600         4959.65 
          69000         4846.44 
          69400         4734.42 
          69800         4639.18 
          70200          4527.6 
          70600         4434.49 
          71000         4340.65 
          71400         4246.26 
          71800         4151.58 
          72200         4061.47 
          72600          3974.6 
          73000         3897.58 
          73400         3808.65 
          73800         3733.79 
          74200         3645.06 
          74600         3557.27 
          75000         3485.67 
          75400         3425.99 
          75800         3360.68 
          76200         3292.08 
          76600         3226.65 
          77000            3154 
          77400         3097.66 
          77800         3036.57 
          78200         2976.26 
          78600         2918.12 
          79000          2859.3 
          79400         2802.48 
          79800         2748.13 
          80200         2688.87 
          80600         2637.19 
          81000         2591.86 
          81400          2534.1 
          81800         2490.06 
          82200         2446.21 
          82600         2398.11 
          83000         2354.22 
          83400         2304.39 
          83800         2264.42 
          84200          2225.1 
          84600         2184.21 
          85000         2144.15 
          85400         2103.92 
          85800         2066.48 
          86200         2026.71 
          86600         1991.91 
          87000         1957.31 
          87400         1919.46 
          87800         1885.54 
          88200         1850.08 
          88600         1818.92 
          89000         1786.39 
          89400         1756.48 
          89800            1722 
          90200         1693.75 
          90600         1668.86 
          91000         1635.85 
          91400         1608.12 
          91800         1583.27 
          92200         1557.51 
          92600         1530.03 
          93000         1505.61 
          93400         1478.41 
          93800         1453.41 
          94200         1430.56 
          94600         1406.57 
          95000         1382.94 
          95400         1359.82 
          95800         1338.35 
          96200         1315.56 
          96600         1295.28 
          97000         1274.85 
          97400         1250.82 
          97800         1231.51 
          98200         1213.65 
          98600         1194.71 
          99000         1176.39 
          99400         1155.77 
          99800         1138.51 
         100200         1120.69 
         200000         72.1399 
         400000         4.49509 
         600000        0.879423 
         800000        0.275784 
         1.0e+6          0.1121 
         1.2e+6       0.0537049 
         1.4e+6       0.0288236 
         1.6e+6       0.0168101 
