# Kurucz ODFNEW /NOVER (2003)
# teff = 4000 K (value for the effective temperature for the model. Temperatures are given in K)
# logg = 2 log(cm/s2) (value for Log(G) for the model.)
# meta = -0.5  (value for the Metallicity for the model.)
# lh = 1.25  (l/Hp where l is the  mixing length of the convective element and Hp is the pressure scale height)
# vtur = 2 km/s (Microturbulence velocity)
# alpha = 0  (Alpha)
#
# column 1: WAVELENGTH (ANGSTROM), Wavelength in Angstrom
# column 2: FLUX (ERG/CM2/S/A), Flux in erg/cm2/s/A
          147.2    1.71592e-166 
            151    4.97674e-162 
          155.2    2.35841e-157 
          158.8    1.51768e-153 
            162    2.64962e-150 
            166    1.98714e-146 
          170.3    1.81493e-142 
          173.4    9.79263e-140 
          176.8    7.51693e-137 
          180.2     4.4787e-134 
          181.7    6.95106e-133 
          186.1    1.67375e-129 
            191    6.36653e-126 
          193.9    6.84997e-124 
          198.4    7.40729e-121 
          201.8    1.18024e-118 
            205    1.19603e-116 
          210.5    2.39368e-113 
          216.2    4.17927e-110 
          219.8    3.81026e-108 
            223    1.85505e-106 
          226.8    1.62174e-104 
            230    6.23811e-103 
            234    5.17043e-101 
            240     2.94922e-98 
          246.5     2.00547e-95 
          252.4     5.56102e-93 
          256.8     3.11038e-91 
            260     5.32231e-90 
            264     1.67873e-88 
          268.5     7.18319e-87 
          273.5     4.02449e-85 
          278.5     1.94931e-83 
            284     1.18424e-81 
            290     8.71719e-80 
            296     5.36397e-78 
            301     1.46403e-76 
            308     1.24737e-74 
            318     5.04794e-72 
            328     1.40598e-69 
            338     2.78356e-67 
            348     4.04092e-65 
            357     2.79095e-63 
            366     1.55983e-61 
            375     7.14533e-60 
            385     4.03836e-58 
            395     1.84942e-56 
            405     6.97762e-55 
            414     1.57026e-53 
            422     2.22821e-52 
            430     2.85675e-51 
            441     8.16062e-50 
            451     1.48417e-48 
            460     1.80745e-47 
            470     2.58867e-46 
            480     3.30488e-45 
            490     3.79146e-44 
            500     3.92838e-43 
            506      2.0495e-42 
            512     8.60886e-42 
            520     4.77209e-41 
            530     3.78607e-40 
            540     2.73762e-39 
            550     1.85625e-38 
            560     1.16638e-37 
            570      6.8529e-37 
            580     3.73963e-36 
            590     1.96049e-35 
            600     9.60723e-35 
            610     4.45859e-34 
            620      1.9644e-33 
            630     8.23907e-33 
            640     3.29905e-32 
            650     1.26323e-31 
            658      3.5854e-31 
            665     8.74045e-31 
            675     3.01855e-30 
            685     1.00368e-29 
            695     3.21771e-29 
            705     9.95592e-29 
            716     3.32325e-28 
            726     9.60915e-28 
            735     2.43468e-27 
            745     6.65356e-27 
            755     1.76784e-26 
            765     4.57244e-26 
            775     1.15203e-25 
            785     2.83171e-25 
            795     6.78146e-25 
            805     1.59191e-24 
            815     3.65241e-24 
            825     8.19962e-24 
            835      1.8034e-23 
            845     3.88714e-23 
            855     8.21304e-23 
            865     1.70333e-22 
            875     3.46835e-22 
            885     6.94657e-22 
            895     1.36883e-21 
            905     2.64829e-21 
            915     5.90501e-16 
            925     1.98548e-15 
            935     2.72442e-15 
            945      4.5105e-15 
            955     6.55293e-15 
            965     1.18748e-14 
            975     1.05086e-14 
            985     3.13032e-14 
            995     5.24592e-14 
           1005     6.54747e-14 
           1015     6.63192e-14 
           1025     1.15343e-13 
           1035     3.67788e-13 
           1045     5.71256e-13 
           1055      7.0961e-13 
           1065     1.78908e-12 
           1075     2.44266e-12 
           1085     4.59733e-12 
           1095      6.0973e-12 
           1105     8.91019e-12 
           1115     1.15577e-11 
           1125     2.62655e-11 
           1135     4.46762e-11 
           1145     7.17841e-11 
           1155     1.01077e-10 
           1165     1.27592e-10 
           1175     1.82063e-10 
           1185     2.27372e-10 
           1195     1.41321e-10 
           1205     8.95625e-11 
           1215     4.73264e-11 
           1225      1.7421e-10 
           1235     5.29764e-10 
           1245      1.45323e-9 
           1255      2.44643e-9 
           1265      3.46048e-9 
           1275      5.13036e-9 
           1285      5.51442e-9 
           1295      7.78967e-9 
           1305      9.91981e-9 
           1315      1.36864e-8 
           1325      1.63114e-8 
           1335      1.95002e-8 
           1345      2.70017e-8 
           1355      3.67696e-8 
           1365      4.36715e-8 
           1375      5.09851e-8 
           1385      6.50047e-8 
           1395      7.85353e-8 
           1405      1.13802e-7 
           1415      1.47766e-7 
           1425      1.71359e-7 
           1435      2.47034e-7 
           1442      3.44523e-7 
           1447       3.1334e-7 
           1455      3.72739e-7 
           1465      5.54012e-7 
           1475      5.85728e-7 
           1485      7.57721e-7 
           1495      1.15898e-6 
           1505      1.65621e-6 
           1512      1.10304e-6 
           1517       1.7513e-6 
           1525      2.88359e-6 
           1535      6.96115e-6 
           1545      5.27037e-6 
           1555      8.33984e-6 
           1565      7.73647e-6 
           1575      1.78005e-5 
           1585       1.7932e-5 
           1595      1.68638e-5 
           1605      1.78769e-5 
           1615      1.83019e-5 
           1625      1.86351e-5 
           1635      2.60842e-5 
           1645      3.70893e-5 
           1655      3.21971e-5 
           1665      5.40112e-5 
           1672      4.44663e-5 
           1677      7.20096e-5 
           1685      9.97133e-5 
           1695     0.000150179 
           1705     0.000166034 
           1715     0.000185225 
           1725     0.000266732 
           1735     0.000311148 
           1745      0.00044544 
           1755     0.000441284 
           1765     0.000626063 
           1775     0.000538533 
           1785      0.00116721 
           1795     0.000873603 
           1805      0.00184536 
           1815      0.00117608 
           1825      0.00208293 
           1835      0.00173953 
           1845      0.00300518 
           1855      0.00200921 
           1865      0.00416986 
           1875      0.00366568 
           1885      0.00499641 
           1895       0.0062108 
           1905      0.00669492 
           1915         0.01027 
           1925      0.00835863 
           1935      0.00630974 
           1945       0.0126263 
           1955       0.0193045 
           1967       0.0203667 
           1976       0.0247597 
           1984       0.0340642 
           1995       0.0286947 
           2005       0.0355745 
           2015       0.0404479 
           2025       0.0383893 
           2035       0.0483627 
           2045       0.0493529 
           2055       0.0623959 
           2065       0.0573228 
           2074       0.0495947 
           2078       0.0732392 
           2085       0.0930206 
           2095        0.133576 
           2105        0.139553 
           2115         0.13395 
           2125        0.160983 
           2135         0.22887 
           2145        0.153041 
           2155        0.219133 
           2165        0.208256 
           2175        0.234186 
           2185        0.207223 
           2195         0.41691 
           2205        0.318312 
           2215        0.436137 
           2225        0.341053 
           2235        0.700104 
           2245        0.751138 
           2255         1.07536 
           2265        0.439587 
           2275         1.18777 
           2285        0.930202 
           2295         1.92198 
           2305        0.511514 
           2315         2.80001 
           2325         1.73192 
           2335         3.31165 
           2345         1.84658 
           2355         1.37248 
           2365         2.15919 
           2375          1.9155 
           2385         4.40388 
           2395         3.74889 
           2405         8.46791 
           2415         4.06622 
           2425         6.12223 
           2435         9.71174 
           2445          15.204 
           2455         18.4163 
           2465         9.32365 
           2475         20.2392 
           2485         4.93257 
           2495         6.69335 
           2505         16.2296 
           2513         9.78158 
           2518         10.8628 
           2525         14.5394 
           2535         45.0787 
           2545           57.79 
           2555         62.4533 
           2565         26.8924 
           2575         58.0438 
           2585         31.6319 
           2595         46.9047 
           2605         69.9828 
           2615         57.0585 
           2625         108.832 
           2635         197.382 
           2645         141.106 
           2655         247.334 
           2665         168.886 
           2675          162.54 
           2685         219.425 
           2695         126.053 
           2705         283.717 
           2715         241.629 
           2725         188.141 
           2735         204.913 
           2745         308.627 
           2755         293.625 
           2765         472.871 
           2775         659.223 
           2785          381.58 
           2795         412.675 
           2805         427.305 
           2815         597.026 
           2825         612.539 
           2835         475.762 
           2845         290.859 
           2855         108.919 
           2865         524.736 
           2875          653.45 
           2885          1173.2 
           2895         1461.33 
           2910         2077.68 
           2930         2167.24 
           2950         2022.89 
           2970         1952.05 
           2990         2359.04 
           3010         2396.11 
           3030         3537.05 
           3050         4088.64 
           3070         6282.75 
           3090         7048.81 
           3110         12678.7 
           3130           10043 
           3150         17166.1 
           3170         24623.2 
           3190         18142.9 
           3210         21514.4 
           3230         18138.3 
           3250         32384.3 
           3270           44850 
           3290         55189.8 
           3310         41963.9 
           3330         46509.8 
           3350         42495.1 
           3370           24452 
           3390         29798.5 
           3410         37086.2 
           3430         46389.5 
           3450         43745.2 
           3470         46383.7 
           3490         62642.4 
           3510         83518.9 
           3530         71216.7 
           3550         99320.3 
           3570         44542.8 
           3590           45375 
           3610         75978.4 
           3630          103165 
           3640          118092 
           3650          127595 
           3670          156211 
           3690          131771 
           3710          118216 
           3730         46297.5 
           3750         61099.1 
           3770          121711 
           3790          133140 
           3810          113130 
           3830         45049.1 
           3850         71802.9 
           3870         73268.7 
           3890          106983 
           3910          148426 
           3930         43841.9 
           3950          107196 
           3970         63320.9 
           3990          235540 
           4010          305692 
           4030          261353 
           4050          261075 
           4070          247735 
           4090          332744 
           4110          237674 
           4130          249137 
           4150          228980 
           4170          219011 
           4190          244156 
           4210          243840 
           4230          219664 
           4250          292790 
           4270          269971 
           4290          263017 
           4310          264760 
           4330          400080 
           4350          411282 
           4370          435479 
           4390          380833 
           4410          412235 
           4430          450983 
           4450          475342 
           4470          517537 
           4490          549974 
           4510          652717 
           4530          547757 
           4550          591285 
           4570          650247 
           4590          635866 
           4610          669023 
           4630          657245 
           4650          659496 
           4670          708204 
           4690          697467 
           4710          671925 
           4730          678008 
           4750          689642 
           4770          647577 
           4790          662558 
           4810          719701 
           4830          739865 
           4850          744234 
           4870          715736 
           4890          762089 
           4910          761394 
           4930          729034 
           4950          761208 
           4970          723675 
           4990          665386 
           5010          598352 
           5030          641981 
           5050          609636 
           5070          612648 
           5090          564917 
           5110          591335 
           5130          558132 
           5150          540681 
           5170          508500 
           5190          556658 
           5210          610837 
           5230          806611 
           5250          840689 
           5270          751332 
           5290          878992 
           5310          961488 
           5330          838385 
           5350          923446 
           5370          928639 
           5390          883947 
           5410          893371 
           5430          891262 
           5450          930037 
           5470          914876 
           5490          919472 
           5510          902745 
           5530          967555 
           5550          990522 
           5570          967697 
           5590          935660 
           5610          985141 
           5630          987342 
           5650      1.00855e+6 
           5670          979272 
           5690      1.02168e+6 
           5710          961279 
           5730      1.05959e+6 
           5750      1.04471e+6 
           5770      1.06346e+6 
           5790          998739 
           5810      1.06572e+6 
           5830      1.10643e+6 
           5850      1.06682e+6 
           5870      1.07095e+6 
           5890          847280 
           5910      1.04781e+6 
           5930      1.06029e+6 
           5950      1.05871e+6 
           5970       1.0957e+6 
           5990      1.07422e+6 
           6010      1.05978e+6 
           6030      1.09877e+6 
           6050      1.12116e+6 
           6070      1.11204e+6 
           6090      1.07519e+6 
           6110      1.08925e+6 
           6130      1.01739e+6 
           6150      1.06906e+6 
           6170          999495 
           6190      1.07426e+6 
           6210      1.05797e+6 
           6230      1.02838e+6 
           6250          990370 
           6270      1.03782e+6 
           6290      1.07313e+6 
           6310      1.05082e+6 
           6330      1.08011e+6 
           6350      1.09751e+6 
           6370       1.0923e+6 
           6390      1.10891e+6 
           6410      1.08907e+6 
           6430      1.09516e+6 
           6450      1.09136e+6 
           6470      1.09579e+6 
           6490      1.06954e+6 
           6510      1.10876e+6 
           6530      1.12804e+6 
           6550      1.10325e+6 
           6570      1.10073e+6 
           6590      1.11723e+6 
           6610      1.11858e+6 
           6630      1.12341e+6 
           6650      1.11845e+6 
           6670      1.10032e+6 
           6690      1.12179e+6 
           6710      1.08197e+6 
           6730      1.11939e+6 
           6750        1.093e+6 
           6770      1.11343e+6 
           6790      1.10312e+6 
           6810      1.10933e+6 
           6830      1.13005e+6 
           6850       1.1058e+6 
           6870      1.11574e+6 
           6890       1.1326e+6 
           6910      1.13205e+6 
           6930      1.12121e+6 
           6950      1.11703e+6 
           6970      1.13544e+6 
           6990      1.11014e+6 
           7010      1.10427e+6 
           7030      1.12559e+6 
           7050      1.12808e+6 
           7070      1.09043e+6 
           7090      1.07934e+6 
           7110      1.07574e+6 
           7130      1.05156e+6 
           7150      1.04517e+6 
           7170      1.07591e+6 
           7190      1.05244e+6 
           7210      1.06589e+6 
           7230      1.10432e+6 
           7250      1.09494e+6 
           7270      1.10489e+6 
           7290      1.09572e+6 
           7310      1.10341e+6 
           7330      1.10013e+6 
           7350      1.09604e+6 
           7370      1.12359e+6 
           7390      1.10917e+6 
           7410      1.10011e+6 
           7430      1.11446e+6 
           7450      1.11487e+6 
           7470      1.11694e+6 
           7490      1.11333e+6 
           7510      1.12872e+6 
           7530      1.13323e+6 
           7550      1.13787e+6 
           7570      1.13213e+6 
           7590      1.12127e+6 
           7610      1.12286e+6 
           7630      1.12617e+6 
           7650      1.12795e+6 
           7670      1.08788e+6 
           7690      1.12459e+6 
           7710      1.09823e+6 
           7730      1.10807e+6 
           7750      1.09853e+6 
           7770      1.12308e+6 
           7790      1.11701e+6 
           7810      1.12273e+6 
           7830      1.10815e+6 
           7850      1.10392e+6 
           7870      1.11759e+6 
           7890      1.09856e+6 
           7910      1.07603e+6 
           7930       1.0787e+6 
           7950      1.05653e+6 
           7970       1.0972e+6 
           7990       1.0864e+6 
           8010      1.08885e+6 
           8030      1.08816e+6 
           8050      1.08265e+6 
           8070      1.07029e+6 
           8090      1.06149e+6 
           8110      1.06451e+6 
           8130      1.07815e+6 
           8150      1.07927e+6 
           8170      1.07935e+6 
           8190      1.04915e+6 
           8210      1.05053e+6 
           8230      1.06807e+6 
           8250      1.06622e+6 
           8270      1.08371e+6 
           8290      1.07503e+6 
           8310      1.04477e+6 
           8330      1.04285e+6 
           8350      1.04683e+6 
           8370      1.05054e+6 
           8390      1.00075e+6 
           8410      1.05203e+6 
           8430      1.01852e+6 
           8450      1.04716e+6 
           8470      1.04741e+6 
           8490       1.0428e+6 
           8510          997640 
           8530      1.03604e+6 
           8550          895823 
           8570      1.05794e+6 
           8590      1.04909e+6 
           8610      1.04656e+6 
           8630      1.05244e+6 
           8650      1.05322e+6 
           8670          910088 
           8690      1.00757e+6 
           8710      1.04541e+6 
           8730      1.04596e+6 
           8750      1.04365e+6 
           8770      1.04306e+6 
           8790      1.04573e+6 
           8810      1.01832e+6 
           8830      1.02927e+6 
           8850      1.04251e+6 
           8870      1.02489e+6 
           8890      1.04064e+6 
           8910      1.04546e+6 
           8930      1.02439e+6 
           8950      1.01798e+6 
           8970      1.02338e+6 
           8990      1.02936e+6 
           9010          989946 
           9030      1.01467e+6 
           9050      1.03453e+6 
           9070      1.03354e+6 
           9090          998814 
           9110      1.00483e+6 
           9130      1.02014e+6 
           9150          987738 
           9170          975056 
           9190          983530 
           9210          965450 
           9230          977588 
           9250          967730 
           9270          974431 
           9290          966049 
           9310          986286 
           9330          986217 
           9350          978512 
           9370          963998 
           9390          968740 
           9410          953480 
           9430          963886 
           9450          944413 
           9470          965633 
           9490          964369 
           9510          969565 
           9530          963509 
           9550          950761 
           9570          953332 
           9590          967998 
           9610          954876 
           9630          958876 
           9650          928610 
           9670          928560 
           9690          948884 
           9710          942222 
           9730          932424 
           9750          934784 
           9770          940039 
           9790          918317 
           9810          951061 
           9830          940645 
           9850          952089 
           9870          947152 
           9890          948216 
           9910          943127 
           9930          945253 
           9950          942256 
           9970          945491 
           9990          945446 
          10025          934321 
          10075          927594 
          10125          930214 
          10175          920840 
          10225          922270 
          10275          923236 
          10325          908379 
          10375          904089 
          10425          908263 
          10475          900094 
          10525          901561 
          10575          890967 
          10625          889209 
          10675          876204 
          10725          876339 
          10775          870010 
          10825          858680 
          10875          856886 
          10925          849850 
          10975          816853 
          11025          813831 
          11075          820351 
          11125          817773 
          11175          819340 
          11225          820220 
          11275          808516 
          11325          813083 
          11375          800331 
          11425          800759 
          11475          808359 
          11525          809443 
          11575          800891 
          11625          789890 
          11675          792564 
          11725          801219 
          11775          786822 
          11825          783711 
          11875          774908 
          11925          788478 
          11975          760470 
          12025          775913 
          12075          770534 
          12125          772854 
          12175          772949 
          12225          769916 
          12275          765482 
          12325          762359 
          12375          760049 
          12425          755481 
          12475          755586 
          12525          748989 
          12575          749096 
          12625          745680 
          12675          740746 
          12725          741497 
          12775          741545 
          12825          722077 
          12875          730207 
          12925          721456 
          12975          729579 
          13025          725032 
          13075          726748 
          13125          715054 
          13175          714998 
          13225          717270 
          13275          707729 
          13325          711339 
          13375          710180 
          13425          711379 
          13475          710114 
          13525          708148 
          13575          700549 
          13625          695985 
          13675          700756 
          13725          703479 
          13775          699215 
          13825          700849 
          13875          692461 
          13925          673489 
          13975          683030 
          14025          679279 
          14075          678284 
          14125          665447 
          14175          667604 
          14225          663626 
          14275          654253 
          14325          666290 
          14375          668682 
          14425          659003 
          14475          673355 
          14525          661353 
          14570          660539 
          14620          646018 
          14675          647534 
          14725          647245 
          14775          652691 
          14825          655735 
          14875          650500 
          14925          665615 
          14975          665579 
          15025          646387 
          15075          649832 
          15125          656708 
          15175          662530 
          15225          663890 
          15275          659406 
          15325          666804 
          15375          661199 
          15425          657363 
          15475          672833 
          15525          659675 
          15575          654127 
          15625          669112 
          15675          663608 
          15725          661116 
          15775          637660 
          15825          656398 
          15875          641776 
          15925          659960 
          15975          658256 
          16050          653976 
          16150          654395 
          16250          644811 
          16350          649997 
          16450          626805 
          16550          635648 
          16650          614391 
          16750          606554 
          16850          590539 
          16950          593203 
          17050          574083 
          17150          563194 
          17250          554315 
          17350          537694 
          17450          536263 
          17550          524102 
          17650          516802 
          17750          506535 
          17850          497943 
          17950          492738 
          18050          475637 
          18150          470582 
          18250          458596 
          18350          454272 
          18450          441459 
          18550          435540 
          18650          426690 
          18750          416054 
          18850          412065 
          18950          398453 
          19050          399150 
          19150          391263 
          19250          386853 
          19350          373789 
          19450          366271 
          19550          363864 
          19650          356540 
          19750          345753 
          19850          342183 
          19950          335864 
          20050          334959 
          20150          329713 
          20250          320190 
          20350          315795 
          20450          313588 
          20550          305673 
          20650          299945 
          20750          296072 
          20850          290431 
          20950          284232 
          21050          281912 
          21150          277155 
          21250          272459 
          21350          268979 
          21450          264626 
          21550          260262 
          21650          255010 
          21750          250305 
          21850          247088 
          21950          243895 
          22050          236784 
          22150          237576 
          22250          229913 
          22350          227694 
          22450          224646 
          22550          222006 
          22650          216577 
          22750          215616 
          22850          210695 
          22950          181912 
          23050          193271 
          23150          191661 
          23250          166773 
          23350          177495 
          23450          177498 
          23550          154094 
          23650          166858 
          23750          165228 
          23850          146116 
          23950          156156 
          24050          157270 
          24150          141649 
          24250          148395 
          24350          149822 
          24450          139278 
          24550          138677 
          24650          144034 
          24750          137804 
          24850          130932 
          24950          135991 
          25050          136925 
          25150          126588 
          25250          126557 
          25350          129213 
          25450          126635 
          25550          125097 
          25650          125297 
          25750          125468 
          25850          118997 
          25950          120867 
          26050          120280 
          26150          119251 
          26250          116349 
          26350          116493 
          26450          115942 
          26550          109935 
          26650          110061 
          26750          112282 
          26850          110721 
          26950          108112 
          27050          108189 
          27150          106816 
          27250          106597 
          27350          104207 
          27450          103759 
          27550          103007 
          27650          101519 
          27750          100295 
          27850           99163 
          27950         96598.1 
          28050         93990.5 
          28150         94365.1 
          28250         94278.8 
          28350         93755.5 
          28450         92785.7 
          28550         91175.5 
          28650         90388.7 
          28750         89628.8 
          28850         88515.2 
          28950         87702.5 
          29050         86117.6 
          29150         86050.9 
          29250         83358.8 
          29350           82901 
          29450         80627.6 
          29550         81213.2 
          29650         79093.6 
          29750           79363 
          29850         78455.8 
          29950         77668.2 
          30050         75733.7 
          30150         76106.6 
          30250         74945.5 
          30350         74325.7 
          30450           71888 
          30550         72681.6 
          30650         71598.5 
          30750         70719.3 
          30850         69299.6 
          30950         68435.7 
          31050         68390.2 
          31150         66709.4 
          31250         66823.2 
          31350         64622.9 
          31450         64932.4 
          31550         64207.3 
          31650         63896.3 
          31750         62653.5 
          31850         61881.9 
          31950         61133.5 
          32100         60830.4 
          32300         58407.5 
          32500         57947.7 
          32700         56494.1 
          32900         54660.8 
          33100         54088.2 
          33300         52322.7 
          33500         51578.9 
          33700         50752.9 
          33900         48795.4 
          34100         48331.6 
          34300         47718.4 
          34500         45812.1 
          34700         45482.6 
          34900         44690.6 
          35100         43219.6 
          35300         42428.9 
          35500         41892.4 
          35700           40508 
          35900         39780.2 
          36100         39467.8 
          36300         38216.4 
          36500         37527.3 
          36700         36822.9 
          36900         36007.1 
          37100         35012.3 
          37300         34564.7 
          37500         33985.3 
          37700         32992.2 
          37900         32747.2 
          38100         31893.1 
          38300         31345.1 
          38500         30730.5 
          38700         30242.7 
          38900         29521.7 
          39100         28991.3 
          39300         28440.9 
          39500         28030.5 
          39700         27464.3 
          39900         26534.2 
          40100         26260.8 
          40300         25838.4 
          40500         25078.5 
          40700         24605.3 
          40900         24171.5 
          41100         23823.1 
          41300         23224.1 
          41500         22943.9 
          41700         22265.1 
          41900           22141 
          42100           21438 
          42300         21349.5 
          42500         20809.4 
          42700         20516.6 
          42900         19264.2 
          43100           18104 
          43300         18490.2 
          43500         17244.4 
          43700         16753.2 
          43900         16419.7 
          44100         15282.6 
          44300         15257.6 
          44500         14800.9 
          44700         14005.9 
          44900         14174.4 
          45100         13709.6 
          45300         13113.9 
          45500         13279.3 
          45700         13129.6 
          45900         12376.9 
          46100         12636.3 
          46300         12318.2 
          46500         12263.9 
          46700         12160.6 
          46900         11956.1 
          47100         11673.9 
          47300         11792.4 
          47500         11538.2 
          47700           11392 
          47900         11240.4 
          48100         10935.8 
          48300         11117.7 
          48500         10869.4 
          48700         10576.2 
          48900           10508 
          49100         10378.6 
          49300         10192.4 
          49500         10041.7 
          49700         10007.4 
          49900          9855.9 
          50100         9557.33 
          50300         9648.25 
          50500         9393.38 
          50700          9315.9 
          50900          9221.6 
          51100         9030.39 
          51300         8973.43 
          51500         8837.11 
          51700         8818.62 
          51900         8640.86 
          52100         8524.96 
          52300         8422.01 
          52500         8365.75 
          52700         8400.18 
          52900         8093.92 
          53100         8012.35 
          53300         7942.39 
          53500         7862.06 
          53700         7786.36 
          53900         7711.96 
          54100         7623.76 
          54300         7451.69 
          54500         7468.51 
          54700         7317.93 
          54900         7258.08 
          55100         7140.22 
          55300         7212.59 
          55500          6969.3 
          55700         7004.58 
          55900         6869.43 
          56100          6826.4 
          56300         6676.96 
          56500         6674.86 
          56700         6582.62 
          56900         6441.36 
          57100         6450.28 
          57300         6369.76 
          57500          6299.2 
          57700         6207.29 
          57900         6180.78 
          58100         6078.37 
          58300         6008.91 
          58500         5955.57 
          58700         5852.73 
          58900         5798.39 
          59100         5741.63 
          59300         5684.01 
          59500            5600 
          59700         5562.86 
          59900         5501.83 
          60100         5440.66 
          60300         5369.61 
          60500         5282.81 
          60700         5232.92 
          60900         5170.37 
          61100         5097.82 
          61300          5060.1 
          61500         5006.62 
          61700         4962.05 
          61900         4905.16 
          62100         4853.69 
          62300         4788.89 
          62500          4717.5 
          62700         4666.75 
          62900          4619.5 
          63100         4559.61 
          63300         4527.65 
          63500         4457.31 
          63700         4432.43 
          63900         4356.85 
          64200         4292.46 
          64600         4180.43 
          65000         4087.31 
          65400         3993.16 
          65800         3901.61 
          66200         3806.46 
          66600         3729.62 
          67000         3645.35 
          67400         3563.32 
          67800         3482.39 
          68200         3402.46 
          68600         3336.72 
          69000            3260 
          69400         3186.79 
          69800         3124.93 
          70200         3050.28 
          70600         2987.62 
          71000         2923.41 
          71400         2862.81 
          71800         2802.21 
          72200         2740.68 
          72600         2683.11 
          73000         2629.47 
          73400          2571.1 
          73800         2520.41 
          74200         2464.57 
          74600         2414.86 
          75000          2367.2 
          75400         2307.03 
          75800         2228.26 
          76200          2168.4 
          76600         2103.31 
          77000         2052.16 
          77400         1988.61 
          77800          1941.7 
          78200         1893.68 
          78600         1842.62 
          79000         1810.85 
          79400         1760.14 
          79800         1729.41 
          80200         1698.79 
          80600         1664.05 
          81000          1636.8 
          81400         1615.92 
          81800          1581.8 
          82200         1559.87 
          82600         1532.92 
          83000         1503.75 
          83400         1480.42 
          83800          1454.3 
          84200         1425.37 
          84600         1402.08 
          85000         1380.16 
          85400         1355.79 
          85800         1330.44 
          86200          1309.4 
          86600         1281.21 
          87000         1263.88 
          87400         1245.73 
          87800         1217.84 
          88200         1196.45 
          88600         1179.24 
          89000         1160.01 
          89400         1138.72 
          89800         1118.55 
          90200         1104.95 
          90600         1089.25 
          91000         1068.73 
          91400          1047.8 
          91800         1035.38 
          92200         1014.68 
          92600         1002.28 
          93000         986.927 
          93400          970.46 
          93800         951.539 
          94200         941.098 
          94600         923.726 
          95000         914.002 
          95400         901.179 
          95800         882.668 
          96200         872.819 
          96600         856.442 
          97000         847.231 
          97400         832.384 
          97800         818.854 
          98200         809.149 
          98600         797.017 
          99000         783.094 
          99400         770.208 
          99800         762.307 
         100200         750.492 
         200000         49.4024 
         400000         3.13415 
         600000        0.618768 
         800000        0.195034 
         1.0e+6       0.0795276 
         1.2e+6         0.03817 
         1.4e+6       0.0205106 
         1.6e+6       0.0119709 
