# Kurucz ODFNEW /NOVER (2003)
# teff = 9000 K (value for the effective temperature for the model. Temperatures are given in K)
# logg = 4.5 log(cm/s2) (value for Log(G) for the model.)
# meta = -1  (value for the Metallicity for the model.)
# lh = 1.25  (l/Hp where l is the  mixing length of the convective element and Hp is the pressure scale height)
# vtur = 2 km/s (Microturbulence velocity)
# alpha = 0  (Alpha)
#
# column 1: WAVELENGTH (ANGSTROM), Wavelength in Angstrom
# column 2: FLUX (ERG/CM2/S/A), Flux in erg/cm2/s/A
            290     8.27998e-23 
            296     4.47177e-22 
            301     1.66221e-21 
            308     9.63705e-21 
            318     1.03421e-19 
            328     9.57161e-19 
            338     7.73779e-18 
            348     5.53628e-17 
            357     2.95146e-16 
            366     1.44633e-15 
            375     6.55034e-15 
            385     3.22072e-14 
            395     1.45698e-13 
            405      6.1014e-13 
            414     2.08204e-12 
            422     5.92286e-12 
            430     1.61784e-11 
            441     6.05383e-11 
            451     1.89568e-10 
            460     5.06502e-10 
            470      1.44146e-9 
            480      3.91887e-9 
            490      1.02072e-8 
            500      2.55362e-8 
            506      4.29087e-8 
            512      7.33601e-8 
            520      1.43544e-7 
            530       3.2244e-7 
            540      7.01691e-7 
            550      1.48213e-6 
            560      3.04339e-6 
            570      6.08426e-6 
            580      1.18596e-5 
            590      2.25681e-5 
            600      4.19739e-5 
            610      7.63968e-5 
            620     0.000136216 
            630      0.00023814 
            640     0.000408636 
            650      0.00068884 
            658      0.00103326 
            665      0.00146074 
            675      0.00236336 
            685      0.00376653 
            695      0.00591645 
            705      0.00916612 
            716       0.0146112 
            726       0.0220301 
            735       0.0315512 
            745       0.0465114 
            755       0.0678017 
            765       0.0977897 
            775         0.13959 
            785        0.197295 
            795        0.276224 
            805        0.383203 
            815        0.526965 
            825         0.71856 
            835        0.971832 
            845          1.3041 
            855         1.73681 
            865          2.2962 
            875         3.01452 
            885         3.93071 
            895         5.09204 
            905         6.55416 
            915         30.2018 
            925         218.603 
            935         394.895 
            945         709.607 
            955         1029.53 
            965         1379.61 
            975          1118.9 
            985         2066.17 
            995         2361.77 
           1005          2915.7 
           1015         3167.49 
           1025         2164.55 
           1035         4186.41 
           1045         5322.39 
           1055         6187.29 
           1065         6989.37 
           1075         8217.06 
           1085         9434.36 
           1095         10521.5 
           1105         16530.1 
           1115          106456 
           1125          181848 
           1135          234394 
           1145          157298 
           1155         98591.7 
           1165         71078.2 
           1175         61968.5 
           1185         63041.1 
           1195           35699 
           1205         25387.8 
           1215         6484.07 
           1225         27409.5 
           1235         58069.5 
           1245         84957.2 
           1255          132939 
           1265          189831 
           1275          472133 
           1285      2.04818e+6 
           1295      3.78027e+6 
           1305      4.79831e+6 
           1315      8.37477e+6 
           1325      1.15082e+7 
           1335      1.41245e+7 
           1345       1.8478e+7 
           1355      1.82808e+7 
           1365      1.92711e+7 
           1375      1.79927e+7 
           1385      1.38661e+7 
           1395      1.34459e+7 
           1405      2.19393e+7 
           1415       3.2327e+7 
           1425      3.61215e+7 
           1435      3.33403e+7 
           1442      3.96575e+7 
           1447      3.93785e+7 
           1455      4.28758e+7 
           1465      3.87152e+7 
           1475      3.97262e+7 
           1485      4.08108e+7 
           1495      4.32181e+7 
           1505       4.5054e+7 
           1512      4.27098e+7 
           1517      4.34993e+7 
           1525      4.27947e+7 
           1535       4.4076e+7 
           1545      4.52323e+7 
           1555      3.79592e+7 
           1565      2.96434e+7 
           1575       3.7671e+7 
           1585       3.9574e+7 
           1595      4.06017e+7 
           1605      3.94217e+7 
           1615       4.4636e+7 
           1625      4.59587e+7 
           1635      5.25728e+7 
           1645      6.42049e+7 
           1655      5.09605e+7 
           1665      6.76563e+7 
           1672      5.43913e+7 
           1677       6.4851e+7 
           1685      7.10475e+7 
           1695       6.3772e+7 
           1705      6.46409e+7 
           1715      6.83799e+7 
           1725      6.70982e+7 
           1735      7.08073e+7 
           1745       6.8193e+7 
           1755      7.24477e+7 
           1765      6.33972e+7 
           1775      7.01343e+7 
           1785      6.95848e+7 
           1795      7.39679e+7 
           1805      7.00679e+7 
           1815      6.96113e+7 
           1825      6.65068e+7 
           1835      6.68423e+7 
           1845      6.20581e+7 
           1855      6.45548e+7 
           1865      6.57479e+7 
           1875      6.66537e+7 
           1885       6.6558e+7 
           1895       6.6426e+7 
           1905      6.35702e+7 
           1915      6.57259e+7 
           1925       6.6462e+7 
           1935       6.3194e+7 
           1945      6.74782e+7 
           1955      6.67907e+7 
           1967      6.76686e+7 
           1976      6.54789e+7 
           1984      6.46122e+7 
           1995      6.36546e+7 
           2005      6.18554e+7 
           2015      6.10156e+7 
           2025      5.91743e+7 
           2035       6.2091e+7 
           2045      6.32986e+7 
           2055      6.11113e+7 
           2065      6.04476e+7 
           2074      6.27284e+7 
           2078      6.35751e+7 
           2085      6.29063e+7 
           2095      6.09845e+7 
           2105      6.00222e+7 
           2115      6.02147e+7 
           2125      6.05178e+7 
           2135      5.46685e+7 
           2145      5.91833e+7 
           2155      5.86126e+7 
           2165      5.62141e+7 
           2175      5.57446e+7 
           2185      5.63623e+7 
           2195      5.88189e+7 
           2205      5.67168e+7 
           2215      5.31367e+7 
           2225        5.359e+7 
           2235       5.7798e+7 
           2245      5.37771e+7 
           2255        5.239e+7 
           2265      5.16714e+7 
           2275      5.45322e+7 
           2285      5.55553e+7 
           2295      5.25416e+7 
           2305      5.28071e+7 
           2315      5.22155e+7 
           2325      5.21652e+7 
           2335      5.14333e+7 
           2345      4.74188e+7 
           2355      5.19363e+7 
           2365      4.80784e+7 
           2375      5.01936e+7 
           2385      4.53011e+7 
           2395      4.86331e+7 
           2405       4.7216e+7 
           2415      4.77321e+7 
           2425      4.95564e+7 
           2435      4.75701e+7 
           2445      4.96584e+7 
           2455      4.84321e+7 
           2465      4.79525e+7 
           2475      4.62306e+7 
           2485      4.78554e+7 
           2495       4.6615e+7 
           2505       4.9988e+7 
           2513      4.69297e+7 
           2518      4.68089e+7 
           2525       4.4367e+7 
           2535      4.38939e+7 
           2545      4.37916e+7 
           2555      4.64245e+7 
           2565      4.64113e+7 
           2575       4.8585e+7 
           2585      4.88367e+7 
           2595       4.8691e+7 
           2605       4.7005e+7 
           2615      4.65525e+7 
           2625      4.79349e+7 
           2635      4.81279e+7 
           2645      5.14932e+7 
           2655      5.10868e+7 
           2665      4.86762e+7 
           2675      4.97039e+7 
           2685      5.02384e+7 
           2695      4.82723e+7 
           2705      4.85622e+7 
           2715      4.68917e+7 
           2725      4.69459e+7 
           2735      4.89396e+7 
           2745      4.44009e+7 
           2755      4.48723e+7 
           2765      4.63943e+7 
           2775      4.80071e+7 
           2785      4.72482e+7 
           2795      3.98154e+7 
           2805      4.31356e+7 
           2815      4.88536e+7 
           2825       4.8565e+7 
           2835       4.7384e+7 
           2845        4.627e+7 
           2855      4.50526e+7 
           2865      4.67181e+7 
           2875        4.602e+7 
           2885      4.68602e+7 
           2895      4.63213e+7 
           2910       4.8452e+7 
           2930      4.69634e+7 
           2950      4.66967e+7 
           2970      4.67831e+7 
           2990      4.67493e+7 
           3010      4.69992e+7 
           3030      4.67747e+7 
           3050      4.64751e+7 
           3070      4.60914e+7 
           3090      4.61793e+7 
           3110      4.56651e+7 
           3130      4.54026e+7 
           3150      4.55454e+7 
           3170      4.52725e+7 
           3190      4.40772e+7 
           3210      4.44656e+7 
           3230      4.37867e+7 
           3250      4.40484e+7 
           3270      4.42123e+7 
           3290      4.42333e+7 
           3310      4.41611e+7 
           3330      4.35065e+7 
           3350      4.28946e+7 
           3370      4.28813e+7 
           3390      4.25112e+7 
           3410      4.27818e+7 
           3430       4.2579e+7 
           3450      4.23083e+7 
           3470      4.19878e+7 
           3490      4.18482e+7 
           3510      4.18772e+7 
           3530      4.17365e+7 
           3550      4.15994e+7 
           3570      4.10459e+7 
           3590       4.0853e+7 
           3610      4.06588e+7 
           3630      4.05322e+7 
           3640      4.04122e+7 
           3650      4.06407e+7 
           3670      4.05961e+7 
           3690      3.93466e+7 
           3710      3.92109e+7 
           3730       3.8713e+7 
           3750      4.65095e+7 
           3770      4.88668e+7 
           3790      5.90635e+7 
           3810      6.95813e+7 
           3830      5.56071e+7 
           3850      7.83501e+7 
           3870      9.02552e+7 
           3890      4.89207e+7 
           3910      9.12666e+7 
           3930      1.00716e+8 
           3950      9.14292e+7 
           3970      4.72462e+7 
           3990      8.64697e+7 
           4010      1.04762e+8 
           4030      1.07155e+8 
           4050      1.05016e+8 
           4070      9.63674e+7 
           4090      6.84834e+7 
           4110       5.2042e+7 
           4130      8.96253e+7 
           4150      9.84888e+7 
           4170      9.98234e+7 
           4190       9.9201e+7 
           4210      9.81502e+7 
           4230      9.62831e+7 
           4250      9.52893e+7 
           4270       9.3033e+7 
           4290      9.04277e+7 
           4310      8.19102e+7 
           4330      5.70633e+7 
           4350       4.8606e+7 
           4370      7.80548e+7 
           4390      8.42887e+7 
           4410       8.5463e+7 
           4430      8.54417e+7 
           4450      8.50464e+7 
           4470      8.41645e+7 
           4490      8.26465e+7 
           4510      8.23207e+7 
           4530      8.12393e+7 
           4550      7.99534e+7 
           4570       7.9661e+7 
           4590      7.85016e+7 
           4610      7.80045e+7 
           4630      7.67486e+7 
           4650      7.61055e+7 
           4670      7.51614e+7 
           4690      7.38589e+7 
           4710       7.1961e+7 
           4730      7.23372e+7 
           4750      7.13736e+7 
           4770      7.02151e+7 
           4790      6.87745e+7 
           4810      6.64061e+7 
           4830      6.10724e+7 
           4850      4.53068e+7 
           4870      3.69202e+7 
           4890      5.68022e+7 
           4910      6.21379e+7 
           4930      6.29042e+7 
           4950      6.32318e+7 
           4970      6.29832e+7 
           4990      6.23401e+7 
           5010      6.14187e+7 
           5030      6.11426e+7 
           5050      6.04392e+7 
           5070      5.99882e+7 
           5090      5.93301e+7 
           5110      5.87137e+7 
           5130      5.80306e+7 
           5150       5.7362e+7 
           5170      5.61157e+7 
           5190      5.57078e+7 
           5210      5.55127e+7 
           5230      5.47322e+7 
           5250      5.44472e+7 
           5270      5.35288e+7 
           5290      5.32756e+7 
           5310      5.26145e+7 
           5330      5.19989e+7 
           5350      5.16306e+7 
           5370      5.10103e+7 
           5390      5.05157e+7 
           5410      4.99022e+7 
           5430      4.94688e+7 
           5450      4.89847e+7 
           5470      4.84899e+7 
           5490      4.80197e+7 
           5510      4.75377e+7 
           5530      4.70036e+7 
           5550      4.65822e+7 
           5570      4.60832e+7 
           5590      4.56021e+7 
           5610      4.51686e+7 
           5630      4.47401e+7 
           5650      4.42882e+7 
           5670       4.3831e+7 
           5690      4.34059e+7 
           5710      4.29787e+7 
           5730      4.25702e+7 
           5750      4.21379e+7 
           5770      4.17274e+7 
           5790      4.13172e+7 
           5810      4.09149e+7 
           5830      4.05194e+7 
           5850      4.01206e+7 
           5870      3.97154e+7 
           5890      3.91334e+7 
           5910      3.89671e+7 
           5930      3.85933e+7 
           5950      3.82162e+7 
           5970      3.78559e+7 
           5990      3.74838e+7 
           6010       3.7118e+7 
           6030      3.67779e+7 
           6050      3.64332e+7 
           6070      3.60954e+7 
           6090      3.57541e+7 
           6110      3.54134e+7 
           6130      3.50624e+7 
           6150      3.46883e+7 
           6170      3.44004e+7 
           6190      3.41146e+7 
           6210      3.37995e+7 
           6230       3.3476e+7 
           6250      3.31242e+7 
           6270       3.2873e+7 
           6290      3.25719e+7 
           6310      3.22588e+7 
           6330      3.19707e+7 
           6350       3.1608e+7 
           6370       3.1343e+7 
           6390      3.10567e+7 
           6410      3.07275e+7 
           6430      3.04309e+7 
           6450       3.0055e+7 
           6470      2.97363e+7 
           6490      2.92707e+7 
           6510      2.86031e+7 
           6530      2.71895e+7 
           6550      2.29879e+7 
           6570      1.86633e+7 
           6590      2.53321e+7 
           6610       2.7032e+7 
           6630      2.74082e+7 
           6650      2.74063e+7 
           6670      2.72744e+7 
           6690      2.70998e+7 
           6710      2.68975e+7 
           6730      2.66913e+7 
           6750      2.64928e+7 
           6770      2.62798e+7 
           6790      2.60525e+7 
           6810      2.58282e+7 
           6830      2.56004e+7 
           6850      2.53829e+7 
           6870      2.51691e+7 
           6890      2.49541e+7 
           6910       2.4742e+7 
           6930      2.45304e+7 
           6950      2.43231e+7 
           6970      2.41163e+7 
           6990      2.39153e+7 
           7010      2.37039e+7 
           7030      2.35074e+7 
           7050      2.33144e+7 
           7070      2.31208e+7 
           7090      2.29284e+7 
           7110      2.26766e+7 
           7130      2.25377e+7 
           7150      2.23528e+7 
           7170      2.21719e+7 
           7190      2.19868e+7 
           7210      2.18063e+7 
           7230      2.16281e+7 
           7250      2.14466e+7 
           7270      2.12767e+7 
           7290      2.10971e+7 
           7310      2.09275e+7 
           7330      2.07574e+7 
           7350      2.05922e+7 
           7370      2.04272e+7 
           7390      2.02575e+7 
           7410      2.00879e+7 
           7430      1.99219e+7 
           7450      1.97676e+7 
           7470      1.95937e+7 
           7490      1.94428e+7 
           7510      1.92987e+7 
           7530      1.91471e+7 
           7550      1.89982e+7 
           7570      1.88467e+7 
           7590      1.86978e+7 
           7610      1.85502e+7 
           7630      1.84033e+7 
           7650      1.82569e+7 
           7670      1.81087e+7 
           7690      1.79694e+7 
           7710      1.78275e+7 
           7730      1.76931e+7 
           7750      1.75536e+7 
           7770      1.72387e+7 
           7790      1.72838e+7 
           7810      1.71503e+7 
           7830      1.70118e+7 
           7850      1.68769e+7 
           7870      1.67347e+7 
           7890      1.65991e+7 
           7910        1.649e+7 
           7930      1.63656e+7 
           7950      1.62327e+7 
           7970      1.61241e+7 
           7990       1.5972e+7 
           8010      1.58771e+7 
           8030      1.57555e+7 
           8050      1.56383e+7 
           8070      1.55187e+7 
           8090      1.54017e+7 
           8110      1.52881e+7 
           8130      1.51742e+7 
           8150      1.50607e+7 
           8170      1.49475e+7 
           8190      1.48072e+7 
           8210      1.47374e+7 
           8230      1.46302e+7 
           8250      1.45234e+7 
           8270      1.44544e+7 
           8290      1.43546e+7 
           8310      1.42566e+7 
           8330      1.41198e+7 
           8350      1.40604e+7 
           8370      1.39605e+7 
           8390       1.3849e+7 
           8410      1.37401e+7 
           8430      1.36278e+7 
           8450      1.34663e+7 
           8470      1.33229e+7 
           8490      1.33428e+7 
           8510       1.2928e+7 
           8530      1.31999e+7 
           8550      1.23662e+7 
           8570      1.31616e+7 
           8590      1.24458e+7 
           8610      1.22122e+7 
           8630      1.30971e+7 
           8650      1.25597e+7 
           8670      1.08851e+7 
           8690      1.27253e+7 
           8710      1.30944e+7 
           8730      1.25184e+7 
           8750      1.01531e+7 
           8770      1.18853e+7 
           8790       1.2924e+7 
           8810      1.30469e+7 
           8830      1.26559e+7 
           8850      1.11625e+7 
           8870      9.59673e+6 
           8890      1.19141e+7 
           8910      1.26332e+7 
           8930      1.28068e+7 
           8950       1.2775e+7 
           8970      1.24405e+7 
           8990      1.16146e+7 
           9010      9.29942e+6 
           9030       1.0082e+7 
           9050      1.16585e+7 
           9070      1.20573e+7 
           9090       1.2116e+7 
           9110      1.22449e+7 
           9130      1.22225e+7 
           9150      1.20885e+7 
           9170      1.18468e+7 
           9190      1.13858e+7 
           9210      1.03429e+7 
           9230      8.17951e+6 
           9250      9.94632e+6 
           9270      1.09232e+7 
           9290      1.13454e+7 
           9310       1.1448e+7 
           9330      1.14509e+7 
           9350      1.14127e+7 
           9370      1.13525e+7 
           9390      1.12683e+7 
           9410      1.10915e+7 
           9430      1.10869e+7 
           9450      1.09755e+7 
           9470      1.08204e+7 
           9490      1.05744e+7 
           9510       1.0113e+7 
           9530      9.06514e+6 
           9550      7.37948e+6 
           9570      9.15406e+6 
           9590      9.92617e+6 
           9610      1.01737e+7 
           9630      1.02192e+7 
           9650      1.02671e+7 
           9670      1.01881e+7 
           9690      1.01834e+7 
           9710       1.0137e+7 
           9730      1.00755e+7 
           9750      1.00089e+7 
           9770      9.94859e+6 
           9790      9.88283e+6 
           9810      9.81595e+6 
           9830      9.74759e+6 
           9850      9.67426e+6 
           9870      9.60532e+6 
           9890      9.51413e+6 
           9910      9.45735e+6 
           9930      9.37154e+6 
           9950      9.27758e+6 
           9970      9.15323e+6 
           9990       8.9626e+6 
          10025      7.94013e+6 
          10075       7.5479e+6 
          10125      8.62597e+6 
          10175      8.65312e+6 
          10225      8.55248e+6 
          10275      8.43626e+6 
          10325      8.30563e+6 
          10375      8.17397e+6 
          10425      8.04445e+6 
          10475      7.90192e+6 
          10525      7.78791e+6 
          10575      7.66626e+6 
          10625      7.54656e+6 
          10675      7.36727e+6 
          10725      7.27253e+6 
          10775      7.16399e+6 
          10825       7.0073e+6 
          10875      6.72608e+6 
          10925      5.56814e+6 
          10975      6.08206e+6 
          11025      6.52416e+6 
          11075       6.5222e+6 
          11125       6.4494e+6 
          11175      6.36829e+6 
          11225      6.28029e+6 
          11275      6.16514e+6 
          11325      6.07029e+6 
          11375      6.00103e+6 
          11425      5.90995e+6 
          11475      5.82994e+6 
          11525      5.74543e+6 
          11575      5.66132e+6 
          11625      5.56896e+6 
          11675      5.47354e+6 
          11725      5.41956e+6 
          11775      5.30489e+6 
          11825       5.2507e+6 
          11875      5.17344e+6 
          11925      5.11664e+6 
          11975      5.03171e+6 
          12025      4.97041e+6 
          12075      4.89704e+6 
          12125      4.83059e+6 
          12175      4.76584e+6 
          12225       4.6987e+6 
          12275       4.6315e+6 
          12325      4.56845e+6 
          12375      4.50627e+6 
          12425      4.44567e+6 
          12475      4.38275e+6 
          12525      4.32334e+6 
          12575      4.25353e+6 
          12625      4.18847e+6 
          12675      4.12148e+6 
          12725      4.02239e+6 
          12775      3.78136e+6 
          12825      3.21575e+6 
          12875      3.72967e+6 
          12925      3.82219e+6 
          12975      3.80555e+6 
          13025      3.76706e+6 
          13075      3.72596e+6 
          13125      3.67926e+6 
          13175      3.62925e+6 
          13225      3.58419e+6 
          13275      3.53758e+6 
          13325      3.49177e+6 
          13375      3.44655e+6 
          13425      3.40211e+6 
          13475      3.35824e+6 
          13525      3.31389e+6 
          13575      3.27194e+6 
          13625      3.23113e+6 
          13675      3.18982e+6 
          13725      3.14462e+6 
          13775      3.10912e+6 
          13825      3.07012e+6 
          13875      3.03238e+6 
          13925      2.99315e+6 
          13975      2.95673e+6 
          14025      2.91998e+6 
          14075      2.88387e+6 
          14125        2.848e+6 
          14175      2.81295e+6 
          14225      2.77813e+6 
          14275      2.74409e+6 
          14325      2.71065e+6 
          14375      2.67779e+6 
          14425      2.63301e+6 
          14475      2.61287e+6 
          14525      2.57563e+6 
          14570      2.55318e+6 
          14620       2.5227e+6 
          14675       2.4921e+6 
          14725       2.4627e+6 
          14775      2.43208e+6 
          14825      2.40525e+6 
          14875      2.37412e+6 
          14925      2.35148e+6 
          14975      2.32387e+6 
          15025      2.29375e+6 
          15075      2.26944e+6 
          15125      2.24441e+6 
          15175      2.21803e+6 
          15225      2.19244e+6 
          15275      2.16519e+6 
          15325      2.13889e+6 
          15375      2.11656e+6 
          15425      2.08322e+6 
          15475      2.06617e+6 
          15525      2.04022e+6 
          15575       1.9995e+6 
          15625      2.00709e+6 
          15675      1.95551e+6 
          15725      1.91674e+6 
          15775      1.94427e+6 
          15825      1.91651e+6 
          15875      1.80146e+6 
          15925      1.85048e+6 
          15975      1.87257e+6 
          16050       1.8089e+6 
          16150      1.71305e+6 
          16250      1.77977e+6 
          16350      1.67957e+6 
          16450       1.5786e+6 
          16550      1.67594e+6 
          16650      1.64391e+6 
          16750       1.5278e+6 
          16850      1.43077e+6 
          16950      1.53746e+6 
          17050      1.51675e+6 
          17150      1.48349e+6 
          17250      1.43001e+6 
          17350      1.24905e+6 
          17450      1.34533e+6 
          17550       1.3594e+6 
          17650      1.33666e+6 
          17750      1.31231e+6 
          17850      1.28334e+6 
          17950      1.25459e+6 
          18050      1.21367e+6 
          18150      1.06855e+6 
          18250      1.12538e+6 
          18350      1.15059e+6 
          18450      1.13261e+6 
          18550      1.10785e+6 
          18650      1.06855e+6 
          18750          937659 
          18850        1.021e+6 
          18950      1.02263e+6 
          19050      1.00687e+6 
          19150          987398 
          19250          965291 
          19350          927570 
          19450          817955 
          19550          892445 
          19650          894517 
          19750          881251 
          19850          866199 
          19950          850097 
          20050          834413 
          20150          819035 
          20250          803965 
          20350          789233 
          20450          774975 
          20550          760948 
          20650          747120 
          20750          733794 
          20850          720732 
          20950          707868 
          21050          695309 
          21150          682770 
          21250          670661 
          21350          658128 
          21450          644359 
          21550          622695 
          21650          553622 
          21750          594907 
          21850          600308 
          21950          593037 
          22050          584059 
          22150          574091 
          22250          564726 
          22350          555287 
          22450          546038 
          22550          536850 
          22650          528096 
          22750          519402 
          22850          511041 
          22950          502757 
          23050          494738 
          23150          486796 
          23250          479043 
          23350          471424 
          23450          463966 
          23550          456652 
          23650          449471 
          23750          442421 
          23850          435493 
          23950          428712 
          24050          422034 
          24150          415472 
          24250          409060 
          24350          402708 
          24450          396409 
          24550          390454 
          24650          384199 
          24750          378401 
          24850          373043 
          24950          365804 
          25050          362049 
          25150          356621 
          25250          348164 
          25350          345687 
          25450          341748 
          25550          335085 
          25650          325234 
          25750          325741 
          25850          322306 
          25950          317092 
          26050          307794 
          26150          294035 
          26250          272478 
          26350          291255 
          26450          294490 
          26550          291255 
          26650          284082 
          26750          268163 
          26850          276129 
          26950          276138 
          27050          273127 
          27150          269600 
          27250          265809 
          27350          261572 
          27450          255325 
          27550          237830 
          27650          241602 
          27750          246351 
          27850          244576 
          27950          241806 
          28050          238965 
          28150          235730 
          28250          232567 
          28350          229148 
          28450          225483 
          28550          221133 
          28650          211964 
          28750          198961 
          28850          210140 
          28950          210448 
          29050          208480 
          29150          206231 
          29250          203608 
          29350          200981 
          29450          198385 
          29550          195832 
          29650          193314 
          29750          190841 
          29850          188406 
          29950          185991 
          30050          183266 
          30150          180341 
          30250          176141 
          30350          163543 
          30450          164709 
          30550          170160 
          30650          169492 
          30750          167913 
          30850          166019 
          30950          164008 
          31050          161988 
          31150          159983 
          31250          158043 
          31350          156131 
          31450          154222 
          31550          152379 
          31650          150545 
          31750          148720 
          31850          146952 
          31950          145196 
          32100          142607 
          32300          139250 
          32500          135976 
          32700          132066 
          32900          121733 
          33100          123468 
          33300          123239 
          33500          120698 
          33700          117999 
          33900          115398 
          34100          112843 
          34300          110362 
          34500          107944 
          34700          105580 
          34900          103284 
          35100          101046 
          35300         98867.7 
          35500         96746.4 
          35700         94675.3 
          35900         92673.3 
          36100         90689.6 
          36300         88806.7 
          36500         86894.5 
          36700         85136.1 
          36900         83183.7 
          37100         81380.5 
          37300         77260.8 
          37500           74944 
          37700           76518 
          37900         75235.2 
          38100           73456 
          38300         72041.1 
          38500         70923.5 
          38700         69533.3 
          38900         67968.7 
          39100         66055.4 
          39300         65448.2 
          39500         64316.2 
          39700         63086.6 
          39900           61779 
          40100         59906.2 
          40300           58413 
          40500         55285.8 
          40700         56836.1 
          40900         56214.1 
          41100         55224.5 
          41300         54171.9 
          41500         52883.2 
          41700         50494.5 
          41900         50891.2 
          42100           50326 
          42300         49520.6 
          42500         48623.9 
          42700         47745.9 
          42900         46888.3 
          43100         46050.5 
          43300         45190.1 
          43500         44158.3 
          43700         41932.3 
          43900         42016.3 
          44100           41977 
          44300         41391.5 
          44500         40675.9 
          44700         40018.6 
          44900         39270.5 
          45100         38600.7 
          45300           37943 
          45500         37295.3 
          45700         36655.8 
          45900         36018.7 
          46100         35361.2 
          46300         34539.7 
          46500         32272.7 
          46700         31908.7 
          46900         32642.5 
          47100         32501.8 
          47300         32047.3 
          47500         31549.3 
          47700         31048.5 
          47900         30553.3 
          48100         30066.9 
          48300         29587.5 
          48500         29116.6 
          48700         28655.5 
          48900         28202.6 
          49100         27757.7 
          49300         27322.1 
          49500         26895.7 
          49700         26473.8 
          49900         26063.8 
          50100         25659.5 
          50300         25257.8 
          50500         24870.6 
          50700         24475.4 
          50900         24047.9 
          51100         23431.5 
          51300         22161.2 
          51500         22801.9 
          51700         22632.9 
          51900         22344.1 
          52100         22029.9 
          52300         21704.8 
          52500         21368.8 
          52700         21044.2 
          52900         20761.5 
          53100         20467.8 
          53300         20169.9 
          53500           19868 
          53700         19545.3 
          53900         19264.3 
          54100         19024.3 
          54300         18789.9 
          54500         18527.9 
          54700         18264.3 
          54900         17965.2 
          55100         17671.2 
          55300         17379.8 
          55500         17204.6 
          55700         17003.6 
          55900         16779.6 
          56100         16547.7 
          56300         16319.8 
          56500         16094.7 
          56700         15852.5 
          56900         15586.5 
          57100           15266 
          57300         15151.6 
          57500         14999.7 
          57700         14824.6 
          57900         14625.7 
          58100         14430.3 
          58300         14222.9 
          58500         14016.8 
          58700         13801.2 
          58900         13457.8 
          59100         12754.3 
          59300         13133.3 
          59500         12905.8 
          59700         12822.6 
          59900         12759.2 
          60100         12619.1 
          60300         12464.1 
          60500         12307.7 
          60700         12151.1 
          60900         11997.2 
          61100         11844.2 
          61300         11694.8 
          61500         11546.2 
          61700         11400.2 
          61900         11256.8 
          62100         11113.1 
          62300         10969.1 
          62500         10816.1 
          62700         10618.8 
          62900         10271.4 
          63100         10329.4 
          63300         10284.9 
          63500         10178.2 
          63700         10059.6 
          63900         9956.11 
          64200         9777.36 
          64600            9542 
          65000         9312.57 
          65400         9091.55 
          65800         8876.07 
          66200         8668.55 
          66600         8465.11 
          67000         8252.97 
          67400         8011.33 
          67800         7680.97 
          68200         7680.72 
          68600         7532.57 
          69000          7366.6 
          69400          7201.2 
          69800          7040.5 
          70200         6884.66 
          70600         6732.19 
          71000         6583.68 
          71400         6441.03 
          71800         6301.14 
          72200         6164.52 
          72600         6022.37 
          73000         5898.65 
          73400         5778.18 
          73800          5646.4 
          74200         5500.84 
          74600         5213.07 
          75000         5058.49 
          75400         5136.36 
          75800         5073.45 
          76200         4976.33 
          76600          4884.3 
          77000         4785.33 
          77400          4678.4 
          77800         4571.47 
          78200         4493.22 
          78600         4415.23 
          79000         4327.95 
          79400         4242.86 
          79800         4159.79 
          80200         4078.75 
          80600         3999.69 
          81000         3917.04 
          81400         3820.36 
          81800         3755.45 
          82200          3699.7 
          82600         3631.87 
          83000         3563.48 
          83400         3496.61 
          83800         3431.18 
          84200         3367.62 
          84600         3305.38 
          85000         3244.57 
          85400         3185.11 
          85800         3126.77 
          86200         3059.79 
          86600         2974.08 
          87000         2942.31 
          87400         2844.13 
          87800         2793.93 
          88200         2797.47 
          88600         2755.27 
          89000         2706.78 
          89400         2659.38 
          89800         2612.99 
          90200         2567.59 
          90600         2523.17 
          91000          2479.7 
          91400         2437.16 
          91800         2395.54 
          92200         2354.81 
          92600         2314.52 
          93000         2273.53 
          93400          2229.4 
          93800         2158.49 
          94200         2143.55 
          94600         2122.22 
          95000         2089.98 
          95400         2056.97 
          95800         2024.48 
          96200         1991.47 
          96600         1959.11 
          97000         1927.41 
          97400         1896.36 
          97800         1865.92 
          98200         1835.35 
          98600         1804.53 
          99000         1778.17 
          99400         1750.09 
          99800         1722.55 
         100200         1695.54 
         200000         109.044 
         400000          6.8148 
         600000         1.33833 
         800000        0.420948 
         1.0e+6        0.171483 
         1.2e+6       0.0822944 
         1.4e+6       0.0442253 
         1.6e+6       0.0258207 
