# Kurucz ODFNEW /NOVER (2003)
# teff = 19000 K (value for the effective temperature for the model. Temperatures are given in K)
# logg = 5 log(cm/s2) (value for Log(G) for the model.)
# meta = -2  (value for the Metallicity for the model.)
# lh = 1.25  (l/Hp where l is the  mixing length of the convective element and Hp is the pressure scale height)
# vtur = 2 km/s (Microturbulence velocity)
# alpha = 0  (Alpha)
#
# column 1: WAVELENGTH (ANGSTROM), Wavelength in Angstrom
# column 2: FLUX (ERG/CM2/S/A), Flux in erg/cm2/s/A
          147.2     5.73009e-22 
            151     4.04685e-21 
          155.2     3.06848e-20 
          158.8     1.60612e-19 
            162     6.60482e-19 
            166     3.60638e-18 
          170.3     2.05952e-17 
          173.4     6.87327e-17 
          176.8     2.46274e-16 
          180.2      8.4358e-16 
          181.7     1.43195e-15 
          186.1     6.45558e-15 
            191     3.19137e-14 
          193.9     7.89928e-14 
          198.4     3.06848e-13 
          201.8     8.24816e-13 
            205     2.03501e-12 
          210.5      8.9867e-12 
          216.2     3.87558e-11 
          219.8     9.38626e-11 
            223     2.00846e-10 
          226.8     4.82727e-10 
            230      1.05776e-9 
            234      2.61246e-9 
            240      9.08925e-9 
          246.5      3.26278e-8 
          252.4      9.82542e-8 
          256.8      2.15488e-7 
            260      3.77264e-7 
            264      7.42259e-7 
          268.5      1.54904e-6 
          273.5      3.40733e-6 
          278.5      7.28714e-6 
            284      1.62745e-5 
            290      3.77159e-5 
            296      8.43402e-5 
            301     0.000160932 
            308     0.000382674 
            318      0.00123375 
            328      0.00368907 
            338       0.0103023 
            348       0.0270371 
            357       0.0613324 
            366         0.13335 
            375        0.278586 
            385        0.605131 
            395         1.25998 
            405         2.52347 
            414         4.57163 
            422         7.57546 
            430         12.3004 
            441           23.22 
            451         40.1806 
            460         64.3645 
            470          106.16 
            480         171.114 
            490         270.002 
            500         417.446 
            506         3401.42 
            512          8541.6 
            520         11081.1 
            530           16236 
            540         20057.4 
            550         28899.2 
            560           37691 
            570         48927.3 
            580         56128.7 
            590         77134.8 
            600           99579 
            610          124237 
            620          153328 
            630          188213 
            640          228144 
            650          277050 
            658          321143 
            665          363802 
            675          432074 
            685          509882 
            695          603336 
            705          706086 
            716          833990 
            726          966204 
            735      1.09869e+6 
            745       1.2627e+6 
            755      1.44453e+6 
            765      1.64435e+6 
            775      1.86676e+6 
            785      2.11008e+6 
            795      2.37557e+6 
            805      2.66619e+6 
            815      2.98088e+6 
            825      3.32468e+6 
            835      3.66488e+6 
            845      4.09296e+6 
            855      4.51581e+6 
            865      4.98457e+6 
            875      5.47657e+6 
            885      6.00766e+6 
            895      6.56928e+6 
            905       7.1075e+6 
            915      1.16494e+7 
            925      3.53136e+7 
            935      7.28314e+7 
            945      3.92484e+8 
            955      1.78314e+9 
            965      2.75561e+9 
            975      6.26505e+8 
            985      6.96632e+9 
            995      9.34646e+9 
           1005      9.27962e+9 
           1015      4.88508e+9 
           1025      2.59122e+8 
           1035       3.6923e+9 
           1045      9.02888e+9 
           1055     1.00371e+10 
           1065       9.6213e+9 
           1075     1.01085e+10 
           1085       9.4894e+9 
           1095      9.85477e+9 
           1105      9.32888e+9 
           1115      9.26714e+9 
           1125      8.80427e+9 
           1135      8.88142e+9 
           1145      8.44651e+9 
           1155      8.51297e+9 
           1165       8.3569e+9 
           1175      7.47524e+9 
           1185      7.60152e+9 
           1195      6.02888e+9 
           1205      3.03065e+9 
           1215      2.73802e+8 
           1225      2.38626e+9 
           1235      5.63059e+9 
           1245      6.56203e+9 
           1255      6.66525e+9 
           1265      6.60031e+9 
           1275      6.69625e+9 
           1285      6.62073e+9 
           1295      6.19292e+9 
           1305      6.00635e+9 
           1315      6.26588e+9 
           1325      6.06415e+9 
           1335      5.80982e+9 
           1345      5.92159e+9 
           1355       5.8222e+9 
           1365      5.68706e+9 
           1375      5.58611e+9 
           1385      5.49847e+9 
           1395      5.33241e+9 
           1405      5.28502e+9 
           1415      5.21153e+9 
           1425      5.14569e+9 
           1435      5.05886e+9 
           1442      5.01004e+9 
           1447      4.96342e+9 
           1455      4.88639e+9 
           1465      4.79411e+9 
           1475      4.71616e+9 
           1485      4.62262e+9 
           1495      4.54649e+9 
           1505      4.45251e+9 
           1512      4.39259e+9 
           1517       4.3722e+9 
           1525      4.29146e+9 
           1535      4.17848e+9 
           1545      4.16907e+9 
           1555      4.06733e+9 
           1565      4.00136e+9 
           1575      3.96924e+9 
           1585      3.90957e+9 
           1595      3.86218e+9 
           1605      3.76068e+9 
           1615      3.69952e+9 
           1625      3.65327e+9 
           1635      3.60181e+9 
           1645      3.54395e+9 
           1655      3.46577e+9 
           1665      3.46123e+9 
           1672      3.35105e+9 
           1677       3.3903e+9 
           1685      3.35712e+9 
           1695      3.29848e+9 
           1705       3.2323e+9 
           1715      3.17768e+9 
           1725      3.11892e+9 
           1735      3.10384e+9 
           1745      3.04524e+9 
           1755      3.01834e+9 
           1765      2.90708e+9 
           1775      2.92404e+9 
           1785      2.87659e+9 
           1795      2.85152e+9 
           1805      2.80984e+9 
           1815      2.76455e+9 
           1825      2.73264e+9 
           1835      2.69097e+9 
           1845      2.63731e+9 
           1855      2.56603e+9 
           1865      2.53718e+9 
           1875      2.53912e+9 
           1885      2.48246e+9 
           1895      2.43115e+9 
           1905      2.43362e+9 
           1915      2.37406e+9 
           1925      2.34407e+9 
           1935      2.32272e+9 
           1945      2.30995e+9 
           1955      2.25642e+9 
           1967      2.24533e+9 
           1976      2.22608e+9 
           1984      2.19084e+9 
           1995      2.14271e+9 
           2005      2.13722e+9 
           2015      2.11309e+9 
           2025      2.09136e+9 
           2035      2.06094e+9 
           2045      2.03471e+9 
           2055      1.98221e+9 
           2065      1.97048e+9 
           2074      1.96463e+9 
           2078      1.93674e+9 
           2085      1.93555e+9 
           2095      1.90338e+9 
           2105      1.88874e+9 
           2115      1.86814e+9 
           2125      1.84885e+9 
           2135      1.82487e+9 
           2145      1.80217e+9 
           2155      1.78191e+9 
           2165      1.75568e+9 
           2175      1.73559e+9 
           2185      1.71643e+9 
           2195      1.69903e+9 
           2205      1.67575e+9 
           2215      1.65313e+9 
           2225      1.63183e+9 
           2235       1.6193e+9 
           2245      1.59945e+9 
           2255      1.57885e+9 
           2265      1.56295e+9 
           2275      1.54371e+9 
           2285      1.52872e+9 
           2295      1.50577e+9 
           2305      1.49152e+9 
           2315       1.4736e+9 
           2325      1.45907e+9 
           2335      1.43458e+9 
           2345      1.40661e+9 
           2355      1.40645e+9 
           2365      1.38097e+9 
           2375      1.37311e+9 
           2385      1.34658e+9 
           2395      1.33779e+9 
           2405       1.3235e+9 
           2415      1.30901e+9 
           2425      1.30342e+9 
           2435      1.28588e+9 
           2445      1.27223e+9 
           2455      1.26251e+9 
           2465      1.24497e+9 
           2475      1.23389e+9 
           2485      1.22117e+9 
           2495      1.20129e+9 
           2505      1.19658e+9 
           2513      1.18253e+9 
           2518      1.18064e+9 
           2525      1.16754e+9 
           2535      1.15037e+9 
           2545      1.14339e+9 
           2555      1.13619e+9 
           2565      1.12087e+9 
           2575      1.11292e+9 
           2585       1.1005e+9 
           2595      1.08823e+9 
           2605      1.07756e+9 
           2615      1.06812e+9 
           2625      1.05912e+9 
           2635      1.04762e+9 
           2645       1.0437e+9 
           2655      1.03233e+9 
           2665      1.01903e+9 
           2675       1.0091e+9 
           2685      1.00286e+9 
           2695      9.87491e+8 
           2705      9.82727e+8 
           2715      9.71974e+8 
           2725      9.56584e+8 
           2735      9.53681e+8 
           2745      9.35096e+8 
           2755      9.27724e+8 
           2765      9.19498e+8 
           2775      9.17873e+8 
           2785      9.08282e+8 
           2795      8.85061e+8 
           2805      8.84651e+8 
           2815      8.83416e+8 
           2825      8.68581e+8 
           2835      8.61433e+8 
           2845      8.57529e+8 
           2855      8.49915e+8 
           2865      8.42432e+8 
           2875      8.34257e+8 
           2885      8.26628e+8 
           2895      8.19084e+8 
           2910       8.0777e+8 
           2930      7.92128e+8 
           2950      7.74021e+8 
           2970      7.64187e+8 
           2990      7.50206e+8 
           3010      7.37026e+8 
           3030      7.23923e+8 
           3050      7.11017e+8 
           3070      6.98466e+8 
           3090      6.86218e+8 
           3110      6.74188e+8 
           3130      6.62792e+8 
           3150      6.51327e+8 
           3170      6.40173e+8 
           3190      6.25766e+8 
           3210      6.18395e+8 
           3230      6.07908e+8 
           3250      5.97667e+8 
           3270      5.87947e+8 
           3290      5.77862e+8 
           3310      5.68596e+8 
           3330      5.59239e+8 
           3350      5.49694e+8 
           3370      5.41099e+8 
           3390       5.3234e+8 
           3410      5.23749e+8 
           3430      5.14745e+8 
           3450      5.05946e+8 
           3470       4.9841e+8 
           3490      4.90548e+8 
           3510      4.83292e+8 
           3530      4.75715e+8 
           3550      4.68068e+8 
           3570      4.61745e+8 
           3590       4.5334e+8 
           3610      4.47088e+8 
           3630      4.39516e+8 
           3640      4.37417e+8 
           3650      4.33553e+8 
           3670      4.28505e+8 
           3690      4.21825e+8 
           3710      4.09079e+8 
           3730      3.88809e+8 
           3750      3.98951e+8 
           3770      3.98017e+8 
           3790      4.36971e+8 
           3810      4.73763e+8 
           3830      3.99795e+8 
           3850      5.04229e+8 
           3870      5.37466e+8 
           3890      3.64901e+8 
           3910      5.31972e+8 
           3930       5.4906e+8 
           3950      5.19248e+8 
           3970      3.43842e+8 
           3990      4.92656e+8 
           4010       5.1725e+8 
           4030      4.83458e+8 
           4050      5.10528e+8 
           4070      4.94152e+8 
           4090      4.09855e+8 
           4110      3.40129e+8 
           4130      4.59468e+8 
           4150      4.66272e+8 
           4170      4.65341e+8 
           4190      4.59836e+8 
           4210      4.52757e+8 
           4230      4.45538e+8 
           4250      4.38185e+8 
           4270      4.30184e+8 
           4290      4.21515e+8 
           4310      4.05688e+8 
           4330      3.29552e+8 
           4350      2.93858e+8 
           4370      3.83301e+8 
           4390        3.762e+8 
           4410      3.85425e+8 
           4430      3.78977e+8 
           4450      3.74551e+8 
           4470      3.47884e+8 
           4490      3.62731e+8 
           4510      3.58965e+8 
           4530      3.53563e+8 
           4550      3.48278e+8 
           4570      3.43108e+8 
           4590      3.38032e+8 
           4610      3.33031e+8 
           4630      3.28122e+8 
           4650      3.23302e+8 
           4670      3.18604e+8 
           4690      3.13974e+8 
           4710      3.05404e+8 
           4730      3.04864e+8 
           4750      3.00415e+8 
           4770        2.955e+8 
           4790      2.90641e+8 
           4810      2.84825e+8 
           4830      2.74526e+8 
           4850      2.30995e+8 
           4870      2.00398e+8 
           4890      2.59056e+8 
           4910      2.63981e+8 
           4930      2.55628e+8 
           4950      2.59978e+8 
           4970      2.57051e+8 
           4990      2.53648e+8 
           5010      2.46929e+8 
           5030      2.46667e+8 
           5050       2.4197e+8 
           5070      2.40108e+8 
           5090      2.36858e+8 
           5110      2.33666e+8 
           5130      2.30531e+8 
           5150      2.27451e+8 
           5170      2.24412e+8 
           5190      2.21427e+8 
           5210      2.18467e+8 
           5230      2.15615e+8 
           5250      2.12786e+8 
           5270      2.09994e+8 
           5290      2.07252e+8 
           5310      2.04558e+8 
           5330      2.01911e+8 
           5350      1.99286e+8 
           5370      1.96733e+8 
           5390      1.94212e+8 
           5410      1.91724e+8 
           5430      1.89266e+8 
           5450      1.86865e+8 
           5470      1.84506e+8 
           5490      1.82177e+8 
           5510      1.79889e+8 
           5530      1.77629e+8 
           5550       1.7541e+8 
           5570      1.73229e+8 
           5590      1.71076e+8 
           5610       1.6896e+8 
           5630      1.66882e+8 
           5650      1.64806e+8 
           5670       1.6279e+8 
           5690       1.6081e+8 
           5710      1.58854e+8 
           5730       1.5692e+8 
           5750      1.55022e+8 
           5770      1.53157e+8 
           5790      1.51314e+8 
           5810      1.49493e+8 
           5830      1.47715e+8 
           5850      1.45947e+8 
           5870      1.39903e+8 
           5890      1.42191e+8 
           5910      1.40831e+8 
           5930      1.39165e+8 
           5950      1.37528e+8 
           5970      1.35921e+8 
           5990      1.34333e+8 
           6010      1.32783e+8 
           6030      1.31241e+8 
           6050      1.29726e+8 
           6070      1.28228e+8 
           6090      1.26758e+8 
           6110      1.25304e+8 
           6130      1.23876e+8 
           6150      1.22464e+8 
           6170      1.21077e+8 
           6190      1.19706e+8 
           6210       1.1836e+8 
           6230      1.17029e+8 
           6250      1.15712e+8 
           6270      1.14419e+8 
           6290       1.1314e+8 
           6310      1.11885e+8 
           6330      1.10643e+8 
           6350      1.09377e+8 
           6370        1.082e+8 
           6390      1.07034e+8 
           6410      1.05854e+8 
           6430      1.04705e+8 
           6450      1.03558e+8 
           6470      1.02271e+8 
           6490      1.00944e+8 
           6510      9.94535e+7 
           6530       9.6981e+7 
           6550      8.79423e+7 
           6570      7.61926e+7 
           6590      9.20395e+7 
           6610      9.38717e+7 
           6630      9.35034e+7 
           6650      9.27288e+7 
           6670      9.10134e+7 
           6690      9.01755e+7 
           6710      9.00822e+7 
           6730        8.914e+7 
           6750      8.82074e+7 
           6770      8.72842e+7 
           6790      8.63786e+7 
           6810       8.5482e+7 
           6830      8.45945e+7 
           6850      8.37239e+7 
           6870       8.2862e+7 
           6890      8.20166e+7 
           6910      8.11717e+7 
           6930       8.0343e+7 
           6950      7.95302e+7 
           6970      7.87255e+7 
           6990      7.79287e+7 
           7010      7.71397e+7 
           7030      7.63584e+7 
           7050       7.5593e+7 
           7070      7.39766e+7 
           7090      7.40897e+7 
           7110      7.33515e+7 
           7130      7.26219e+7 
           7150      7.19023e+7 
           7170      7.11903e+7 
           7190      7.04894e+7 
           7210      6.97953e+7 
           7230      6.90997e+7 
           7250      6.84338e+7 
           7270      6.77655e+7 
           7290      6.67888e+7 
           7310      6.64535e+7 
           7330      6.58102e+7 
           7350      6.51742e+7 
           7370      6.45456e+7 
           7390       6.3925e+7 
           7410      6.33121e+7 
           7430      6.27056e+7 
           7450      6.21094e+7 
           7470       6.1518e+7 
           7490      6.09334e+7 
           7510      6.03514e+7 
           7530      5.97854e+7 
           7550      5.92213e+7 
           7570      5.86642e+7 
           7590      5.81135e+7 
           7610      5.75697e+7 
           7630      5.70321e+7 
           7650      5.65006e+7 
           7670      5.59751e+7 
           7690      5.54563e+7 
           7710      5.49427e+7 
           7730      5.44355e+7 
           7750      5.39348e+7 
           7770      5.34229e+7 
           7790      5.29496e+7 
           7810      5.24595e+7 
           7830      5.19873e+7 
           7850      5.15258e+7 
           7870      5.10569e+7 
           7890      5.05914e+7 
           7910      5.01408e+7 
           7930      4.96887e+7 
           7950      4.92411e+7 
           7970      4.87998e+7 
           7990      4.83598e+7 
           8010      4.79313e+7 
           8030      4.75042e+7 
           8050      4.70818e+7 
           8070      4.66636e+7 
           8090      4.62501e+7 
           8110      4.58419e+7 
           8130      4.54382e+7 
           8150      4.50385e+7 
           8170      4.46439e+7 
           8190      4.42497e+7 
           8210       4.3817e+7 
           8230      4.34753e+7 
           8250      4.31153e+7 
           8270       4.2701e+7 
           8290       4.2396e+7 
           8310      4.20503e+7 
           8330      4.16906e+7 
           8350      4.12858e+7 
           8370      4.09823e+7 
           8390      4.06587e+7 
           8410      4.03068e+7 
           8430      3.99509e+7 
           8450      3.95378e+7 
           8470      3.92352e+7 
           8490       3.8875e+7 
           8510      3.84709e+7 
           8530      3.82032e+7 
           8550      3.75196e+7 
           8570       3.7733e+7 
           8590      3.66451e+7 
           8610      3.63536e+7 
           8630      3.70549e+7 
           8650       3.5991e+7 
           8670      3.41096e+7 
           8690      3.59967e+7 
           8710      3.64041e+7 
           8730       3.5154e+7 
           8750      3.17031e+7 
           8770       3.3803e+7 
           8790       3.5529e+7 
           8810      3.56736e+7 
           8830      3.48469e+7 
           8850       3.1895e+7 
           8870      2.94246e+7 
           8890      3.30739e+7 
           8910      3.43141e+7 
           8930      3.44643e+7 
           8950      3.42404e+7 
           8970      3.35808e+7 
           8990      3.18882e+7 
           9010      2.77433e+7 
           9030      2.88813e+7 
           9050      3.17142e+7 
           9070      3.22903e+7 
           9090      3.24725e+7 
           9110      3.23719e+7 
           9130      3.21344e+7 
           9150      3.18109e+7 
           9170      3.13175e+7 
           9190      3.05002e+7 
           9210       2.8363e+7 
           9230      2.45664e+7 
           9250      2.75054e+7 
           9270      2.93995e+7 
           9290      2.98545e+7 
           9310       2.9795e+7 
           9330      2.97194e+7 
           9350      2.95204e+7 
           9370      2.93164e+7 
           9390      2.90904e+7 
           9410      2.88499e+7 
           9430      2.86073e+7 
           9450      2.83366e+7 
           9470      2.79268e+7 
           9490      2.75724e+7 
           9510      2.66522e+7 
           9530      2.45888e+7 
           9550       2.1663e+7 
           9570      2.46798e+7 
           9590      2.60603e+7 
           9610      2.63468e+7 
           9630      2.62952e+7 
           9650      2.62417e+7 
           9670      2.60817e+7 
           9690      2.59083e+7 
           9710      2.57098e+7 
           9730      2.55629e+7 
           9750      2.53685e+7 
           9770       2.5176e+7 
           9790      2.49852e+7 
           9810      2.47965e+7 
           9830      2.46091e+7 
           9850      2.44235e+7 
           9870      2.42399e+7 
           9890      2.40561e+7 
           9910      2.38294e+7 
           9930      2.36254e+7 
           9950      2.34103e+7 
           9970      2.31603e+7 
           9990      2.28223e+7 
          10025      2.09198e+7 
          10075      2.01181e+7 
          10125      2.17636e+7 
          10175      2.15775e+7 
          10225      2.12445e+7 
          10275      2.08676e+7 
          10325      2.04437e+7 
          10375      2.01271e+7 
          10425      1.97695e+7 
          10475      1.94195e+7 
          10525      1.90773e+7 
          10575      1.87424e+7 
          10625      1.84152e+7 
          10675      1.80791e+7 
          10725      1.77813e+7 
          10775       1.7456e+7 
          10825      1.69611e+7 
          10875       1.6587e+7 
          10925      1.45382e+7 
          10975      1.53099e+7 
          11025      1.58489e+7 
          11075      1.57129e+7 
          11125      1.55047e+7 
          11175      1.52468e+7 
          11225      1.49914e+7 
          11275      1.47458e+7 
          11325       1.4504e+7 
          11375      1.42667e+7 
          11425      1.40341e+7 
          11475      1.38062e+7 
          11525      1.35829e+7 
          11575       1.3364e+7 
          11625      1.31495e+7 
          11675      1.29396e+7 
          11725      1.27335e+7 
          11775      1.25313e+7 
          11825       1.2334e+7 
          11875        1.214e+7 
          11925      1.19497e+7 
          11975      1.17017e+7 
          12025      1.15806e+7 
          12075      1.14014e+7 
          12125      1.12259e+7 
          12175      1.10533e+7 
          12225      1.08844e+7 
          12275      1.07184e+7 
          12325      1.05557e+7 
          12375      1.03963e+7 
          12425      1.02396e+7 
          12475      1.00858e+7 
          12525      9.92617e+6 
          12575      9.78711e+6 
          12625      9.64191e+6 
          12675      9.47336e+6 
          12725      9.28971e+6 
          12775      8.88473e+6 
          12825      7.98646e+6 
          12875      8.71884e+6 
          12925      8.77059e+6 
          12975      8.65456e+6 
          13025      8.57248e+6 
          13075      8.44952e+6 
          13125      8.32885e+6 
          13175      8.21019e+6 
          13225      8.09373e+6 
          13275      7.97922e+6 
          13325      7.86683e+6 
          13375      7.75632e+6 
          13425      7.64618e+6 
          13475       7.5412e+6 
          13525      7.43653e+6 
          13575      7.33361e+6 
          13625      7.23239e+6 
          13675      7.13286e+6 
          13725      7.03519e+6 
          13775      6.93914e+6 
          13825      6.84469e+6 
          13875      6.75181e+6 
          13925      6.66067e+6 
          13975      6.57085e+6 
          14025      6.48271e+6 
          14075      6.39604e+6 
          14125      6.31081e+6 
          14175      6.22699e+6 
          14225      6.14457e+6 
          14275      6.06333e+6 
          14325      5.98363e+6 
          14375      5.90525e+6 
          14425      5.82799e+6 
          14475       5.7522e+6 
          14525      5.67749e+6 
          14570      5.61124e+6 
          14620      5.53961e+6 
          14675      5.46213e+6 
          14725      5.39295e+6 
          14775      5.32493e+6 
          14825      5.25788e+6 
          14875      5.19177e+6 
          14925      5.12694e+6 
          14975      5.06286e+6 
          15025      4.99985e+6 
          15075      4.93441e+6 
          15125      4.87648e+6 
          15175      4.81626e+6 
          15225       4.7564e+6 
          15275      4.69738e+6 
          15325      4.63871e+6 
          15375      4.58309e+6 
          15425      4.52365e+6 
          15475      4.46977e+6 
          15525      4.41227e+6 
          15575      4.35184e+6 
          15625      4.31307e+6 
          15675      4.24267e+6 
          15725      4.18404e+6 
          15775      4.16377e+6 
          15825      4.10636e+6 
          15875      3.99817e+6 
          15925      3.99078e+6 
          15975      3.97971e+6 
          16050      3.87928e+6 
          16150      3.74617e+6 
          16250      3.74686e+6 
          16350      3.59758e+6 
          16450      3.45722e+6 
          16550      3.50579e+6 
          16650      3.43119e+6 
          16750      3.26453e+6 
          16850      3.12718e+6 
          16950      3.20132e+6 
          17050      3.13537e+6 
          17150      3.07393e+6 
          17250      2.98345e+6 
          17350      2.74516e+6 
          17450      2.82576e+6 
          17550       2.8115e+6 
          17650      2.75785e+6 
          17750      2.69864e+6 
          17850      2.64106e+6 
          17950       2.5826e+6 
          18050      2.51163e+6 
          18150        2.315e+6 
          18250      2.36062e+6 
          18350      2.36629e+6 
          18450      2.32599e+6 
          18550      2.27547e+6 
          18650       2.2064e+6 
          18750      2.03569e+6 
          18850      2.12017e+6 
          18950      2.09618e+6 
          19050      2.05274e+6 
          19150      2.01523e+6 
          19250      1.97107e+6 
          19350       1.9105e+6 
          19450      1.75925e+6 
          19550      1.83524e+6 
          19650      1.82158e+6 
          19750      1.78985e+6 
          19850      1.75532e+6 
          19950      1.72168e+6 
          20050      1.68881e+6 
          20150      1.65678e+6 
          20250      1.62548e+6 
          20350       1.5949e+6 
          20450      1.56492e+6 
          20550       1.5343e+6 
          20650      1.50737e+6 
          20750      1.47949e+6 
          20850      1.45233e+6 
          20950      1.42571e+6 
          21050      1.39978e+6 
          21150      1.37285e+6 
          21250      1.34961e+6 
          21350      1.32535e+6 
          21450      1.29894e+6 
          21550      1.26379e+6 
          21650      1.16799e+6 
          21750      1.21159e+6 
          21850      1.20818e+6 
          21950      1.19078e+6 
          22050      1.17001e+6 
          22150      1.14979e+6 
          22250      1.12989e+6 
          22350      1.11053e+6 
          22450      1.09146e+6 
          22550      1.07291e+6 
          22650      1.05472e+6 
          22750      1.03688e+6 
          22850      1.01946e+6 
          22950      1.00244e+6 
          23050          985746 
          23150          969516 
          23250          953527 
          23350          937846 
          23450          922534 
          23550          907516 
          23650          892785 
          23750          878337 
          23850          864231 
          23950          850396 
          24050          836760 
          24150          823450 
          24250          810395 
          24350          797589 
          24450          784965 
          24550          772708 
          24650          760499 
          24750          748339 
          24850          737204 
          24950          725073 
          25050          714612 
          25150          703580 
          25250          691401 
          25350          682029 
          25450          672375 
          25550          661121 
          25650          648646 
          25750          641630 
          25850          633010 
          25950          622994 
          26050          609893 
          26150          592511 
          26250          557935 
          26350          578396 
          26450          578016 
          26550          570303 
          26650          559454 
          26750          543380 
          26850          543312 
          26950          539028 
          27050          532166 
          27150          525545 
          27250          517737 
          27350          509426 
          27450          499556 
          27550          480812 
          27650          479622 
          27750          480242 
          27850          475430 
          27950          469613 
          28050          463130 
          28150          456750 
          28250          450482 
          28350          444315 
          28450          437645 
          28550          429889 
          28650          417622 
          28750          402566 
          28850          410222 
          28950          408077 
          29050          404009 
          29150          398635 
          29250          393351 
          29350          388147 
          29450          383031 
          29550          378001 
          29650          373052 
          29750          368181 
          29850          363389 
          29950          358677 
          30050          354033 
          30150          348439 
          30250          341763 
          30350          326292 
          30450          325534 
          30550          329465 
          30650          327046 
          30750          323595 
          30850          319526 
          30950          315514 
          31050          311562 
          31150          307674 
          31250          303849 
          31350          300077 
          31450          296370 
          31550          292716 
          31650          289117 
          31750          285575 
          31850          282088 
          31950          278653 
          32100          273598 
          32300          267035 
          32500          260666 
          32700          253771 
          32900          239251 
          33100          238954 
          33300          236405 
          33500          231214 
          33700          225963 
          33900          220827 
          34100          215821 
          34300          210954 
          34500          206218 
          34700          201613 
          34900          197138 
          35100          192785 
          35300          188548 
          35500          184426 
          35700          180415 
          35900          176519 
          36100          172707 
          36300          169016 
          36500          165391 
          36700          161895 
          36900          158371 
          37100          154815 
          37300          148657 
          37500          144688 
          37700          145415 
          37900          142702 
          38100          139666 
          38300          136863 
          38500          134281 
          38700          131598 
          38900          128817 
          39100          125935 
          39300          123820 
          39500          121625 
          39700          119332 
          39900          116710 
          40100          113941 
          40300          111377 
          40500          106357 
          40700          107589 
          40900          106066 
          41100          104137 
          41300          102098 
          41500         99818.8 
          41700         96946.3 
          41900         96074.5 
          42100         94706.8 
          42300         92994.3 
          42500         91278.5 
          42700         89615.5 
          42900         87950.8 
          43100         86386.1 
          43300         84826.4 
          43500         83020.8 
          43700         80248.5 
          43900         79509.2 
          44100         78805.2 
          44300         77536.6 
          44500         76173.4 
          44700         74959.7 
          44900         73652.5 
          45100         72374.7 
          45300         71123.8 
          45500         69899.4 
          45700         68619.7 
          45900         67375.7 
          46100         66166.6 
          46300         64784.3 
          46500         61437.1 
          46700           61045 
          46900         61335.6 
          47100         60763.1 
          47300         59846.2 
          47500         58977.7 
          47700         58030.5 
          47900         57080.6 
          48100         56150.9 
          48300         55239.6 
          48500         54346.1 
          48700         53471.8 
          48900         52614.6 
          49100         51772.7 
          49300         50950.5 
          49500           50143 
          49700         49351.3 
          49900         48575.2 
          50100         47814.4 
          50300         47068.7 
          50500         46337.6 
          50700         45572.6 
          50900         44768.8 
          51100         43782.8 
          51300         42060.7 
          51500         42537.2 
          51700         42107.2 
          51900         41570.7 
          52100           40969 
          52300         40353.3 
          52500         39749.8 
          52700           39157 
          52900         38576.1 
          53100         38005.5 
          53300           37445 
          53500         36895.7 
          53700           36334 
          53900           35812 
          54100         35305.7 
          54300         34794.4 
          54500         34292.2 
          54700         33800.1 
          54900         33315.6 
          55100         32804.9 
          55300         32290.8 
          55500         31914.2 
          55700         31464.4 
          55900         31021.5 
          56100         30587.6 
          56300         30160.3 
          56500         29739.5 
          56700         29327.3 
          56900         28881.8 
          57100         28403.7 
          57300         28074.9 
          57500         27746.7 
          57700         27367.9 
          57900           26996 
          58100         26630.8 
          58300           26271 
          58500         25882.6 
          58700         25496.6 
          58900         24957.8 
          59100         23933.8 
          59300         24337.2 
          59500         24037.7 
          59700         23789.2 
          59900         23553.9 
          60100         23294.2 
          60300         23008.3 
          60500         22709.3 
          60700         22414.7 
          60900         22124.5 
          61100         21839.6 
          61300           21559 
          61500         21282.5 
          61700         21010.2 
          61900         20742.9 
          62100         20479.6 
          62300         20220.2 
          62500         19922.2 
          62700         19612.3 
          62900         19200.2 
          63100         19101.4 
          63300         18934.8 
          63500         18748.4 
          63700         18516.7 
          63900         18288.4 
          64200         17952.4 
          64600         17515.9 
          65000         17093.3 
          65400         16682.2 
          65800         16284.2 
          66200         15897.2 
          66600         15522.5 
          67000         15157.3 
          67400         14731.6 
          67800         14246.9 
          68200         14099.7 
          68600         13804.5 
          69000         13489.8 
          69400         13184.5 
          69800         12887.7 
          70200         12598.3 
          70600         12317.6 
          71000         12044.7 
          71400         11779.4 
          71800         11521.3 
          72200         11269.7 
          72600         11025.8 
          73000         10787.9 
          73400           10556 
          73800           10325 
          74200         10068.2 
          74600         9597.02 
          75000          9338.2 
          75400         9409.02 
          75800         9272.61 
          76200         9098.95 
          76600         8911.72 
          77000         8729.78 
          77400         8551.74 
          77800         8360.71 
          78200          8210.1 
          78600         8045.65 
          79000          7884.7 
          79400         7728.37 
          79800         7575.95 
          80200         7426.77 
          80600         7281.33 
          81000         7139.54 
          81400         6980.85 
          81800         6853.63 
          82200         6734.68 
          82600         6606.11 
          83000         6480.25 
          83400         6358.12 
          83800         6238.02 
          84200         6120.97 
          84600          6006.9 
          85000         5895.23 
          85400         5786.41 
          85800         5679.88 
          86200         5568.98 
          86600         5438.78 
          87000         5353.55 
          87400         5191.72 
          87800         5099.07 
          88200         5082.47 
          88600         4999.25 
          89000         4910.66 
          89400         4823.45 
          89800         4738.99 
          90200         4655.85 
          90600         4574.53 
          91000         4495.05 
          91400         4417.32 
          91800         4341.23 
          92200         4266.77 
          92600         4193.92 
          93000         4122.59 
          93400         4045.17 
          93800         3943.26 
          94200          3896.3 
          94600         3849.65 
          95000         3787.92 
          95400         3725.13 
          95800         3663.63 
          96200         3603.39 
          96600         3544.34 
          97000         3486.54 
          97400         3429.89 
          97800         3374.35 
          98200         3319.97 
          98600         3266.66 
          99000         3214.44 
          99400         3163.27 
          99800         3113.07 
         100200         3063.88 
         200000         193.319 
         400000         11.9138 
         600000         2.32536 
         800000        0.729442 
         1.0e+6        0.296867 
         1.2e+6        0.142461 
         1.4e+6       0.0765895 
         1.6e+6       0.0447469 
