# Kurucz ODFNEW /NOVER (2003)
# teff = 4750 K (value for the effective temperature for the model. Temperatures are given in K)
# logg = 1.5 log(cm/s2) (value for Log(G) for the model.)
# meta = -2  (value for the Metallicity for the model.)
# lh = 1.25  (l/Hp where l is the  mixing length of the convective element and Hp is the pressure scale height)
# vtur = 2 km/s (Microturbulence velocity)
# alpha = 0  (Alpha)
#
# column 1: WAVELENGTH (ANGSTROM), Wavelength in Angstrom
# column 2: FLUX (ERG/CM2/S/A), Flux in erg/cm2/s/A
          147.2    3.39803e-132 
            151    1.30144e-128 
          155.2    7.38537e-125 
          158.8    8.42663e-122 
            162    3.37167e-119 
            166    4.34327e-116 
          170.3    6.54722e-113 
          173.4    1.01881e-110 
          176.8     2.1025e-108 
          180.2    3.53885e-106 
          181.7    3.19208e-105 
          186.1    1.64547e-102 
            191     1.22268e-99 
          193.9     5.20286e-98 
          198.4     1.40728e-95 
          201.8     8.19886e-94 
            205     3.32311e-92 
          210.5     1.46916e-89 
          216.2     5.81579e-87 
          219.8     2.16094e-85 
            223     4.85379e-84 
          226.8     1.74199e-82 
            230     3.23916e-81 
            234      1.1128e-79 
            240      1.7896e-77 
          246.5     3.30971e-75 
          252.4     2.98287e-73 
          256.8     7.46247e-72 
            260     7.23588e-71 
            264     1.14393e-69 
          268.5     2.30645e-68 
          273.5      5.7656e-67 
          278.5     1.28262e-65 
            284     3.41731e-64 
            290     1.06062e-62 
            296     2.84994e-61 
            301     3.99928e-60 
            308     1.39205e-58 
            318     1.67912e-56 
            328     1.50059e-54 
            338     1.01958e-52 
            348     5.40127e-51 
            357     1.58012e-49 
            366     3.90212e-48 
            375     8.21317e-47 
            385     2.04149e-45 
            395     4.28654e-44 
            405     7.70547e-43 
            414     9.17426e-42 
            422     7.56298e-41 
            430     5.74793e-40 
            441     8.25128e-39 
            451     8.26541e-38 
            460     6.01663e-37 
            470     4.97832e-36 
            480      3.7565e-35 
            490     2.60243e-34 
            500     1.66153e-33 
            506     6.50311e-33 
            512     2.07878e-32 
            520     8.07001e-32 
            530     4.16521e-31 
            540     1.98933e-30 
            550     9.04836e-30 
            560     3.86808e-29 
            570      1.5671e-28 
            580     5.97156e-28 
            590     2.21395e-27 
            600     7.75968e-27 
            610      2.6039e-26 
            620      8.3836e-26 
            630     2.59506e-25 
            640     7.74172e-25 
            650     2.22863e-24 
            658     5.06678e-24 
            665     1.02168e-23 
            675     2.70898e-23 
            685     6.96776e-23 
            695     1.74098e-22 
            705     4.23075e-22 
            716     1.08972e-21 
            726     2.50778e-21 
            735     5.20186e-21 
            745     1.14466e-20 
            755     2.46291e-20 
            765     5.18644e-20 
            775      1.0698e-19 
            785     2.16326e-19 
            795     4.29115e-19 
            805     8.35923e-19 
            815     1.59959e-18 
            825     3.00974e-18 
            835     5.57185e-18 
            845     1.01534e-17 
            855     1.82231e-17 
            865     3.22279e-17 
            875     5.61927e-17 
            885     9.66613e-17 
            895     1.64091e-16 
            905     2.75013e-16 
            915      3.8898e-11 
            925     1.30883e-10 
            935     1.63939e-10 
            945     2.66779e-10 
            955     5.12041e-10 
            965     6.35592e-10 
            975     5.53309e-10 
            985      2.26082e-9 
            995      3.48675e-9 
           1005      3.97645e-9 
           1015      2.66703e-9 
           1025       7.5717e-9 
           1035      1.38798e-8 
           1045      2.81233e-8 
           1055      3.68259e-8 
           1065      7.06908e-8 
           1075      9.48975e-8 
           1085      1.55076e-7 
           1095      1.91427e-7 
           1105      6.16485e-7 
           1115       1.5688e-6 
           1125      2.62961e-6 
           1135      3.68885e-6 
           1145      4.24136e-6 
           1155      3.90729e-6 
           1165      3.44691e-6 
           1175      3.18247e-6 
           1185      1.46423e-5 
           1195       1.1713e-6 
           1205      1.46893e-6 
           1215      6.84083e-8 
           1225      2.45249e-6 
           1235       3.8685e-6 
           1245      9.53985e-6 
           1255       2.1977e-5 
           1265      4.17169e-5 
           1275       7.1215e-5 
           1285     0.000112889 
           1295      0.00016508 
           1305     0.000235989 
           1315     0.000326878 
           1325     0.000400564 
           1335     0.000497402 
           1345     0.000637995 
           1355     0.000832097 
           1365     0.000966478 
           1375      0.00113065 
           1385      0.00141408 
           1395      0.00168268 
           1405      0.00215596 
           1415       0.0027322 
           1425      0.00303591 
           1435      0.00389897 
           1442      0.00566064 
           1447      0.00475111 
           1455      0.00569785 
           1465      0.00767089 
           1475      0.00752203 
           1485      0.00930623 
           1495        0.013285 
           1505       0.0179065 
           1512       0.0118362 
           1517       0.0192204 
           1525       0.0474875 
           1535        0.321117 
           1545        0.271852 
           1555        0.502612 
           1565        0.479551 
           1575        0.851756 
           1585         1.11365 
           1595         1.32156 
           1605         1.52094 
           1615         2.05941 
           1625         2.68827 
           1635         3.18988 
           1645         5.27528 
           1655         3.20306 
           1665         6.92286 
           1672         4.84552 
           1677         7.87463 
           1685         12.1562 
           1695          16.021 
           1705         18.1961 
           1715         16.4565 
           1725         22.2774 
           1735         25.6132 
           1745         33.8386 
           1755         42.6973 
           1765          45.405 
           1775         49.1779 
           1785         61.5955 
           1795         68.1218 
           1805         77.2868 
           1815         84.8841 
           1825         94.3909 
           1835         114.869 
           1845         109.878 
           1855         132.856 
           1865         148.657 
           1875         165.153 
           1885         184.016 
           1895         219.364 
           1905         228.829 
           1915         273.197 
           1925          313.98 
           1935         320.674 
           1945         368.053 
           1955          397.85 
           1967         473.885 
           1976         496.025 
           1984         533.091 
           1995          587.42 
           2005         622.546 
           2015         706.458 
           2025         683.439 
           2035         866.667 
           2045         1009.92 
           2055         1073.89 
           2065         1141.35 
           2074         1360.14 
           2078          1571.8 
           2085         1737.53 
           2095         2104.92 
           2105         2422.58 
           2115         2840.28 
           2125         2547.89 
           2135         2900.05 
           2145         3950.77 
           2155         4556.58 
           2165         4636.35 
           2175         5408.26 
           2185         6914.64 
           2195         8027.94 
           2205         8104.06 
           2215         6600.91 
           2225         9041.89 
           2235         12341.4 
           2245         12399.1 
           2255         9770.47 
           2265         9494.19 
           2275         12886.6 
           2285         15661.6 
           2295         14617.8 
           2305         18808.7 
           2315         17029.1 
           2325         16275.9 
           2335         10991.2 
           2345         7951.77 
           2355         17570.9 
           2365          9379.8 
           2375         13807.2 
           2385         7141.55 
           2395         10069.1 
           2405           10108 
           2415         16571.7 
           2425         34932.8 
           2435         37129.5 
           2445         44780.1 
           2455         45753.7 
           2465         44111.5 
           2475         39415.7 
           2485         21929.4 
           2495         34505.9 
           2505         50713.3 
           2513         28895.5 
           2518         17610.3 
           2525         20844.8 
           2535         37594.2 
           2545         46546.9 
           2555         65229.1 
           2565         54932.2 
           2575         64793.6 
           2585         53030.1 
           2595         45855.2 
           2605         34179.2 
           2615         32689.8 
           2625         46605.2 
           2635         89635.1 
           2645          135651 
           2655          166521 
           2665          133373 
           2675          150384 
           2685          161687 
           2695          131235 
           2705          154630 
           2715          118550 
           2725          117159 
           2735          135679 
           2745         76085.6 
           2755          108298 
           2765          140699 
           2775          154882 
           2785         92931.3 
           2795         25740.2 
           2805         34061.6 
           2815          128828 
           2825          198995 
           2835          200542 
           2845          176747 
           2855         94836.1 
           2865          220547 
           2875          246572 
           2885          236795 
           2895          255677 
           2910          318819 
           2930          320902 
           2950          323362 
           2970          343545 
           2990          358551 
           3010          385391 
           3030          402642 
           3050          439238 
           3070          404594 
           3090          400873 
           3110          436358 
           3130          401228 
           3150          393986 
           3170          452650 
           3190          433775 
           3210          496354 
           3230          478671 
           3250          606191 
           3270          691141 
           3290          697416 
           3310          683822 
           3330          681985 
           3350          670476 
           3370          528527 
           3390          657992 
           3410          712145 
           3430          807998 
           3450          830435 
           3470          863722 
           3490          906370 
           3510          963282 
           3530          933109 
           3550      1.05765e+6 
           3570          950329 
           3590          957952 
           3610      1.02273e+6 
           3630      1.03965e+6 
           3640        1.035e+6 
           3650       1.1157e+6 
           3670       1.1401e+6 
           3690      1.17788e+6 
           3710      1.30166e+6 
           3730      1.21235e+6 
           3750      1.30074e+6 
           3770      1.41307e+6 
           3790      1.46295e+6 
           3810      1.51555e+6 
           3830      1.34716e+6 
           3850      1.48692e+6 
           3870      1.40616e+6 
           3890      1.40122e+6 
           3910      1.48875e+6 
           3930          953794 
           3950      1.52696e+6 
           3970      1.15073e+6 
           3990      1.78037e+6 
           4010      1.88649e+6 
           4030      1.86988e+6 
           4050      1.88432e+6 
           4070      1.88104e+6 
           4090      2.03205e+6 
           4110      2.02231e+6 
           4130      2.02614e+6 
           4150      2.03306e+6 
           4170       2.0601e+6 
           4190      2.00181e+6 
           4210      1.99693e+6 
           4230       1.9671e+6 
           4250      1.93442e+6 
           4270      1.88048e+6 
           4290      1.68721e+6 
           4310      1.36298e+6 
           4330      2.03386e+6 
           4350      1.97685e+6 
           4370      2.03289e+6 
           4390      1.99486e+6 
           4410       2.1775e+6 
           4430      2.35963e+6 
           4450      2.36149e+6 
           4470      2.41545e+6 
           4490      2.48573e+6 
           4510      2.56541e+6 
           4530      2.46956e+6 
           4550      2.51177e+6 
           4570      2.61286e+6 
           4590      2.58763e+6 
           4610      2.63365e+6 
           4630      2.64627e+6 
           4650       2.6551e+6 
           4670      2.70893e+6 
           4690      2.72115e+6 
           4710      2.71032e+6 
           4730      2.73999e+6 
           4750      2.76137e+6 
           4770      2.76161e+6 
           4790       2.7588e+6 
           4810      2.78377e+6 
           4830      2.77401e+6 
           4850      2.76735e+6 
           4870      2.64555e+6 
           4890      2.78528e+6 
           4910      2.80264e+6 
           4930      2.76492e+6 
           4950      2.81919e+6 
           4970      2.87799e+6 
           4990      2.79898e+6 
           5010      2.75041e+6 
           5030      2.85277e+6 
           5050      2.83169e+6 
           5070      2.89367e+6 
           5090       2.8573e+6 
           5110      2.86672e+6 
           5130      2.85587e+6 
           5150      2.82393e+6 
           5170      2.77351e+6 
           5190        2.807e+6 
           5210      2.80506e+6 
           5230      2.85871e+6 
           5250      2.91775e+6 
           5270      2.81683e+6 
           5290      2.92925e+6 
           5310      2.95453e+6 
           5330      2.87564e+6 
           5350       2.9496e+6 
           5370      2.94322e+6 
           5390      2.93815e+6 
           5410      2.92123e+6 
           5430      2.92964e+6 
           5450      2.95803e+6 
           5470      2.96577e+6 
           5490      2.97883e+6 
           5510      2.96953e+6 
           5530      2.98701e+6 
           5550      3.01273e+6 
           5570      2.97645e+6 
           5590      2.96893e+6 
           5610      2.97844e+6 
           5630       3.0108e+6 
           5650      3.00534e+6 
           5670      2.98734e+6 
           5690      3.01303e+6 
           5710      2.98284e+6 
           5730      3.02458e+6 
           5750      3.01475e+6 
           5770      3.01855e+6 
           5790      3.00976e+6 
           5810      3.01608e+6 
           5830      3.02014e+6 
           5850      3.00096e+6 
           5870      3.00951e+6 
           5890      2.95262e+6 
           5910      3.00397e+6 
           5930      3.00399e+6 
           5950      3.00341e+6 
           5970      3.00245e+6 
           5990      2.99955e+6 
           6010       2.9888e+6 
           6030        2.989e+6 
           6050      2.99798e+6 
           6070      2.98951e+6 
           6090      2.98484e+6 
           6110      2.97522e+6 
           6130      2.93478e+6 
           6150      2.95178e+6 
           6170      2.93386e+6 
           6190      2.95407e+6 
           6210      2.96086e+6 
           6230      2.93722e+6 
           6250      2.90997e+6 
           6270      2.94625e+6 
           6290      2.94373e+6 
           6310      2.92093e+6 
           6330      2.92497e+6 
           6350      2.93797e+6 
           6370      2.93441e+6 
           6390      2.92289e+6 
           6410      2.89891e+6 
           6430      2.90013e+6 
           6450      2.89937e+6 
           6470      2.89543e+6 
           6490      2.86258e+6 
           6510      2.89862e+6 
           6530      2.90263e+6 
           6550      2.88238e+6 
           6570      2.72077e+6 
           6590      2.87196e+6 
           6610      2.87703e+6 
           6630      2.87649e+6 
           6650      2.86774e+6 
           6670      2.85158e+6 
           6690      2.86351e+6 
           6710      2.85124e+6 
           6730       2.8517e+6 
           6750      2.84136e+6 
           6770      2.83585e+6 
           6790      2.83315e+6 
           6810      2.82555e+6 
           6830      2.82324e+6 
           6850      2.81247e+6 
           6870      2.80754e+6 
           6890       2.8065e+6 
           6910       2.7984e+6 
           6930      2.79373e+6 
           6950      2.78461e+6 
           6970      2.78246e+6 
           6990      2.77473e+6 
           7010      2.76367e+6 
           7030      2.76169e+6 
           7050      2.75696e+6 
           7070      2.74877e+6 
           7090       2.7428e+6 
           7110       2.7382e+6 
           7130      2.72538e+6 
           7150      2.71656e+6 
           7170      2.71623e+6 
           7190      2.69604e+6 
           7210      2.69538e+6 
           7230      2.69656e+6 
           7250      2.69267e+6 
           7270      2.68593e+6 
           7290      2.67277e+6 
           7310      2.67022e+6 
           7330       2.6624e+6 
           7350      2.65888e+6 
           7370      2.65536e+6 
           7390       2.6417e+6 
           7410      2.62677e+6 
           7430      2.62745e+6 
           7450      2.62334e+6 
           7470      2.61958e+6 
           7490       2.6091e+6 
           7510      2.60304e+6 
           7530      2.59859e+6 
           7550      2.59516e+6 
           7570      2.58619e+6 
           7590      2.57723e+6 
           7610      2.57287e+6 
           7630      2.56671e+6 
           7650      2.56103e+6 
           7670      2.53911e+6 
           7690       2.5479e+6 
           7710      2.52912e+6 
           7730      2.52702e+6 
           7750      2.51757e+6 
           7770      2.52079e+6 
           7790      2.51041e+6 
           7810      2.50708e+6 
           7830      2.49521e+6 
           7850      2.49076e+6 
           7870      2.48633e+6 
           7890      2.47816e+6 
           7910      2.46835e+6 
           7930      2.45598e+6 
           7950      2.44864e+6 
           7970      2.45055e+6 
           7990      2.44349e+6 
           8010      2.43324e+6 
           8030      2.42884e+6 
           8050      2.41603e+6 
           8070      2.41506e+6 
           8090       2.4036e+6 
           8110      2.40109e+6 
           8130      2.39517e+6 
           8150      2.38808e+6 
           8170      2.38114e+6 
           8190      2.36144e+6 
           8210      2.36431e+6 
           8230      2.35255e+6 
           8250      2.35334e+6 
           8270      2.34924e+6 
           8290      2.34165e+6 
           8310      2.33159e+6 
           8330      2.30917e+6 
           8350       2.3193e+6 
           8370      2.31124e+6 
           8390      2.28611e+6 
           8410       2.2981e+6 
           8430      2.28508e+6 
           8450      2.28504e+6 
           8470      2.26707e+6 
           8490      2.26304e+6 
           8510      2.19457e+6 
           8530      2.25134e+6 
           8550      2.08142e+6 
           8570      2.24704e+6 
           8590      2.23567e+6 
           8610      2.22281e+6 
           8630      2.22532e+6 
           8650       2.2167e+6 
           8670      2.06811e+6 
           8690      2.18741e+6 
           8710      2.19858e+6 
           8730      2.19242e+6 
           8750      2.17178e+6 
           8770       2.1803e+6 
           8790      2.17137e+6 
           8810      2.15089e+6 
           8830      2.14527e+6 
           8850      2.14934e+6 
           8870      2.13061e+6 
           8890        2.141e+6 
           8910      2.13439e+6 
           8930      2.12536e+6 
           8950      2.11714e+6 
           8970      2.11333e+6 
           8990       2.1079e+6 
           9010       2.0753e+6 
           9030      2.09375e+6 
           9050      2.08943e+6 
           9070      2.07958e+6 
           9090      2.05941e+6 
           9110      2.06481e+6 
           9130      2.06169e+6 
           9150      2.05418e+6 
           9170      2.04679e+6 
           9190      2.04128e+6 
           9210      2.02839e+6 
           9230      2.01191e+6 
           9250      2.01555e+6 
           9270      2.01475e+6 
           9290      2.00866e+6 
           9310      2.00387e+6 
           9330      1.99771e+6 
           9350      1.99059e+6 
           9370      1.98185e+6 
           9390      1.97867e+6 
           9410      1.96197e+6 
           9430      1.96535e+6 
           9450      1.95801e+6 
           9470      1.95429e+6 
           9490      1.94852e+6 
           9510      1.94255e+6 
           9530      1.93581e+6 
           9550      1.91586e+6 
           9570      1.92341e+6 
           9590      1.91879e+6 
           9610      1.91175e+6 
           9630      1.90479e+6 
           9650       1.8961e+6 
           9670      1.89064e+6 
           9690      1.88878e+6 
           9710      1.88229e+6 
           9730      1.87627e+6 
           9750      1.86834e+6 
           9770      1.86476e+6 
           9790      1.85735e+6 
           9810      1.85405e+6 
           9830      1.84835e+6 
           9850      1.84271e+6 
           9870      1.83602e+6 
           9890      1.83026e+6 
           9910       1.8248e+6 
           9930       1.8199e+6 
           9950      1.81431e+6 
           9970      1.80893e+6 
           9990      1.80328e+6 
          10025      1.79225e+6 
          10075      1.77276e+6 
          10125      1.76463e+6 
          10175      1.74995e+6 
          10225      1.73709e+6 
          10275      1.72486e+6 
          10325      1.70519e+6 
          10375       1.6959e+6 
          10425      1.68512e+6 
          10475      1.67006e+6 
          10525      1.65916e+6 
          10575      1.64486e+6 
          10625      1.62988e+6 
          10675      1.61419e+6 
          10725      1.60716e+6 
          10775      1.59131e+6 
          10825      1.57359e+6 
          10875      1.56724e+6 
          10925      1.54924e+6 
          10975      1.54307e+6 
          11025      1.53335e+6 
          11075      1.52325e+6 
          11125      1.51114e+6 
          11175      1.49976e+6 
          11225      1.49029e+6 
          11275      1.47659e+6 
          11325      1.46805e+6 
          11375      1.45642e+6 
          11425      1.44212e+6 
          11475      1.43713e+6 
          11525      1.42701e+6 
          11575      1.41536e+6 
          11625      1.39919e+6 
          11675      1.39415e+6 
          11725      1.38688e+6 
          11775      1.37366e+6 
          11825      1.36207e+6 
          11875      1.34926e+6 
          11925      1.34825e+6 
          11975      1.32743e+6 
          12025      1.32639e+6 
          12075      1.31641e+6 
          12125      1.31006e+6 
          12175      1.30227e+6 
          12225      1.29338e+6 
          12275      1.28391e+6 
          12325        1.276e+6 
          12375      1.26723e+6 
          12425      1.25896e+6 
          12475      1.25085e+6 
          12525      1.24246e+6 
          12575      1.23434e+6 
          12625      1.22617e+6 
          12675      1.21834e+6 
          12725       1.2109e+6 
          12775      1.20327e+6 
          12825      1.18048e+6 
          12875       1.1879e+6 
          12925      1.18012e+6 
          12975      1.17353e+6 
          13025      1.16627e+6 
          13075      1.15935e+6 
          13125      1.15115e+6 
          13175      1.14364e+6 
          13225      1.13863e+6 
          13275      1.13037e+6 
          13325      1.12487e+6 
          13375      1.11845e+6 
          13425      1.11248e+6 
          13475      1.10613e+6 
          13525      1.09992e+6 
          13575        1.093e+6 
          13625      1.08674e+6 
          13675      1.08148e+6 
          13725      1.07556e+6 
          13775      1.06989e+6 
          13825      1.06427e+6 
          13875      1.05804e+6 
          13925      1.05242e+6 
          13975      1.04724e+6 
          14025       1.0412e+6 
          14075      1.03659e+6 
          14125      1.03046e+6 
          14175      1.02601e+6 
          14225      1.01932e+6 
          14275      1.01393e+6 
          14325      1.01079e+6 
          14375      1.00636e+6 
          14425          998308 
          14475          996799 
          14525          989252 
          14570          986079 
          14620          982131 
          14675          977407 
          14725          972153 
          14775          968311 
          14825          964070 
          14875          954246 
          14925          956268 
          14975          951472 
          15025          939610 
          15075          938261 
          15125          938424 
          15175          934476 
          15225          930184 
          15275          924315 
          15325          920619 
          15375          917844 
          15425          910352 
          15475          910708 
          15525          906196 
          15575          894874 
          15625          899803 
          15675          892217 
          15725          879620 
          15775          881137 
          15825          881144 
          15875          855736 
          15925          871583 
          15975          867361 
          16050          859011 
          16150          838974 
          16250          837868 
          16350          823098 
          16450          797877 
          16550          793820 
          16650          777736 
          16750          760381 
          16850          735659 
          16950          732459 
          17050          717322 
          17150          702718 
          17250          689264 
          17350          664358 
          17450          662482 
          17550          650110 
          17650          637443 
          17750          625354 
          17850          613472 
          17950          601967 
          18050          590216 
          18150          570270 
          18250          567635 
          18350          557717 
          18450          546696 
          18550          536920 
          18650          526846 
          18750          504696 
          18850          507572 
          18950          497372 
          19050          489444 
          19150          480493 
          19250          471946 
          19350          462965 
          19450          447312 
          19550          446681 
          19650          438926 
          19750          430137 
          19850          423433 
          19950          416037 
          20050          409086 
          20150          402067 
          20250          394872 
          20350          387853 
          20450          381601 
          20550          374988 
          20650          368352 
          20750          362299 
          20850          356189 
          20950          349964 
          21050          344334 
          21150          338543 
          21250          332919 
          21350          327403 
          21450          322056 
          21550          316754 
          21650          306939 
          21750          306313 
          21850          301259 
          21950          296589 
          22050          291464 
          22150          287095 
          22250          282420 
          22350          277930 
          22450          273554 
          22550          269132 
          22650          264896 
          22750          260811 
          22850          256917 
          22950          250978 
          23050          248082 
          23150          244502 
          23250          238410 
          23350          236199 
          23450          233230 
          23550          227402 
          23650          225510 
          23750          222573 
          23850          217472 
          23950          215384 
          24050          212509 
          24150          208220 
          24250          205898 
          24350          203003 
          24450          199499 
          24550          196709 
          24650          194310 
          24750          191168 
          24850          188132 
          24950          185701 
          25050          183507 
          25150          180460 
          25250          177557 
          25350          175666 
          25450          173125 
          25550          170711 
          25650          167682 
          25750          166137 
          25850          163451 
          25950          161522 
          26050          159246 
          26150          156295 
          26250          152821 
          26350          152711 
          26450          150675 
          26550          148356 
          26650          146136 
          26750          143750 
          26850          142713 
          26950          140769 
          27050          138880 
          27150          137026 
          27250          135231 
          27350          133428 
          27450          131652 
          27550          129060 
          27650          128129 
          27750          126517 
          27850          124843 
          27950          123126 
          28050          121479 
          28150          119976 
          28250          118443 
          28350          116930 
          28450          115402 
          28550          113915 
          28650          112433 
          28750          110239 
          28850          109617 
          28950          108231 
          29050          106822 
          29150          105519 
          29250          104120 
          29350          102804 
          29450          101503 
          29550          100291 
          29650         98938.8 
          29750         97806.5 
          29850           96628 
          29950         95400.1 
          30050         94127.9 
          30150         93094.2 
          30250           91961 
          30350         90255.8 
          30450         89460.8 
          30550           88646 
          30650         87547.2 
          30750         86500.6 
          30850         85386.6 
          30950         84344.1 
          31050         83422.6 
          31150         82313.3 
          31250         81455.5 
          31350         80304.2 
          31450         79516.3 
          31550         78513.5 
          31650         77690.9 
          31750         76679.1 
          31850         75782.4 
          31950         74939.7 
          32100         73681.6 
          32300         71880.1 
          32500         70345.4 
          32700         68733.6 
          32900         66859.8 
          33100         65689.8 
          33300         64135.3 
          33500         62764.2 
          33700         61411.1 
          33900         59918.2 
          34100         58721.7 
          34300         57481.7 
          34500           56143 
          34700         55012.8 
          34900           53849 
          35100           52653 
          35300           51526 
          35500         50498.6 
          35700         49378.7 
          35900         48353.6 
          36100         47405.9 
          36300         46396.1 
          36500         45439.4 
          36700         44514.8 
          36900         43604.7 
          37100         42711.6 
          37300         41845.9 
          37500         40923.9 
          37700         40204.5 
          37900         39437.8 
          38100         38617.4 
          38300         37888.9 
          38500         37145.6 
          38700         36440.6 
          38900         35713.4 
          39100         35013.8 
          39300         34360.8 
          39500         33719.1 
          39700         33079.1 
          39900         32421.7 
          40100         31834.4 
          40300           31213 
          40500         30526.5 
          40700         30074.9 
          40900         29540.5 
          41100         28988.3 
          41300         28465.2 
          41500         27942.2 
          41700         27399.6 
          41900         26945.6 
          42100         26439.4 
          42300         25989.9 
          42500         25520.6 
          42700         25069.3 
          42900         24400.1 
          43100         23764.5 
          43300         23457.1 
          43500         22799.9 
          43700         22307.6 
          43900         21985.5 
          44100         21377.9 
          44300         21070.1 
          44500         20706.1 
          44700         20157.3 
          44900         19938.9 
          45100         19562.4 
          45300         19127.5 
          45500         18876.1 
          45700         18626.4 
          45900         18176.6 
          46100         17962.5 
          46300         17642.4 
          46500         17438.7 
          46700         17176.2 
          46900         16883.9 
          47100         16656.8 
          47300         16472.7 
          47500         16150.8 
          47700           15914 
          47900         15706.8 
          48100         15386.6 
          48300         15233.3 
          48500         14994.4 
          48700         14739.8 
          48900         14519.9 
          49100         14323.4 
          49300         14087.9 
          49500         13880.2 
          49700         13663.2 
          49900         13496.1 
          50100         13244.9 
          50300         13096.9 
          50500         12844.5 
          50700         12678.7 
          50900         12530.3 
          51100         12318.2 
          51300         12143.4 
          51500         11962.3 
          51700           11841 
          51900         11618.9 
          52100         11454.1 
          52300         11291.5 
          52500         11148.7 
          52700         11005.3 
          52900         10807.1 
          53100         10685.8 
          53300         10520.5 
          53500         10392.2 
          53700         10252.1 
          53900         10112.5 
          54100         9970.66 
          54300          9807.9 
          54500         9700.41 
          54700          9569.8 
          54900         9422.95 
          55100         9312.73 
          55300          9204.1 
          55500         9045.54 
          55700         8957.51 
          55900         8821.91 
          56100         8702.26 
          56300         8585.87 
          56500         8488.61 
          56700         8377.39 
          56900         8251.69 
          57100         8156.78 
          57300         8049.34 
          57500         7942.17 
          57700         7841.26 
          57900         7744.37 
          58100         7639.25 
          58300         7541.48 
          58500          7450.6 
          58700          7349.4 
          58900         7256.68 
          59100         7160.73 
          59300         7074.05 
          59500         6980.28 
          59700         6898.92 
          59900         6811.35 
          60100         6726.56 
          60300         6640.26 
          60500         6554.75 
          60700         6472.97 
          60900         6393.66 
          61100          6311.7 
          61300          6235.5 
          61500         6158.15 
          61700         6082.47 
          61900         6008.42 
          62100         5933.83 
          62300         5860.66 
          62500         5787.72 
          62700          5717.7 
          62900         5645.59 
          63100         5579.21 
          63300         5512.98 
          63500         5444.95 
          63700         5381.01 
          63900         5314.35 
          64200         5220.29 
          64600          5095.9 
          65000         4976.04 
          65400         4859.43 
          65800         4746.32 
          66200         4635.92 
          66600         4529.02 
          67000         4425.25 
          67400         4324.12 
          67800         4224.97 
          68200         4130.61 
          68600         4037.91 
          69000         3947.71 
          69400         3859.94 
          69800         3774.92 
          70200         3691.81 
          70600         3611.32 
          71000         3532.86 
          71400         3456.58 
          71800         3382.22 
          72200         3309.94 
          72600         3239.48 
          73000         3170.99 
          73400         3104.22 
          73800         3039.32 
          74200         2975.99 
          74600         2911.12 
          75000         2852.09 
          75400         2795.74 
          75800          2738.7 
          76200          2683.1 
          76600         2628.89 
          77000         2576.04 
          77400         2524.58 
          77800         2474.29 
          78200         2425.39 
          78600         2377.59 
          79000            2331 
          79400         2285.52 
          79800         2241.14 
          80200         2197.87 
          80600         2155.58 
          81000         2114.36 
          81400          2073.9 
          81800         2034.75 
          82200         1996.37 
          82600         1958.92 
          83000         1922.31 
          83400         1886.53 
          83800         1851.61 
          84200         1817.48 
          84600         1784.17 
          85000         1751.57 
          85400         1719.76 
          85800         1688.61 
          86200         1658.17 
          86600         1628.32 
          87000          1599.4 
          87400         1570.83 
          87800         1543.01 
          88200         1515.98 
          88600         1489.36 
          89000         1463.35 
          89400         1437.89 
          89800         1413.01 
          90200         1388.65 
          90600          1364.8 
          91000         1341.46 
          91400         1318.51 
          91800         1296.23 
          92200         1274.33 
          92600         1252.89 
          93000         1232.07 
          93400         1211.35 
          93800         1191.02 
          94200         1171.75 
          94600         1152.14 
          95000         1133.57 
          95400         1115.06 
          95800         1096.53 
          96200         1079.17 
          96600         1061.21 
          97000         1044.66 
          97400         1027.92 
          97800         1010.98 
          98200         995.536 
          98600         979.764 
          99000          964.06 
          99400         948.843 
          99800         934.444 
         100200         919.907 
         200000          60.239 
         400000         3.82804 
         600000        0.757917 
         800000        0.239547 
         1.0e+6       0.0978931 
         1.2e+6       0.0470807 
         1.4e+6       0.0253408 
         1.6e+6       0.0148116 
