# Kurucz ODFNEW /NOVER (2003)
# teff = 5750 K (value for the effective temperature for the model. Temperatures are given in K)
# logg = 3.5 log(cm/s2) (value for Log(G) for the model.)
# meta = -1.5  (value for the Metallicity for the model.)
# lh = 1.25  (l/Hp where l is the  mixing length of the convective element and Hp is the pressure scale height)
# vtur = 2 km/s (Microturbulence velocity)
# alpha = 0  (Alpha)
#
# column 1: WAVELENGTH (ANGSTROM), Wavelength in Angstrom
# column 2: FLUX (ERG/CM2/S/A), Flux in erg/cm2/s/A
          147.2     1.80629e-91 
            151     6.72449e-89 
          155.2     3.31309e-86 
          158.8     5.15613e-84 
            162     3.78136e-82 
            166     6.40246e-80 
          170.3     1.21131e-77 
          173.4     4.49932e-76 
          176.8     2.04381e-74 
          180.2     8.01605e-73 
          181.7     3.86898e-72 
          186.1     3.37535e-70 
            191     3.81862e-68 
          193.9     5.57761e-67 
          198.4     3.05345e-65 
          201.8     5.57713e-64 
            205     7.85793e-63 
          210.5     6.09004e-61 
          216.2     4.35441e-59 
          219.8     5.74607e-58 
            223     5.28841e-57 
          226.8     6.79682e-56 
            230     5.46414e-55 
            234     6.79628e-54 
            240     2.53658e-52 
          246.5     1.04428e-50 
          252.4     2.57312e-49 
          256.8     2.54385e-48 
            260     1.28049e-47 
            264     9.12202e-47 
          268.5     7.71725e-46 
          273.5     7.60034e-45 
          278.5     6.88692e-44 
            284     7.08516e-43 
            290     8.11424e-42 
            296     8.37597e-41 
            301     5.45254e-40 
            308     6.75114e-39 
            318     2.01255e-37 
            328     4.83938e-36 
            338     9.56069e-35 
            348     1.58081e-33 
            357     1.71441e-32 
            366     1.64783e-31 
            375     1.41243e-30 
            385     1.35905e-29 
            395     1.15889e-28 
            405      8.8449e-28 
            414     5.04618e-27 
            422     2.22081e-26 
            430     9.22264e-26 
            441     5.97751e-25 
            451      3.0053e-24 
            460     1.20683e-23 
            470     5.29587e-23 
            480       2.176e-22 
            490     8.41467e-22 
            500     3.06929e-21 
            506     8.63751e-21 
            512     2.01641e-20 
            520      5.1856e-20 
            530     1.62869e-19 
            540     4.81441e-19 
            550     1.38051e-18 
            560     3.78015e-18 
            570     9.96426e-18 
            580     2.50574e-17 
            590     6.22486e-17 
            600     1.48065e-16 
            610     3.41507e-16 
            620     7.64935e-16 
            630     1.66628e-15 
            640      3.5369e-15 
            650      7.3205e-15 
            658     1.28743e-14 
            665     2.08433e-14 
            675     4.07037e-14 
            685     7.78043e-14 
            695       1.457e-13 
            705     2.67533e-13 
            716     5.10991e-13 
            726      9.0302e-13 
            735     1.48586e-12 
            745     2.54454e-12 
            755     4.28917e-12 
            765     7.12099e-12 
            775     1.16527e-11 
            785     1.88021e-11 
            795     2.99178e-11 
            805     4.70388e-11 
            815     7.30233e-11 
            825     1.12018e-10 
            835       1.699e-10 
            845     2.54848e-10 
            855     3.78206e-10 
            865     5.55509e-10 
            875     8.07806e-10 
            885      1.16387e-9 
            895      1.66123e-9 
            905      2.35005e-9 
            915      2.93149e-5 
            925     0.000105205 
            935     0.000144775 
            945     0.000214472 
            955     0.000310219 
            965     0.000430201 
            975      0.00055533 
            985     0.000822827 
            995      0.00110657 
           1005      0.00153124 
           1015       0.0019729 
           1025      0.00250383 
           1035      0.00365397 
           1045      0.00497361 
           1055      0.00640121 
           1065      0.00847872 
           1075       0.0110979 
           1085       0.0145424 
           1095       0.0184559 
           1105       0.0375488 
           1115       0.0832836 
           1125        0.120416 
           1135        0.178722 
           1145        0.220545 
           1155        0.236869 
           1165        0.267717 
           1175        0.292106 
           1185        0.371733 
           1195        0.206469 
           1205        0.188206 
           1215          0.1386 
           1225        0.269325 
           1235        0.465495 
           1245        0.757165 
           1255         1.31286 
           1265          1.9137 
           1275         2.75706 
           1285         4.24065 
           1295         5.49563 
           1305         7.55284 
           1315         9.65317 
           1325         12.3931 
           1335         14.8872 
           1345         18.5794 
           1355          21.596 
           1365           27.12 
           1375         30.9314 
           1385         35.7301 
           1395         42.0224 
           1405          48.373 
           1415         58.7082 
           1425         64.2321 
           1435         73.3984 
           1442         87.8646 
           1447         85.7345 
           1455         101.548 
           1465         110.342 
           1475         125.708 
           1485         141.267 
           1495         168.641 
           1505         195.997 
           1512         200.135 
           1517         210.654 
           1525         250.648 
           1535         338.544 
           1545         366.498 
           1555         415.551 
           1565         421.824 
           1575          511.98 
           1585         570.457 
           1595           642.3 
           1605         682.611 
           1615         806.374 
           1625         919.601 
           1635          1152.5 
           1645            1487 
           1655          1361.3 
           1665         2009.06 
           1672         1826.79 
           1677         2295.88 
           1685         2887.81 
           1695         3384.77 
           1705         4561.15 
           1715         8288.18 
           1725         18364.1 
           1735         35955.6 
           1745         56867.7 
           1755         96646.2 
           1765         82290.4 
           1775          122789 
           1785          160353 
           1795          226422 
           1805          189161 
           1815          217422 
           1825          204402 
           1835          255996 
           1845          159201 
           1855          240072 
           1865          330467 
           1875          327959 
           1885          354875 
           1895          407014 
           1905          384689 
           1915          443480 
           1925          424489 
           1935          242787 
           1945          519889 
           1955          564184 
           1967          667319 
           1976          634537 
           1984          616175 
           1995          656414 
           2005          626707 
           2015          682872 
           2025          559367 
           2035          773741 
           2045          878264 
           2055          869015 
           2065          836977 
           2074      1.03259e+6 
           2078      1.18155e+6 
           2085      1.14339e+6 
           2095      1.11645e+6 
           2105      1.13061e+6 
           2115      1.26833e+6 
           2125      1.15957e+6 
           2135      1.06434e+6 
           2145      1.32301e+6 
           2155      1.31903e+6 
           2165      1.23124e+6 
           2175      1.25523e+6 
           2185      1.43401e+6 
           2195      1.61411e+6 
           2205       1.5338e+6 
           2215      1.32394e+6 
           2225      1.46244e+6 
           2235      1.80098e+6 
           2245      1.66896e+6 
           2255      1.44453e+6 
           2265      1.38708e+6 
           2275       1.5475e+6 
           2285      1.74279e+6 
           2295      1.53953e+6 
           2305      1.77565e+6 
           2315      1.76695e+6 
           2325      1.70251e+6 
           2335      1.38269e+6 
           2345          996797 
           2355      1.73739e+6 
           2365      1.11142e+6 
           2375       1.5137e+6 
           2385          822904 
           2395      1.11876e+6 
           2405      1.12302e+6 
           2415        1.276e+6 
           2425      1.96148e+6 
           2435      1.91738e+6 
           2445      2.16395e+6 
           2455      2.17105e+6 
           2465       2.1942e+6 
           2475       1.9222e+6 
           2485      1.53834e+6 
           2495      1.64187e+6 
           2505      2.24632e+6 
           2513      1.63096e+6 
           2518      1.22425e+6 
           2525      1.20223e+6 
           2535      1.42403e+6 
           2545      1.56775e+6 
           2555      1.99785e+6 
           2565       1.8514e+6 
           2575      2.21261e+6 
           2585      2.13063e+6 
           2595       2.0324e+6 
           2605      1.77461e+6 
           2615      1.58598e+6 
           2625      2.14623e+6 
           2635       2.6552e+6 
           2645      3.36718e+6 
           2655      3.72837e+6 
           2665      3.11654e+6 
           2675      3.41928e+6 
           2685      3.62305e+6 
           2695      3.00698e+6 
           2705       3.2986e+6 
           2715      2.76229e+6 
           2725       2.8142e+6 
           2735      3.09518e+6 
           2745      2.08788e+6 
           2755      2.56294e+6 
           2765      3.05593e+6 
           2775      3.38569e+6 
           2785       2.6533e+6 
           2795          722207 
           2805      1.04371e+6 
           2815      3.46535e+6 
           2825       3.9156e+6 
           2835      3.77338e+6 
           2845      3.37999e+6 
           2855      2.02419e+6 
           2865      3.71436e+6 
           2875      3.87576e+6 
           2885      3.78733e+6 
           2895      3.87943e+6 
           2910      4.49685e+6 
           2930      4.33891e+6 
           2950      4.28149e+6 
           2970       4.4652e+6 
           2990      4.46002e+6 
           3010      4.57226e+6 
           3030      4.62823e+6 
           3050      4.80262e+6 
           3070      4.70867e+6 
           3090      4.67198e+6 
           3110      4.71257e+6 
           3130      4.69869e+6 
           3150      4.61947e+6 
           3170      4.88752e+6 
           3190       4.5932e+6 
           3210       4.9171e+6 
           3230      4.64263e+6 
           3250      5.16026e+6 
           3270      5.56415e+6 
           3290      5.58928e+6 
           3310      5.64642e+6 
           3330      5.55332e+6 
           3350      5.50601e+6 
           3370      4.96649e+6 
           3390      5.41028e+6 
           3410      5.42637e+6 
           3430      5.72128e+6 
           3450      5.66716e+6 
           3470      5.72029e+6 
           3490       5.8275e+6 
           3510      5.95515e+6 
           3530      5.78205e+6 
           3550      6.22556e+6 
           3570      5.73745e+6 
           3590      5.67808e+6 
           3610      5.85181e+6 
           3630      5.95361e+6 
           3640      5.94881e+6 
           3650      6.29518e+6 
           3670      6.26451e+6 
           3690      6.09691e+6 
           3710      6.42247e+6 
           3730      6.15287e+6 
           3750      6.76037e+6 
           3770      7.17919e+6 
           3790      7.51644e+6 
           3810      7.89554e+6 
           3830      6.84636e+6 
           3850      7.98115e+6 
           3870      7.92855e+6 
           3890      7.27811e+6 
           3910      7.92339e+6 
           3930      5.91941e+6 
           3950      7.92719e+6 
           3970      6.22739e+6 
           3990      8.44441e+6 
           4010      8.63919e+6 
           4030      8.59517e+6 
           4050      8.57158e+6 
           4070      8.44229e+6 
           4090      8.66824e+6 
           4110      8.05418e+6 
           4130      8.67872e+6 
           4150      8.67599e+6 
           4170      8.71277e+6 
           4190      8.53602e+6 
           4210      8.50251e+6 
           4230      8.33597e+6 
           4250      8.40391e+6 
           4270      8.31628e+6 
           4290      7.96196e+6 
           4310      7.26401e+6 
           4330        8.303e+6 
           4350      7.88698e+6 
           4370      8.55157e+6 
           4390      8.40248e+6 
           4410      8.50058e+6 
           4430      8.69889e+6 
           4450      8.62944e+6 
           4470      8.65703e+6 
           4490      8.76209e+6 
           4510      8.88996e+6 
           4530      8.63833e+6 
           4550      8.66701e+6 
           4570      8.85106e+6 
           4590      8.73995e+6 
           4610      8.79669e+6 
           4630      8.76532e+6 
           4650      8.75664e+6 
           4670      8.83035e+6 
           4690       8.7999e+6 
           4710      8.68542e+6 
           4730      8.75222e+6 
           4750      8.75365e+6 
           4770       8.7352e+6 
           4790      8.68868e+6 
           4810      8.69685e+6 
           4830      8.64968e+6 
           4850      8.43851e+6 
           4870      7.68679e+6 
           4890      8.48961e+6 
           4910       8.5181e+6 
           4930      8.37209e+6 
           4950      8.43957e+6 
           4970      8.52872e+6 
           4990      8.32992e+6 
           5010      8.18895e+6 
           5030      8.38886e+6 
           5050      8.29063e+6 
           5070      8.38408e+6 
           5090      8.29055e+6 
           5110      8.28046e+6 
           5130      8.22904e+6 
           5150      8.11426e+6 
           5170      7.89501e+6 
           5190      7.92309e+6 
           5210      7.96883e+6 
           5230      8.02135e+6 
           5250      8.15868e+6 
           5270      7.85542e+6 
           5290      8.06928e+6 
           5310      8.08236e+6 
           5330      7.88245e+6 
           5350      8.00065e+6 
           5370      7.93882e+6 
           5390      7.91684e+6 
           5410      7.82714e+6 
           5430      7.85302e+6 
           5450      7.85421e+6 
           5470      7.83717e+6 
           5490      7.85192e+6 
           5510       7.8119e+6 
           5530      7.79504e+6 
           5550      7.81491e+6 
           5570       7.7119e+6 
           5590      7.66585e+6 
           5610      7.65786e+6 
           5630      7.69578e+6 
           5650      7.66865e+6 
           5670      7.60516e+6 
           5690      7.61462e+6 
           5710      7.55317e+6 
           5730      7.58556e+6 
           5750      7.54017e+6 
           5770      7.51979e+6 
           5790      7.48276e+6 
           5810      7.46638e+6 
           5830      7.44516e+6 
           5850      7.39291e+6 
           5870      7.37433e+6 
           5890      7.23572e+6 
           5910       7.3182e+6 
           5930      7.29163e+6 
           5950      7.26941e+6 
           5970      7.24097e+6 
           5990      7.21065e+6 
           6010      7.17244e+6 
           6030      7.14173e+6 
           6050      7.13679e+6 
           6070      7.10456e+6 
           6090      7.07077e+6 
           6110      7.03283e+6 
           6130      6.93969e+6 
           6150      6.95071e+6 
           6170      6.88513e+6 
           6190       6.9179e+6 
           6210      6.90242e+6 
           6230      6.84517e+6 
           6250      6.78475e+6 
           6270      6.81781e+6 
           6290      6.79433e+6 
           6310      6.73647e+6 
           6330      6.71907e+6 
           6350      6.71185e+6 
           6370      6.68379e+6 
           6390      6.65041e+6 
           6410      6.59174e+6 
           6430      6.57549e+6 
           6450      6.53849e+6 
           6470      6.51919e+6 
           6490      6.45662e+6 
           6510      6.48714e+6 
           6530      6.45886e+6 
           6550      6.31156e+6 
           6570      5.65737e+6 
           6590      6.34561e+6 
           6610      6.36193e+6 
           6630      6.33869e+6 
           6650      6.31093e+6 
           6670      6.27093e+6 
           6690      6.26313e+6 
           6710      6.22902e+6 
           6730      6.20927e+6 
           6750      6.17931e+6 
           6770      6.15371e+6 
           6790      6.12903e+6 
           6810      6.10088e+6 
           6830      6.07861e+6 
           6850      6.04453e+6 
           6870      6.02408e+6 
           6890      6.00193e+6 
           6910      5.97442e+6 
           6930      5.94963e+6 
           6950      5.92316e+6 
           6970      5.90061e+6 
           6990      5.87438e+6 
           7010      5.83983e+6 
           7030      5.82144e+6 
           7050      5.79937e+6 
           7070      5.77264e+6 
           7090      5.74746e+6 
           7110      5.72366e+6 
           7130      5.69078e+6 
           7150      5.66223e+6 
           7170      5.64381e+6 
           7190       5.6048e+6 
           7210      5.58708e+6 
           7230      5.57279e+6 
           7250      5.55277e+6 
           7270      5.52789e+6 
           7290        5.492e+6 
           7310      5.47637e+6 
           7330       5.4487e+6 
           7350      5.43297e+6 
           7370      5.41163e+6 
           7390      5.37707e+6 
           7410      5.34019e+6 
           7430      5.32813e+6 
           7450       5.3092e+6 
           7470      5.29195e+6 
           7490      5.26171e+6 
           7510      5.23987e+6 
           7530      5.22217e+6 
           7550      5.20326e+6 
           7570      5.17706e+6 
           7590      5.15334e+6 
           7610      5.13195e+6 
           7630      5.11077e+6 
           7650      5.08904e+6 
           7670      5.04774e+6 
           7690      5.04477e+6 
           7710      5.01204e+6 
           7730      4.99736e+6 
           7750      4.96822e+6 
           7770      4.95447e+6 
           7790      4.93539e+6 
           7810      4.91571e+6 
           7830      4.88676e+6 
           7850      4.86855e+6 
           7870      4.85247e+6 
           7890      4.83117e+6 
           7910      4.80762e+6 
           7930      4.77327e+6 
           7950      4.75399e+6 
           7970      4.74725e+6 
           7990      4.72687e+6 
           8010      4.70013e+6 
           8030      4.68311e+6 
           8050      4.65743e+6 
           8070      4.64409e+6 
           8090      4.61655e+6 
           8110      4.60343e+6 
           8130      4.58446e+6 
           8150       4.5638e+6 
           8170      4.54369e+6 
           8190      4.49906e+6 
           8210      4.49639e+6 
           8230      4.46722e+6 
           8250      4.45998e+6 
           8270       4.4457e+6 
           8290       4.4257e+6 
           8310      4.40274e+6 
           8330       4.3612e+6 
           8350       4.3659e+6 
           8370      4.34678e+6 
           8390      4.30654e+6 
           8410      4.30856e+6 
           8430      4.28539e+6 
           8450      4.26866e+6 
           8470      4.23681e+6 
           8490      4.22623e+6 
           8510      4.11286e+6 
           8530      4.19275e+6 
           8550      3.92692e+6 
           8570      4.17078e+6 
           8590      4.13305e+6 
           8610      4.09873e+6 
           8630      4.12346e+6 
           8650      4.09535e+6 
           8670      3.83606e+6 
           8690      4.04067e+6 
           8710      4.05143e+6 
           8730      4.03161e+6 
           8750      3.92271e+6 
           8770      3.99354e+6 
           8790      3.98056e+6 
           8810      3.94096e+6 
           8830      3.93269e+6 
           8850      3.91599e+6 
           8870      3.80771e+6 
           8890      3.89795e+6 
           8910      3.88165e+6 
           8930       3.8597e+6 
           8950      3.84572e+6 
           8970      3.83205e+6 
           8990      3.81609e+6 
           9010      3.67977e+6 
           9030      3.75857e+6 
           9050      3.76939e+6 
           9070      3.74019e+6 
           9090      3.70168e+6 
           9110      3.71018e+6 
           9130      3.70375e+6 
           9150      3.68839e+6 
           9170      3.67254e+6 
           9190      3.65809e+6 
           9210       3.6249e+6 
           9230       3.4941e+6 
           9250      3.58913e+6 
           9270      3.59203e+6 
           9290       3.5795e+6 
           9310      3.56536e+6 
           9330      3.54957e+6 
           9350      3.53401e+6 
           9370      3.51817e+6 
           9390      3.50499e+6 
           9410      3.46216e+6 
           9430      3.47346e+6 
           9450      3.45704e+6 
           9470      3.44632e+6 
           9490      3.43243e+6 
           9510      3.41705e+6 
           9530      3.39451e+6 
           9550      3.26002e+6 
           9570      3.36797e+6 
           9590      3.36045e+6 
           9610      3.34386e+6 
           9630      3.32609e+6 
           9650      3.31438e+6 
           9670      3.29601e+6 
           9690      3.28992e+6 
           9710      3.27658e+6 
           9730      3.26269e+6 
           9750      3.24614e+6 
           9770      3.23488e+6 
           9790      3.22105e+6 
           9810      3.20898e+6 
           9830      3.19555e+6 
           9850      3.18228e+6 
           9870       3.1675e+6 
           9890      3.15324e+6 
           9910      3.14133e+6 
           9930      3.13018e+6 
           9950      3.11749e+6 
           9970      3.10473e+6 
           9990      3.09175e+6 
          10025      3.05546e+6 
          10075      2.99281e+6 
          10125       3.0054e+6 
          10175      2.97379e+6 
          10225       2.9451e+6 
          10275      2.91654e+6 
          10325      2.88183e+6 
          10375      2.85587e+6 
          10425      2.82941e+6 
          10475       2.7959e+6 
          10525      2.77273e+6 
          10575       2.7427e+6 
          10625      2.71241e+6 
          10675      2.67268e+6 
          10725      2.65872e+6 
          10775      2.62982e+6 
          10825      2.59726e+6 
          10875      2.57716e+6 
          10925      2.50006e+6 
          10975      2.52465e+6 
          11025      2.51104e+6 
          11075      2.48894e+6 
          11125      2.46382e+6 
          11175      2.43914e+6 
          11225      2.41787e+6 
          11275      2.38957e+6 
          11325      2.36972e+6 
          11375      2.34832e+6 
          11425      2.32178e+6 
          11475      2.30606e+6 
          11525      2.28467e+6 
          11575      2.26225e+6 
          11625      2.23517e+6 
          11675      2.21731e+6 
          11725      2.20156e+6 
          11775      2.17334e+6 
          11825      2.15179e+6 
          11875      2.13283e+6 
          11925      2.12256e+6 
          11975      2.08685e+6 
          12025      2.07831e+6 
          12075      2.05749e+6 
          12125      2.04506e+6 
          12175      2.02917e+6 
          12225      2.01116e+6 
          12275      1.99206e+6 
          12325      1.97591e+6 
          12375       1.9583e+6 
          12425      1.94125e+6 
          12475       1.9249e+6 
          12525        1.908e+6 
          12575      1.89133e+6 
          12625      1.87482e+6 
          12675      1.85919e+6 
          12725      1.84403e+6 
          12775      1.82443e+6 
          12825      1.73602e+6 
          12875      1.79513e+6 
          12925      1.78231e+6 
          12975      1.76819e+6 
          13025      1.75333e+6 
          13075      1.73929e+6 
          13125      1.72276e+6 
          13175      1.70786e+6 
          13225      1.69711e+6 
          13275      1.68187e+6 
          13325      1.66925e+6 
          13375      1.65582e+6 
          13425      1.64334e+6 
          13475      1.63015e+6 
          13525      1.61728e+6 
          13575      1.60343e+6 
          13625      1.59158e+6 
          13675      1.57919e+6 
          13725      1.56599e+6 
          13775      1.55456e+6 
          13825      1.54267e+6 
          13875       1.5311e+6 
          13925      1.51942e+6 
          13975      1.50767e+6 
          14025      1.49544e+6 
          14075      1.48506e+6 
          14125      1.47262e+6 
          14175      1.46296e+6 
          14225      1.44938e+6 
          14275      1.43768e+6 
          14325      1.42999e+6 
          14375      1.41988e+6 
          14425      1.40236e+6 
          14475      1.39867e+6 
          14525      1.38304e+6 
          14570      1.37677e+6 
          14620      1.36804e+6 
          14675      1.35743e+6 
          14725      1.34599e+6 
          14775      1.33627e+6 
          14825      1.32712e+6 
          14875      1.30893e+6 
          14925      1.30916e+6 
          14975      1.29848e+6 
          15025      1.27919e+6 
          15075      1.27364e+6 
          15125      1.27045e+6 
          15175      1.26136e+6 
          15225      1.25076e+6 
          15275      1.24128e+6 
          15325      1.23212e+6 
          15375      1.22356e+6 
          15425      1.21222e+6 
          15475      1.20602e+6 
          15525      1.19654e+6 
          15575      1.18156e+6 
          15625      1.18092e+6 
          15675      1.16635e+6 
          15725      1.15068e+6 
          15775      1.14655e+6 
          15825      1.14308e+6 
          15875      1.10758e+6 
          15925      1.12287e+6 
          15975      1.11793e+6 
          16050       1.1011e+6 
          16150      1.06792e+6 
          16250       1.0707e+6 
          16350      1.04203e+6 
          16450      1.00332e+6 
          16550      1.00939e+6 
          16650          988590 
          16750          958170 
          16850          918794 
          16950          928965 
          17050          909378 
          17150          890389 
          17250          871702 
          17350          820408 
          17450          834600 
          17550          821557 
          17650          804994 
          17750          789396 
          17850          774038 
          17950          758995 
          18050          743567 
          18150          700996 
          18250          710663 
          18350          701440 
          18450          687283 
          18550          674802 
          18650          660642 
          18750          616269 
          18850          635342 
          18950          623503 
          19050          613705 
          19150          602145 
          19250          591076 
          19350          578845 
          19450          544895 
          19550          557925 
          19650          548797 
          19750          537903 
          19850          529093 
          19950          519628 
          20050          510634 
          20150          501672 
          20250          492531 
          20350          483445 
          20450          475539 
          20550          467193 
          20650          458536 
          20750          450933 
          20850          443213 
          20950          435198 
          21050          428097 
          21150          420706 
          21250          413569 
          21350          406563 
          21450          399817 
          21550          392676 
          21650          371190 
          21750          378894 
          21850          373382 
          21950          367587 
          22050          361037 
          22150          355519 
          22250          349721 
          22350          344034 
          22450          338464 
          22550          332809 
          22650          327542 
          22750          322376 
          22850          317410 
          22950          312469 
          23050          307714 
          23150          302798 
          23250          298059 
          23350          293328 
          23450          288914 
          23550          284312 
          23650          280020 
          23750          275570 
          23850          271250 
          23950          267236 
          24050          263136 
          24150          259037 
          24250          255207 
          24350          251171 
          24450          247425 
          24550          243651 
          24650          240134 
          24750          236451 
          24850          232679 
          24950          229232 
          25050          226409 
          25150          223075 
          25250          219084 
          25350          216597 
          25450          213468 
          25550          210282 
          25650          206189 
          25750          204409 
          25850          201291 
          25950          198641 
          26050          195564 
          26150          191361 
          26250          183733 
          26350          187192 
          26450          184912 
          26550          182352 
          26650          179431 
          26750          175365 
          26850          174882 
          26950          172591 
          27050          170210 
          27150          167885 
          27250          165595 
          27350          163349 
          27450          161141 
          27550          156826 
          27650          156295 
          27750          154716 
          27850          152664 
          27950          150643 
          28050          148632 
          28150          146675 
          28250          144737 
          28350          142841 
          28450          140945 
          28550          139118 
          28650          137038 
          28750          133169 
          28850          133728 
          28950          132055 
          29050          130348 
          29150          128680 
          29250          127013 
          29350          125423 
          29450          123817 
          29550          122268 
          29650          120721 
          29750          119204 
          29850          117718 
          29950          116236 
          30050          114787 
          30150          113372 
          30250          111961 
          30350          108808 
          30450          108598 
          30550          107876 
          30650          106544 
          30750          105262 
          30850          103963 
          30950          102699 
          31050          101472 
          31150          100122 
          31250           99039 
          31350         97844.7 
          31450         96682.6 
          31550         95476.5 
          31650         94400.2 
          31750         93257.2 
          31850         92167.4 
          31950         91089.5 
          32100         89483.3 
          32300         87407.3 
          32500         85393.2 
          32700         83432.3 
          32900         80579.8 
          33100         79605.5 
          33300         77870.8 
          33500         76158.3 
          33700         74450.9 
          33900         72771.9 
          34100         71169.1 
          34300         69637.1 
          34500         68110.4 
          34700         66639.2 
          34900         65203.3 
          35100         63795.8 
          35300         62424.9 
          35500         61107.7 
          35700         59801.3 
          35900         58546.4 
          36100         57335.7 
          36300         56136.7 
          36500         54963.3 
          36700         53826.1 
          36900         52701.9 
          37100           51648 
          37300           50462 
          37500         49175.1 
          37700         48588.4 
          37900         47620.6 
          38100         46647.1 
          38300           45740 
          38500         44854.2 
          38700         43971.8 
          38900           43110 
          39100         42236.4 
          39300         41463.7 
          39500         40663.4 
          39700         39891.4 
          39900         39118.6 
          40100         38356.8 
          40300         37610.5 
          40500         36594.6 
          40700         36260.9 
          40900         35589.5 
          41100           34934 
          41300         34291.7 
          41500         33660.1 
          41700         32954.5 
          41900         32443.3 
          42100         31838.2 
          42300         31287.3 
          42500         30724.4 
          42700           30179 
          42900         29636.3 
          43100         29104.3 
          43300         28588.9 
          43500         28077.8 
          43700         27480.1 
          43900         27093.4 
          44100         26617.7 
          44300           26161 
          44500         25711.4 
          44700         25268.8 
          44900         24844.2 
          45100         24416.9 
          45300         24005.4 
          45500         23607.3 
          45700         23215.4 
          45900           22824 
          46100         22454.4 
          46300         22081.6 
          46500         21543.6 
          46700         21271.3 
          46900         21021.8 
          47100           20684 
          47300         20351.2 
          47500         20021.6 
          47700         19701.7 
          47900         19388.1 
          48100         19077.4 
          48300           18776 
          48500         18478.9 
          48700         18187.7 
          48900         17902.1 
          49100         17623.8 
          49300         17347.8 
          49500         17080.2 
          49700         16814.9 
          49900         16560.9 
          50100         16302.9 
          50300         16057.3 
          50500         15809.3 
          50700         15571.9 
          50900         15339.3 
          51100           15104 
          51300           14809 
          51500         14660.1 
          51700         14442.6 
          51900           14228 
          52100         14017.7 
          52300         13811.5 
          52500         13611.9 
          52700         13413.5 
          52900         13217.1 
          53100           13028 
          53300         12839.1 
          53500         12655.5 
          53700         12471.8 
          53900         12294.8 
          54100         12122.2 
          54300         11948.6 
          54500         11781.9 
          54700         11612.8 
          54900         11452.7 
          55100         11293.5 
          55300         11133.1 
          55500         10981.7 
          55700         10830.8 
          55900         10678.9 
          56100         10534.6 
          56300         10390.1 
          56500         10249.3 
          56700         10110.1 
          56900         9972.66 
          57100         9832.21 
          57300         9706.44 
          57500         9576.36 
          57700         9448.31 
          57900         9322.58 
          58100         9198.91 
          58300         9077.27 
          58500         8957.95 
          58700         8840.05 
          58900         8723.22 
          59100         8568.82 
          59300         8498.37 
          59500         8378.66 
          59700         8279.28 
          59900         8172.84 
          60100         8067.74 
          60300         7964.89 
          60500         7863.23 
          60700         7763.03 
          60900         7663.98 
          61100         7566.46 
          61300         7471.95 
          61500         7378.41 
          61700         7286.02 
          61900         7194.97 
          62100         7105.42 
          62300         7015.81 
          62500         6929.89 
          62700         6844.45 
          62900         6751.38 
          63100         6677.43 
          63300         6596.28 
          63500         6515.93 
          63700         6436.55 
          63900         6358.77 
          64200         6244.18 
          64600         6094.87 
          65000         5950.18 
          65400         5810.42 
          65800         5674.21 
          66200         5541.97 
          66600         5413.69 
          67000          5288.9 
          67400         5167.76 
          67800          5045.5 
          68200         4935.86 
          68600         4824.84 
          69000         4716.75 
          69400          4611.7 
          69800         4509.74 
          70200         4410.25 
          70600         4313.94 
          71000         4219.95 
          71400         4128.61 
          71800          4039.7 
          72200         3953.14 
          72600         3868.89 
          73000         3786.95 
          73400         3706.98 
          73800         3629.34 
          74200         3553.64 
          74600         3469.33 
          75000         3395.72 
          75400         3337.99 
          75800          3269.8 
          76200         3203.32 
          76600         3138.56 
          77000         3075.41 
          77400         3013.83 
          77800         2953.73 
          78200         2895.25 
          78600         2838.11 
          79000          2782.4 
          79400         2728.02 
          79800         2675.01 
          80200         2623.27 
          80600         2572.76 
          81000         2523.47 
          81400         2474.91 
          81800         2428.36 
          82200         2382.53 
          82600         2337.76 
          83000         2294.01 
          83400         2251.26 
          83800         2209.59 
          84200         2168.83 
          84600            2129 
          85000         2090.08 
          85400         2052.05 
          85800         2014.85 
          86200          1978.5 
          86600         1942.43 
          87000         1908.28 
          87400         1873.15 
          87800         1839.85 
          88200         1808.67 
          88600         1776.88 
          89000         1745.82 
          89400         1715.47 
          89800          1685.7 
          90200         1656.66 
          90600          1628.2 
          91000         1600.32 
          91400         1573.08 
          91800         1546.39 
          92200         1520.29 
          92600          1494.7 
          93000         1469.72 
          93400         1445.15 
          93800         1420.39 
          94200          1397.7 
          94600         1374.62 
          95000         1352.14 
          95400         1330.02 
          95800         1308.34 
          96200         1287.19 
          96600         1266.37 
          97000         1246.06 
          97400         1226.12 
          97800          1206.5 
          98200         1187.43 
          98600         1168.63 
          99000         1150.18 
          99400         1132.13 
          99800         1114.49 
         100200         1097.13 
         200000         71.8527 
         400000         4.56737 
         600000        0.904172 
         800000        0.285749 
         1.0e+6        0.116782 
         1.2e+6       0.0561745 
         1.4e+6       0.0302421 
         1.6e+6       0.0176827 
