# Kurucz ODFNEW /NOVER (2003)
# teff = 6000 K (value for the effective temperature for the model. Temperatures are given in K)
# logg = 3.5 log(cm/s2) (value for Log(G) for the model.)
# meta = -2  (value for the Metallicity for the model.)
# lh = 1.25  (l/Hp where l is the  mixing length of the convective element and Hp is the pressure scale height)
# vtur = 2 km/s (Microturbulence velocity)
# alpha = 0  (Alpha)
#
# column 1: WAVELENGTH (ANGSTROM), Wavelength in Angstrom
# column 2: FLUX (ERG/CM2/S/A), Flux in erg/cm2/s/A
          147.2     2.17123e-85 
            151     5.82914e-83 
          155.2     2.03872e-80 
          158.8     2.39969e-78 
            162      1.3874e-76 
            166     1.76771e-74 
          170.3     2.50065e-72 
          173.4     7.59973e-71 
          176.8     2.79273e-69 
          180.2     8.93223e-68 
          181.7     3.94977e-67 
          186.1     2.68723e-65 
            191     2.33601e-63 
          193.9     2.93781e-62 
          198.4     1.28612e-60 
          201.8     1.99728e-59 
            205     2.42747e-58 
          210.5     1.47469e-56 
          216.2     8.30067e-55 
          219.8     9.47749e-54 
            223     7.69989e-53 
          226.8     8.57265e-52 
            230     6.12986e-51 
            234     6.61526e-50 
            240     2.01328e-48 
          246.5     6.71962e-47 
          252.4     1.38135e-45 
          256.8      1.1996e-44 
            260     5.51028e-44 
            264     3.51211e-43 
          268.5     2.63201e-42 
          273.5     2.27602e-41 
          278.5     1.81938e-40 
            284     1.63904e-39 
            290     1.63333e-38 
            296     1.47543e-37 
            301     8.62851e-37 
            308     9.24906e-36 
            318     2.26889e-34 
            328     4.54349e-33 
            338     7.55609e-32 
            348     1.06218e-30 
            357     1.00318e-29 
            366     8.45417e-29 
            375     6.39389e-28 
            385     5.39049e-27 
            395      4.0545e-26 
            405     2.74649e-25 
            414     1.41431e-24 
            422     5.70349e-24 
            430     2.17745e-23 
            441     1.26338e-22 
            451     5.77093e-22 
            460     2.13326e-21 
            470     8.57047e-21 
            480     3.23588e-20 
            490      1.1538e-19 
            500     3.89327e-19 
            506     1.04625e-18 
            512     2.33846e-18 
            520     5.67881e-18 
            530     1.66464e-17 
            540     4.60292e-17 
            550     1.23779e-16 
            560     3.18586e-16 
            570     7.91051e-16 
            580      1.8776e-15 
            590     4.41177e-15 
            600     9.94335e-15 
            610     2.17695e-14 
            620      4.6362e-14 
            630     9.61804e-14 
            640     1.94711e-13 
            650     3.84942e-13 
            658     6.53267e-13 
            665     1.02585e-12 
            675     1.91992e-12 
            685     3.52157e-12 
            695     6.33582e-12 
            705     1.11899e-11 
            716     2.05011e-11 
            726     3.49236e-11 
            735     5.56477e-11 
            745     9.20332e-11 
            755     1.49965e-10 
            765     2.40892e-10 
            775     3.81688e-10 
            785     5.96874e-10 
            795      9.2146e-10 
            805      1.40588e-9 
            815       2.1198e-9 
            825      3.16085e-9 
            835      4.66313e-9 
            845      6.80833e-9 
            855      9.83998e-9 
            865      1.40853e-8 
            875      1.99745e-8 
            885      2.80758e-8 
            895      3.91208e-8 
            905       5.4056e-8 
            915     0.000557878 
            925      0.00241353 
            935      0.00322228 
            945      0.00477585 
            955      0.00682101 
            965      0.00898188 
            975      0.00985312 
            985       0.0167093 
            995       0.0219864 
           1005       0.0288564 
           1015        0.032478 
           1025       0.0373206 
           1035        0.058481 
           1045       0.0855073 
           1055        0.105665 
           1065        0.139674 
           1075        0.179037 
           1085         0.23244 
           1095           0.283 
           1105        0.504239 
           1115        0.842685 
           1125         1.07855 
           1135         1.47852 
           1145         1.75864 
           1155         1.88655 
           1165          2.1296 
           1175         2.25845 
           1185         2.95084 
           1195         1.63843 
           1205         1.20084 
           1215        0.756304 
           1225         1.58487 
           1235         3.33844 
           1245         3.82289 
           1255         6.88555 
           1265         10.5823 
           1275         14.6268 
           1285         21.1649 
           1295         27.6826 
           1305         36.7145 
           1315         45.9315 
           1325         58.5193 
           1335         70.7261 
           1345         87.6566 
           1355         102.268 
           1365          126.95 
           1375          146.76 
           1385         171.093 
           1395         199.687 
           1405          226.55 
           1415         274.236 
           1425         303.443 
           1435         343.959 
           1442         397.336 
           1447         401.773 
           1455          468.62 
           1465         500.615 
           1475         581.226 
           1485         649.668 
           1495         746.371 
           1505         852.979 
           1512         923.407 
           1517         916.675 
           1525         1025.38 
           1535         1148.61 
           1545          1248.2 
           1555         1361.84 
           1565         1397.71 
           1575         1610.26 
           1585         1766.36 
           1595         1968.63 
           1605         2105.92 
           1615         2409.24 
           1625         2689.13 
           1635         3180.44 
           1645         3870.42 
           1655         3916.35 
           1665         5244.97 
           1672         5221.63 
           1677         6258.44 
           1685         7910.69 
           1695         12216.4 
           1705         29070.2 
           1715         74862.4 
           1725          152863 
           1735          267621 
           1745          356226 
           1755          498502 
           1765          434254 
           1775          585859 
           1785          692762 
           1795          858544 
           1805          789403 
           1815          890606 
           1825          802543 
           1835          929834 
           1845          732968 
           1855          874661 
           1865      1.04724e+6 
           1875      1.05288e+6 
           1885      1.11464e+6 
           1895      1.22208e+6 
           1905       1.1769e+6 
           1915      1.32808e+6 
           1925      1.39412e+6 
           1935       1.1435e+6 
           1945      1.52752e+6 
           1955      1.59424e+6 
           1967      1.78458e+6 
           1976      1.74347e+6 
           1984      1.76083e+6 
           1995      1.78406e+6 
           2005      1.69396e+6 
           2015      1.80699e+6 
           2025      1.59121e+6 
           2035       1.9454e+6 
           2045      2.12659e+6 
           2055      2.13743e+6 
           2065      2.09708e+6 
           2074      2.43126e+6 
           2078      2.46876e+6 
           2085      2.45299e+6 
           2095      2.38354e+6 
           2105      2.32753e+6 
           2115      2.48698e+6 
           2125       2.4844e+6 
           2135      2.24208e+6 
           2145      2.57896e+6 
           2155      2.55386e+6 
           2165      2.43452e+6 
           2175      2.45272e+6 
           2185      2.67667e+6 
           2195      3.00451e+6 
           2205       2.9055e+6 
           2215      2.68905e+6 
           2225      2.86217e+6 
           2235       3.3073e+6 
           2245      3.05015e+6 
           2255      2.86869e+6 
           2265      2.75625e+6 
           2275      3.04215e+6 
           2285      3.17107e+6 
           2295      2.94837e+6 
           2305       3.2152e+6 
           2315      3.31345e+6 
           2325      3.25365e+6 
           2335      3.02449e+6 
           2345      2.51796e+6 
           2355      3.43022e+6 
           2365      2.77743e+6 
           2375      3.25541e+6 
           2385      2.38712e+6 
           2395       2.8583e+6 
           2405      2.84174e+6 
           2415      2.89583e+6 
           2425      3.62403e+6 
           2435      3.55678e+6 
           2445      3.77761e+6 
           2455      3.78997e+6 
           2465      3.87175e+6 
           2475      3.57946e+6 
           2485      3.38208e+6 
           2495      3.35902e+6 
           2505      4.09178e+6 
           2513      3.56317e+6 
           2518      3.28267e+6 
           2525      3.10596e+6 
           2535      3.16269e+6 
           2545      3.22566e+6 
           2555      3.65988e+6 
           2565      3.65894e+6 
           2575       4.1117e+6 
           2585      4.15674e+6 
           2595      4.06736e+6 
           2605      3.88225e+6 
           2615      3.59716e+6 
           2625      4.28705e+6 
           2635      4.54236e+6 
           2645      5.31571e+6 
           2655      5.51972e+6 
           2665      5.00156e+6 
           2675      5.31008e+6 
           2685      5.53606e+6 
           2695      4.97304e+6 
           2705      5.17699e+6 
           2715      4.72331e+6 
           2725      4.82706e+6 
           2735      5.15872e+6 
           2745      4.17226e+6 
           2755      4.61281e+6 
           2765      5.11342e+6 
           2775      5.46458e+6 
           2785      5.15292e+6 
           2795      2.48606e+6 
           2805      3.14583e+6 
           2815      5.92842e+6 
           2825      5.94412e+6 
           2835      5.85632e+6 
           2845      5.60345e+6 
           2855      4.49583e+6 
           2865      5.71642e+6 
           2875      5.77016e+6 
           2885      5.91263e+6 
           2895      5.90871e+6 
           2910      6.41918e+6 
           2930      6.31737e+6 
           2950      6.23763e+6 
           2970      6.39649e+6 
           2990      6.41866e+6 
           3010       6.4667e+6 
           3030      6.56586e+6 
           3050      6.68616e+6 
           3070      6.75802e+6 
           3090      6.78287e+6 
           3110      6.77109e+6 
           3130      6.83788e+6 
           3150       6.9385e+6 
           3170      7.07017e+6 
           3190      6.74078e+6 
           3210       6.9404e+6 
           3230        6.698e+6 
           3250      7.07235e+6 
           3270      7.37224e+6 
           3290      7.47709e+6 
           3310      7.57131e+6 
           3330      7.46059e+6 
           3350      7.42616e+6 
           3370      7.22582e+6 
           3390      7.37488e+6 
           3410      7.38906e+6 
           3430      7.59581e+6 
           3450      7.51528e+6 
           3470      7.54466e+6 
           3490      7.61804e+6 
           3510      7.70668e+6 
           3530      7.62777e+6 
           3550      7.92858e+6 
           3570      7.60441e+6 
           3590      7.56347e+6 
           3610      7.68109e+6 
           3630      7.82598e+6 
           3640      7.79498e+6 
           3650      8.04981e+6 
           3670      8.02748e+6 
           3690      7.75034e+6 
           3710      8.14708e+6 
           3730      8.10219e+6 
           3750      9.10071e+6 
           3770      9.42374e+6 
           3790      9.97051e+6 
           3810      1.05601e+7 
           3830      9.35114e+6 
           3850      1.07848e+7 
           3870      1.09111e+7 
           3890       9.5805e+6 
           3910      1.09401e+7 
           3930      9.57355e+6 
           3950      1.10422e+7 
           3970      8.95661e+6 
           3990      1.12599e+7 
           4010      1.13798e+7 
           4030      1.13196e+7 
           4050      1.13206e+7 
           4070       1.1165e+7 
           4090      1.11016e+7 
           4110      1.00217e+7 
           4130      1.12637e+7 
           4150      1.12526e+7 
           4170      1.13236e+7 
           4190       1.1154e+7 
           4210      1.11273e+7 
           4230      1.10013e+7 
           4250      1.10694e+7 
           4270      1.10385e+7 
           4290      1.09321e+7 
           4310      1.05798e+7 
           4330      1.05969e+7 
           4350      9.89979e+6 
           4370      1.10591e+7 
           4390      1.09625e+7 
           4410      1.09163e+7 
           4430       1.1024e+7 
           4450      1.09472e+7 
           4470      1.09211e+7 
           4490      1.09907e+7 
           4510      1.10096e+7 
           4530      1.08511e+7 
           4550      1.08212e+7 
           4570      1.09193e+7 
           4590      1.08612e+7 
           4610      1.08746e+7 
           4630      1.08338e+7 
           4650       1.0807e+7 
           4670       1.0815e+7 
           4690       1.0775e+7 
           4710      1.06908e+7 
           4730      1.07038e+7 
           4750      1.06805e+7 
           4770      1.06484e+7 
           4790      1.06025e+7 
           4810       1.0575e+7 
           4830      1.05035e+7 
           4850      1.01352e+7 
           4870      9.16341e+6 
           4890      1.03153e+7 
           4910      1.03692e+7 
           4930      1.02186e+7 
           4950        1.024e+7 
           4970      1.02964e+7 
           4990      1.01839e+7 
           5010      1.00588e+7 
           5030      1.01636e+7 
           5050      1.00614e+7 
           5070      1.01019e+7 
           5090      1.00407e+7 
           5110      1.00045e+7 
           5130      9.95731e+6 
           5150      9.86279e+6 
           5170      9.64428e+6 
           5190      9.68142e+6 
           5210      9.68037e+6 
           5230      9.67878e+6 
           5250      9.77111e+6 
           5270      9.55575e+6 
           5290      9.67412e+6 
           5310      9.64788e+6 
           5330      9.49472e+6 
           5350      9.56035e+6 
           5370      9.48287e+6 
           5390      9.45412e+6 
           5410      9.37856e+6 
           5430      9.35726e+6 
           5450      9.32511e+6 
           5470      9.32931e+6 
           5490      9.31846e+6 
           5510      9.27451e+6 
           5530      9.23773e+6 
           5550      9.22117e+6 
           5570      9.14827e+6 
           5590      9.09872e+6 
           5610      9.07191e+6 
           5630      9.06699e+6 
           5650      9.02923e+6 
           5670      8.97842e+6 
           5690      8.95463e+6 
           5710      8.90668e+6 
           5730      8.88822e+6 
           5750      8.84472e+6 
           5770      8.80977e+6 
           5790       8.7698e+6 
           5810      8.73575e+6 
           5830      8.70041e+6 
           5850       8.6549e+6 
           5870      8.62084e+6 
           5890      8.49517e+6 
           5910      8.54682e+6 
           5930      8.51026e+6 
           5950      8.47517e+6 
           5970      8.43804e+6 
           5990      8.40037e+6 
           6010      8.36093e+6 
           6030      8.32276e+6 
           6050      8.29366e+6 
           6070      8.25617e+6 
           6090      8.21838e+6 
           6110       8.1791e+6 
           6130      8.11078e+6 
           6150      8.09546e+6 
           6170      8.04148e+6 
           6190      8.03394e+6 
           6210      8.00191e+6 
           6230      7.95576e+6 
           6250       7.9084e+6 
           6270      7.89511e+6 
           6290      7.86079e+6 
           6310      7.81539e+6 
           6330      7.78414e+6 
           6350      7.75508e+6 
           6370      7.72039e+6 
           6390      7.68357e+6 
           6410      7.63653e+6 
           6430       7.6065e+6 
           6450      7.56393e+6 
           6470      7.53614e+6 
           6490       7.4793e+6 
           6510       7.4743e+6 
           6530      7.41816e+6 
           6550      7.20969e+6 
           6570      6.39852e+6 
           6590      7.28543e+6 
           6610      7.30134e+6 
           6630      7.27844e+6 
           6650      7.24511e+6 
           6670      7.20808e+6 
           6690      7.18045e+6 
           6710      7.14549e+6 
           6730      7.11456e+6 
           6750      7.08082e+6 
           6770      7.04882e+6 
           6790      7.01684e+6 
           6810      6.98373e+6 
           6830       6.9525e+6 
           6850      6.91822e+6 
           6870      6.88798e+6 
           6890      6.85717e+6 
           6910      6.82519e+6 
           6930      6.79385e+6 
           6950      6.76206e+6 
           6970      6.73153e+6 
           6990      6.70023e+6 
           7010      6.66627e+6 
           7030      6.63754e+6 
           7050      6.60774e+6 
           7070      6.57659e+6 
           7090      6.54636e+6 
           7110      6.51547e+6 
           7130      6.48319e+6 
           7150      6.45184e+6 
           7170      6.42374e+6 
           7190      6.38951e+6 
           7210      6.36164e+6 
           7230      6.33536e+6 
           7250      6.30698e+6 
           7270      6.27753e+6 
           7290      6.24448e+6 
           7310      6.21804e+6 
           7330      6.18773e+6 
           7350      6.16163e+6 
           7370      6.13379e+6 
           7390      6.10187e+6 
           7410       6.0687e+6 
           7430       6.0442e+6 
           7450      6.01749e+6 
           7470      5.99132e+6 
           7490      5.96091e+6 
           7510      5.93368e+6 
           7530      5.90752e+6 
           7550      5.88128e+6 
           7570      5.85307e+6 
           7590      5.82541e+6 
           7610      5.79873e+6 
           7630       5.7718e+6 
           7650      5.74507e+6 
           7670      5.71233e+6 
           7690      5.69177e+6 
           7710      5.66177e+6 
           7730      5.63806e+6 
           7750      5.60956e+6 
           7770      5.58403e+6 
           7790      5.56067e+6 
           7810      5.53531e+6 
           7830      5.50719e+6 
           7850      5.48284e+6 
           7870      5.45871e+6 
           7890      5.43331e+6 
           7910      5.40768e+6 
           7930      5.37774e+6 
           7950      5.35328e+6 
           7970      5.33321e+6 
           7990      5.30873e+6 
           8010      5.28219e+6 
           8030      5.25877e+6 
           8050      5.23308e+6 
           8070      5.21065e+6 
           8090       5.1844e+6 
           8110      5.16241e+6 
           8130      5.13881e+6 
           8150      5.11492e+6 
           8170      5.09104e+6 
           8190      5.05722e+6 
           8210      5.04211e+6 
           8230      5.01485e+6 
           8250      4.99644e+6 
           8270      4.97555e+6 
           8290      4.95267e+6 
           8310      4.92891e+6 
           8330      4.89419e+6 
           8350      4.88364e+6 
           8370      4.85952e+6 
           8390      4.82851e+6 
           8410      4.81346e+6 
           8430      4.79207e+6 
           8450      4.76968e+6 
           8470      4.73442e+6 
           8490      4.73106e+6 
           8510      4.62983e+6 
           8530      4.69223e+6 
           8550       4.4972e+6 
           8570      4.65771e+6 
           8590      4.60731e+6 
           8610      4.56275e+6 
           8630      4.59955e+6 
           8650      4.57005e+6 
           8670      4.34606e+6 
           8690      4.52403e+6 
           8710      4.52701e+6 
           8730       4.4976e+6 
           8750      4.33574e+6 
           8770      4.44594e+6 
           8790      4.44572e+6 
           8810      4.41031e+6 
           8830      4.39915e+6 
           8850      4.35577e+6 
           8870      4.20035e+6 
           8890      4.34011e+6 
           8910       4.3272e+6 
           8930      4.30586e+6 
           8950      4.28809e+6 
           8970      4.26951e+6 
           8990      4.24536e+6 
           9010      4.06137e+6 
           9030      4.16343e+6 
           9050      4.19242e+6 
           9070      4.16819e+6 
           9090      4.13801e+6 
           9110      4.13343e+6 
           9130        4.119e+6 
           9150       4.1007e+6 
           9170      4.08234e+6 
           9190      4.06419e+6 
           9210      4.02719e+6 
           9230      3.82996e+6 
           9250      3.98372e+6 
           9270      3.99009e+6 
           9290      3.97433e+6 
           9310       3.9571e+6 
           9330      3.93928e+6 
           9350      3.92167e+6 
           9370      3.90418e+6 
           9390      3.88731e+6 
           9410      3.85621e+6 
           9430       3.8522e+6 
           9450      3.83498e+6 
           9470      3.81918e+6 
           9490      3.80255e+6 
           9510      3.78504e+6 
           9530      3.74789e+6 
           9550      3.55599e+6 
           9570      3.72102e+6 
           9590      3.71949e+6 
           9610      3.70218e+6 
           9630      3.68435e+6 
           9650      3.66994e+6 
           9670      3.65103e+6 
           9690      3.63886e+6 
           9710      3.62317e+6 
           9730      3.60737e+6 
           9750      3.59092e+6 
           9770      3.57584e+6 
           9790      3.56038e+6 
           9810       3.5451e+6 
           9830      3.52975e+6 
           9850      3.51438e+6 
           9870       3.4988e+6 
           9890      3.48297e+6 
           9910      3.46862e+6 
           9930      3.45412e+6 
           9950      3.43945e+6 
           9970      3.42468e+6 
           9990      3.40981e+6 
          10025      3.35864e+6 
          10075      3.27985e+6 
          10125      3.31196e+6 
          10175      3.27669e+6 
          10225      3.24263e+6 
          10275      3.20883e+6 
          10325      3.17351e+6 
          10375      3.14139e+6 
          10425      3.10918e+6 
          10475      3.07452e+6 
          10525       3.0448e+6 
          10575      3.01247e+6 
          10625      2.98015e+6 
          10675      2.94069e+6 
          10725      2.91822e+6 
          10775      2.88808e+6 
          10825      2.85449e+6 
          10875      2.82827e+6 
          10925      2.71428e+6 
          10975      2.76098e+6 
          11025      2.74768e+6 
          11075      2.72087e+6 
          11125      2.69333e+6 
          11175      2.66623e+6 
          11225      2.64038e+6 
          11275      2.61245e+6 
          11325      2.58755e+6 
          11375      2.56279e+6 
          11425      2.53631e+6 
          11475      2.51348e+6 
          11525      2.48917e+6 
          11575      2.46476e+6 
          11625      2.43886e+6 
          11675      2.41592e+6 
          11725      2.39478e+6 
          11775      2.36788e+6 
          11825      2.34461e+6 
          11875      2.32384e+6 
          11925       2.3053e+6 
          11975       2.2735e+6 
          12025      2.25998e+6 
          12075      2.23722e+6 
          12125      2.21957e+6 
          12175      2.19973e+6 
          12225      2.17943e+6 
          12275      2.15888e+6 
          12325      2.13957e+6 
          12375      2.11997e+6 
          12425      2.10075e+6 
          12475      2.08189e+6 
          12525      2.06304e+6 
          12575      2.04438e+6 
          12625      2.02597e+6 
          12675      2.00817e+6 
          12725      1.99044e+6 
          12775      1.96388e+6 
          12825      1.85022e+6 
          12875      1.93222e+6 
          12925      1.92147e+6 
          12975      1.90499e+6 
          13025      1.88848e+6 
          13075       1.8723e+6 
          13125      1.85555e+6 
          13175      1.83934e+6 
          13225      1.82466e+6 
          13275      1.80879e+6 
          13325      1.79369e+6 
          13375      1.77858e+6 
          13425      1.76385e+6 
          13475      1.74908e+6 
          13525      1.73446e+6 
          13575      1.71977e+6 
          13625      1.70585e+6 
          13675      1.69181e+6 
          13725      1.67738e+6 
          13775       1.6641e+6 
          13825      1.65054e+6 
          13875       1.6373e+6 
          13925      1.62403e+6 
          13975      1.61087e+6 
          14025      1.59771e+6 
          14075      1.58513e+6 
          14125      1.57206e+6 
          14175       1.5599e+6 
          14225      1.54672e+6 
          14275      1.53418e+6 
          14325       1.5229e+6 
          14375      1.51098e+6 
          14425      1.49607e+6 
          14475      1.48712e+6 
          14525        1.473e+6 
          14570      1.46422e+6 
          14620      1.45327e+6 
          14675      1.44103e+6 
          14725       1.4294e+6 
          14775      1.41825e+6 
          14825      1.40749e+6 
          14875      1.39149e+6 
          14925      1.38618e+6 
          14975      1.37505e+6 
          15025      1.35746e+6 
          15075      1.35125e+6 
          15125      1.34284e+6 
          15175      1.33231e+6 
          15225      1.32182e+6 
          15275      1.31016e+6 
          15325      1.29959e+6 
          15375      1.29068e+6 
          15425      1.27674e+6 
          15475      1.27038e+6 
          15525      1.26007e+6 
          15575      1.24194e+6 
          15625      1.24298e+6 
          15675      1.22591e+6 
          15725      1.20727e+6 
          15775      1.21071e+6 
          15825      1.20256e+6 
          15875      1.16002e+6 
          15925      1.17829e+6 
          15975      1.17561e+6 
          16050       1.1552e+6 
          16150      1.11513e+6 
          16250      1.12262e+6 
          16350      1.09061e+6 
          16450      1.04502e+6 
          16550      1.05835e+6 
          16650      1.03671e+6 
          16750      1.00113e+6 
          16850          955588 
          16950          973050 
          17050          953388 
          17150          933695 
          17250          912874 
          17350          851257 
          17450          872768 
          17550          860343 
          17650          843063 
          17750          826428 
          17850          810041 
          17950          794072 
          18050          777412 
          18150          726533 
          18250          741271 
          18350          733673 
          18450          719344 
          18550          705686 
          18650          690037 
          18750          638944 
          18850          663184 
          18950          652909 
          19050          641339 
          19150          629296 
          19250          617539 
          19350          604200 
          19450          564304 
          19550          582133 
          19650          573247 
          19750          562512 
          19850          552613 
          19950          542629 
          20050          532956 
          20150          523449 
          20250          514047 
          20350          504795 
          20450          496042 
          20550          487310 
          20650          478608 
          20750          470358 
          20850          462208 
          20950          454090 
          21050          446359 
          21150          438670 
          21250          431172 
          21350          423829 
          21450          416685 
          21550          408787 
          21650          383704 
          21750          394255 
          21850          389282 
          21950          382944 
          22050          376464 
          22150          370362 
          22250          364301 
          22350          358348 
          22450          352509 
          22550          346723 
          22650          341164 
          22750          335689 
          22850          330297 
          22950          325064 
          23050          319924 
          23150          314854 
          23250          309914 
          23350          305033 
          23450          300293 
          23550          295615 
          23650          291039 
          23750          286523 
          23850          282099 
          23950          277784 
          24050          273512 
          24150          269314 
          24250          265284 
          24350          261184 
          24450          257219 
          24550          253515 
          24650          249614 
          24750          245922 
          24850          242465 
          24950          238249 
          25050          235565 
          25150          232146 
          25250          227617 
          25350          225285 
          25450          222181 
          25550          218765 
          25650          214148 
          25750          212596 
          25850          209590 
          25950          206663 
          26050          203164 
          26150          198352 
          26250          189928 
          26350          194425 
          26450          192413 
          26550          189738 
          26650          186757 
          26750          181583 
          26850          181722 
          26950          179458 
          27050          176986 
          27150          174560 
          27250          172175 
          27350          169830 
          27450          167465 
          27550          162276 
          27650          162233 
          27750          160831 
          27850          158692 
          27950          156575 
          28050          154488 
          28150          152442 
          28250          150425 
          28350          148447 
          28450          146488 
          28550          144577 
          28650          142224 
          28750          137622 
          28850          138910 
          28950          137215 
          29050          135446 
          29150          133703 
          29250          131989 
          29350          130312 
          29450          128651 
          29550          127023 
          29650          125418 
          29750          123835 
          29850          122284 
          29950          120750 
          30050          119243 
          30150          117761 
          30250          116288 
          30350          112513 
          30450          112527 
          30550          112038 
          30650          110666 
          30750          109318 
          30850          107985 
          30950          106667 
          31050          105379 
          31150          104067 
          31250          102850 
          31350          101616 
          31450          100400 
          31550         99185.5 
          31650         98021.9 
          31750         96852.3 
          31850         95710.3 
          31950         94580.7 
          32100         92912.8 
          32300         90754.6 
          32500         88656.7 
          32700         86617.2 
          32900         83385.1 
          33100         82603.9 
          33300         80884.3 
          33500         79075.4 
          33700         77303.7 
          33900         75581.3 
          34100           73910 
          34300         72291.7 
          34500         70715.3 
          34700         69176.6 
          34900         67680.8 
          35100         66223.7 
          35300         64801.2 
          35500         63427.5 
          35700         62077.3 
          35900         60773.7 
          36100         59500.9 
          36300           58261 
          36500         57047.4 
          36700         55870.7 
          36900           54705 
          37100         53607.7 
          37300         52308.7 
          37500         50935.2 
          37700         50425.3 
          37900         49417.2 
          38100         48393.7 
          38300           47453 
          38500         46539.3 
          38700         45621.9 
          38900         44733.2 
          39100         43791.3 
          39300         43017.4 
          39500         42189.3 
          39700         41382.9 
          39900         40590.4 
          40100         39783.6 
          40300         38988.4 
          40500         37896.9 
          40700         37618.6 
          40900         36918.3 
          41100         36236.5 
          41300         35568.3 
          41500         34915.7 
          41700         34135.3 
          41900         33653.5 
          42100         33039.1 
          42300         32449.5 
          42500         31867.4 
          42700         31298.9 
          42900         30741.6 
          43100         30197.4 
          43300         29663.9 
          43500         29142.9 
          43700         28488.1 
          43900         28123.6 
          44100         27648.2 
          44300         27170.7 
          44500         26706.4 
          44700         26254.9 
          44900         25806.6 
          45100         25368.9 
          45300         24941.6 
          45500         24522.7 
          45700         24111.9 
          45900         23709.1 
          46100         23315.9 
          46300         22930.4 
          46500         22318.9 
          46700         22038.3 
          46900         21819.9 
          47100         21465.2 
          47300         21117.4 
          47500         20777.9 
          47700         20443.5 
          47900         20115.5 
          48100         19795.5 
          48300         19481.7 
          48500         19172.4 
          48700         18870.7 
          48900         18574.9 
          49100         18284.8 
          49300         18000.3 
          49500         17721.4 
          49700         17447.9 
          49900         17178.2 
          50100         16915.2 
          50300         16657.4 
          50500         16403.1 
          50700         16155.2 
          50900         15910.8 
          51100         15672.5 
          51300         15332.9 
          51500           15207 
          51700           14981 
          51900         14759.5 
          52100         14540.9 
          52300         14326.6 
          52500         14116.5 
          52700         13910.5 
          52900         13708.6 
          53100         13510.7 
          53300         13315.3 
          53500         13123.4 
          53700         12934.2 
          53900         12750.3 
          54100         12569.1 
          54300         12390.8 
          54500         12215.8 
          54700         12042.8 
          54900         11874.7 
          55100         11708.6 
          55300         11540.4 
          55500         11385.2 
          55700         11227.6 
          55900         11072.4 
          56100         10920.6 
          56300           10771 
          56500         10624.1 
          56700         10479.5 
          56900         10337.5 
          57100         10188.8 
          57300         10060.5 
          57500         9925.49 
          57700         9792.75 
          57900         9662.29 
          58100         9533.83 
          58300         9407.68 
          58500         9284.13 
          58700         9161.93 
          58900         9041.72 
          59100         8864.57 
          59300         8807.45 
          59500         8678.85 
          59700         8580.42 
          59900         8469.88 
          60100         8360.93 
          60300         8253.86 
          60500         8148.43 
          60700         8044.62 
          60900          7942.5 
          61100         7841.85 
          61300         7743.14 
          61500         7645.85 
          61700         7549.95 
          61900         7455.62 
          62100         7362.83 
          62300         7271.08 
          62500         7181.22 
          62700         7092.65 
          62900         6988.86 
          63100         6919.46 
          63300            6835 
          63500         6751.75 
          63700         6669.59 
          63900         6588.87 
          64200         6469.95 
          64600         6315.51 
          65000         6165.61 
          65400         6020.31 
          65800         5879.21 
          66200          5742.1 
          66600         5609.12 
          67000         5479.82 
          67400         5354.27 
          67800          5224.4 
          68200         5113.89 
          68600         4998.71 
          69000          4886.8 
          69400         4777.99 
          69800          4672.2 
          70200         4569.26 
          70600         4469.26 
          71000         4371.88 
          71400         4277.22 
          71800         4185.05 
          72200         4095.37 
          72600         4008.05 
          73000          3923.1 
          73400         3840.39 
          73800         3759.87 
          74200         3681.39 
          74600         3591.93 
          75000         3512.99 
          75400         3457.99 
          75800          3387.3 
          76200         3318.42 
          76600          3251.3 
          77000         3185.84 
          77400         3122.06 
          77800         3059.54 
          78200         2999.18 
          78600         2940.01 
          79000         2882.24 
          79400         2825.97 
          79800         2771.03 
          80200         2717.39 
          80600         2665.09 
          81000         2614.02 
          81400         2563.49 
          81800         2515.46 
          82200         2467.95 
          82600         2421.58 
          83000         2376.26 
          83400         2332.01 
          83800         2288.77 
          84200         2246.52 
          84600         2205.27 
          85000         2164.96 
          85400         2125.56 
          85800         2087.06 
          86200         2049.43 
          86600         2011.45 
          87000         1976.62 
          87400         1939.58 
          87800         1905.09 
          88200         1873.47 
          88600         1840.56 
          89000         1808.36 
          89400         1776.89 
          89800          1746.1 
          90200         1715.97 
          90600         1686.49 
          91000         1657.64 
          91400         1629.41 
          91800         1601.78 
          92200         1574.71 
          92600         1548.26 
          93000         1522.34 
          93400         1496.93 
          93800         1470.88 
          94200         1447.71 
          94600         1423.88 
          95000         1400.52 
          95400         1377.62 
          95800         1355.22 
          96200         1333.27 
          96600         1311.75 
          97000         1290.67 
          97400            1270 
          97800         1249.75 
          98200          1229.9 
          98600         1210.44 
          99000         1191.38 
          99400          1172.7 
          99800         1154.35 
         100200         1136.38 
         200000         74.4766 
         400000         4.74373 
         600000        0.940568 
         800000        0.297599 
         1.0e+6        0.121736 
         1.2e+6       0.0586024 
         1.4e+6       0.0315703 
         1.6e+6       0.0184686 
