# Kurucz ODFNEW /NOVER (2003)
# teff = 4000 K (value for the effective temperature for the model. Temperatures are given in K)
# logg = 1 log(cm/s2) (value for Log(G) for the model.)
# meta = -4  (value for the Metallicity for the model.)
# lh = 1.25  (l/Hp where l is the  mixing length of the convective element and Hp is the pressure scale height)
# vtur = 2 km/s (Microturbulence velocity)
# alpha = 0.4  (Alpha)
#
# column 1: WAVELENGTH (ANGSTROM), Wavelength in Angstrom
# column 2: FLUX (ERG/CM2/S/A), Flux in erg/cm2/s/A
          147.2    1.27876e-162 
            151    2.75909e-158 
          155.2    9.58862e-154 
          158.8    4.79146e-150 
            162    6.74349e-147 
            166    3.90852e-143 
          170.3    2.74265e-139 
          173.4    1.23356e-136 
          176.8    7.81209e-134 
          180.2    3.86799e-131 
          181.7    5.54444e-130 
          186.1    1.06512e-126 
            191     3.1891e-123 
          193.9    2.99452e-121 
          198.4     2.6422e-118 
          201.8    3.63221e-116 
            205    3.21804e-114 
          210.5    5.15974e-111 
          216.2    7.24421e-108 
          219.8    5.78888e-106 
            223    2.51527e-104 
          226.8    1.92912e-102 
            230    6.66889e-101 
            234     4.85573e-99 
            240      2.2989e-96 
          246.5     1.29067e-93 
          252.4     3.03308e-91 
          256.8     1.50695e-89 
            260     2.37172e-88 
            264     6.75719e-87 
          268.5      2.5878e-85 
          273.5     1.28719e-83 
          278.5     5.55946e-82 
            284     2.99096e-80 
            290      1.9383e-78 
            296     1.05538e-76 
            301     2.61134e-75 
            308     1.94937e-73 
            318     6.59772e-71 
            328      1.5535e-68 
            338     2.62593e-66 
            348     3.28437e-64 
            357     1.99773e-62 
            366     9.89521e-61 
            375     4.04015e-59 
            385     2.02197e-57 
            395     8.25026e-56 
            405     2.78921e-54 
            414     5.71218e-53 
            422     7.47921e-52 
            430     8.87403e-51 
            441     2.28927e-49 
            451     3.81117e-48 
            460     4.30034e-47 
            470     5.67806e-46 
            480      6.7051e-45 
            490     7.13825e-44 
            500     6.88345e-43 
            506     3.60594e-42 
            512     1.45723e-41 
            520     7.65831e-41 
            530     5.69775e-40 
            540     3.87104e-39 
            550     2.47259e-38 
            560     1.46655e-37 
            570     8.14914e-37 
            580     4.21301e-36 
            590     2.09717e-35 
            600     9.77299e-35 
            610     4.31978e-34 
            620     1.81583e-33 
            630     7.27622e-33 
            640     2.78739e-32 
            650     1.02256e-31 
            658     2.80717e-31 
            665      6.6516e-31 
            675     2.20775e-30 
            685     7.06242e-30 
            695     2.18086e-29 
            705     6.51072e-29 
            716     2.08905e-28 
            726     5.83653e-28 
            735     1.43509e-27 
            745     3.79624e-27 
            755      9.7714e-27 
            765     2.45018e-26 
            775     5.99079e-26 
            785     1.42977e-25 
            795     3.33374e-25 
            805     7.60115e-25 
            815     1.69613e-24 
            825     3.70765e-24 
            835     7.94551e-24 
            845        1.67e-23 
            855     3.44337e-23 
            865     6.97243e-23 
            875     1.38774e-22 
            885     2.71533e-22 
            895     5.23172e-22 
            905     9.90736e-22 
            915     4.26233e-17 
            925     2.30808e-16 
            935     3.50747e-16 
            945     7.06358e-16 
            955     1.06307e-15 
            965     1.87296e-15 
            975     2.62011e-15 
            985     7.96035e-15 
            995     1.49881e-14 
           1005     2.11993e-14 
           1015     3.09491e-14 
           1025     5.92046e-14 
           1035     1.15816e-13 
           1045     2.22431e-13 
           1055     3.08268e-13 
           1065     7.46168e-13 
           1075     1.15266e-12 
           1085     2.75216e-12 
           1095     4.20206e-12 
           1105     6.53447e-12 
           1115     1.01117e-11 
           1125      1.8272e-11 
           1135     3.01799e-11 
           1145     4.23389e-11 
           1155     5.46953e-11 
           1165      6.4372e-11 
           1175     9.02186e-11 
           1185     2.78021e-10 
           1195     2.00043e-10 
           1205     1.54882e-10 
           1215     3.47579e-12 
           1225     2.47802e-10 
           1235     9.65569e-10 
           1245     6.98202e-10 
           1255      1.67028e-9 
           1265      3.04425e-9 
           1275      5.00521e-9 
           1285      9.39551e-9 
           1295      1.42515e-8 
           1305      2.80917e-8 
           1315      4.20427e-8 
           1325      6.89008e-8 
           1335      1.01059e-7 
           1345      1.51643e-7 
           1355      2.28435e-7 
           1365      3.36812e-7 
           1375      4.56648e-7 
           1385      6.51559e-7 
           1395      8.87413e-7 
           1405      1.25258e-6 
           1415      1.82691e-6 
           1425      2.27007e-6 
           1435      3.22335e-6 
           1442      4.50148e-6 
           1447      4.23886e-6 
           1455      5.89093e-6 
           1465      7.44042e-6 
           1475      9.72271e-6 
           1485       1.2201e-5 
           1495      1.81705e-5 
           1505      2.47591e-5 
           1512      2.26221e-5 
           1517      2.69342e-5 
           1525      4.73369e-5 
           1535     0.000135581 
           1545      0.00013324 
           1555     0.000214646 
           1565     0.000242644 
           1575     0.000359443 
           1585     0.000456474 
           1595     0.000533576 
           1605      0.00064545 
           1615      0.00102325 
           1625      0.00145691 
           1635      0.00227428 
           1645       0.0041916 
           1655      0.00459443 
           1665       0.0086123 
           1672      0.00946896 
           1677       0.0133307 
           1685         0.02026 
           1695       0.0292084 
           1705       0.0405548 
           1715       0.0468051 
           1725       0.0692125 
           1735       0.0887688 
           1745         0.12123 
           1755        0.155987 
           1765        0.172533 
           1775        0.204314 
           1785        0.267901 
           1795        0.313307 
           1805        0.368898 
           1815        0.425947 
           1825        0.485483 
           1835        0.589413 
           1845        0.596122 
           1855        0.717324 
           1865        0.856804 
           1875         0.95818 
           1885         1.11082 
           1895         1.34105 
           1905         1.46258 
           1915         1.76899 
           1925         2.03796 
           1935         2.24354 
           1945         2.45814 
           1955         2.73891 
           1967         3.27676 
           1976         3.52244 
           1984         3.80744 
           1995         4.28939 
           2005           4.703 
           2015         5.40846 
           2025         5.42389 
           2035         6.50639 
           2045         7.39149 
           2055         8.02251 
           2065         8.71141 
           2074         9.86692 
           2078         10.0541 
           2085         10.4512 
           2095         11.4228 
           2105         12.0815 
           2115         13.7959 
           2125         14.8619 
           2135         16.5561 
           2145         17.9553 
           2155         19.4099 
           2165         20.6319 
           2175         22.6637 
           2185         25.4561 
           2195          27.751 
           2205         29.8988 
           2215         31.8823 
           2225         36.6766 
           2235         40.1382 
           2245         42.9709 
           2255         44.7495 
           2265         47.2639 
           2275          52.874 
           2285         57.2083 
           2295          61.609 
           2305         67.8315 
           2315         74.9842 
           2325         80.4038 
           2335         88.2154 
           2345         92.9865 
           2355         103.576 
           2365         109.727 
           2375         120.012 
           2385         124.664 
           2395         140.426 
           2405          152.02 
           2415         162.565 
           2425         180.715 
           2435         192.824 
           2445         209.822 
           2455         224.255 
           2465          241.17 
           2475         255.633 
           2485         253.013 
           2495         282.428 
           2505         315.221 
           2513         308.087 
           2518         308.742 
           2525          324.86 
           2535          383.71 
           2545         419.432 
           2555         454.705 
           2565         483.147 
           2575         518.139 
           2585         554.656 
           2595         584.057 
           2605         600.067 
           2615         632.232 
           2625         689.041 
           2635         759.132 
           2645           853.4 
           2655         943.183 
           2665          972.93 
           2675         1056.75 
           2685         1119.07 
           2695         1153.73 
           2705         1283.51 
           2715         1281.23 
           2725         1357.94 
           2735         1499.97 
           2745         1506.21 
           2755         1630.85 
           2765         1855.01 
           2775         1968.28 
           2785         1804.18 
           2795         1429.18 
           2805         1584.43 
           2815         2209.06 
           2825         2721.26 
           2835         2873.79 
           2845         2522.88 
           2855         2001.36 
           2865         3192.61 
           2875         3558.81 
           2885         3740.49 
           2895         4197.46 
           2910         4871.44 
           2930         5410.75 
           2950          5538.5 
           2970         6036.45 
           2990         6792.85 
           3010         7448.02 
           3030         7971.68 
           3050         9075.12 
           3070         8398.86 
           3090         8614.81 
           3110         10008.2 
           3130           10118 
           3150           10709 
           3170         12591.6 
           3190         13178.4 
           3210         15412.7 
           3230         16961.1 
           3250         20209.5 
           3270         22606.8 
           3290         24101.6 
           3310         24601.7 
           3330         25466.2 
           3350         25797.5 
           3370         22748.6 
           3390         28142.7 
           3410         31858.4 
           3430         36299.5 
           3450           38488 
           3470           41653 
           3490         45222.6 
           3510         49124.3 
           3530         51099.7 
           3550         56967.5 
           3570           56665 
           3590         59627.9 
           3610         64201.3 
           3630         67332.6 
           3640         68421.8 
           3650         71186.2 
           3670           76373 
           3690         79705.8 
           3710         85050.9 
           3730         81333.3 
           3750         88877.3 
           3770         98070.1 
           3790          103894 
           3810          110114 
           3830          108422 
           3850          118406 
           3870          114134 
           3890          117997 
           3910          124573 
           3930         98177.1 
           3950          138402 
           3970          118555 
           3990          158294 
           4010          167927 
           4030          169902 
           4050          178019 
           4070          182680 
           4090          193539 
           4110          193776 
           4130          202174 
           4150          202897 
           4170          212637 
           4190          216668 
           4210          218801 
           4230          225011 
           4250          226298 
           4270          227076 
           4290          215486 
           4310          189767 
           4330          259084 
           4350          261526 
           4370          266101 
           4390          277053 
           4410          300948 
           4430          318259 
           4450          326705 
           4470          335138 
           4490          345838 
           4510          356484 
           4530          358850 
           4550          369733 
           4570          380429 
           4590          390675 
           4610          398904 
           4630          408557 
           4650          415644 
           4670          425893 
           4690          433984 
           4710          442499 
           4730          451006 
           4750          459639 
           4770          467681 
           4790          475786 
           4810          484490 
           4830          491725 
           4850          499690 
           4870          499804 
           4890          516126 
           4910          527103 
           4930          530120 
           4950          541067 
           4970          554504 
           4990          558299 
           5010          562675 
           5030          578133 
           5050          580328 
           5070          595046 
           5090          601532 
           5110          606123 
           5130          616280 
           5150          619656 
           5170          614194 
           5190          632071 
           5210          638123 
           5230          653938 
           5250          667623 
           5270          666919 
           5290          685054 
           5310          694160 
           5330          692169 
           5350          707550 
           5370          713825 
           5390          720428 
           5410          726953 
           5430          731549 
           5450          739012 
           5470          754267 
           5490          762043 
           5510          765567 
           5530          777286 
           5550          784965 
           5570          791055 
           5590          797545 
           5610          804929 
           5630          813268 
           5650          820078 
           5670          826560 
           5690          833896 
           5710          839562 
           5730          846930 
           5750          853195 
           5770          859545 
           5790          865641 
           5810          871901 
           5830          878122 
           5850          883774 
           5870          890008 
           5890          885994 
           5910          901751 
           5930          907603 
           5950          913302 
           5970          919211 
           5990          924927 
           6010          930379 
           6030          936040 
           6050          941667 
           6070          946862 
           6090          952111 
           6110          956928 
           6130          958925 
           6150          966214 
           6170          969817 
           6190          975801 
           6210          980994 
           6230          984801 
           6250          988731 
           6270          994316 
           6290          998858 
           6310      1.00294e+6 
           6330      1.00733e+6 
           6350      1.01212e+6 
           6370      1.01636e+6 
           6390      1.02024e+6 
           6410      1.02342e+6 
           6430      1.02718e+6 
           6450      1.03169e+6 
           6470      1.03549e+6 
           6490      1.03591e+6 
           6510       1.0436e+6 
           6530      1.04729e+6 
           6550      1.04986e+6 
           6570       1.0248e+6 
           6590      1.05668e+6 
           6610      1.06012e+6 
           6630       1.0635e+6 
           6650       1.0664e+6 
           6670      1.06908e+6 
           6690      1.07254e+6 
           6710      1.07528e+6 
           6730       1.0783e+6 
           6750      1.08076e+6 
           6770      1.08359e+6 
           6790      1.08637e+6 
           6810      1.08885e+6 
           6830      1.09153e+6 
           6850      1.09392e+6 
           6870      1.09634e+6 
           6890      1.09887e+6 
           6910      1.10112e+6 
           6930       1.1034e+6 
           6950      1.10556e+6 
           6970      1.10783e+6 
           6990      1.10983e+6 
           7010      1.11186e+6 
           7030       1.1137e+6 
           7050       1.1155e+6 
           7070      1.11711e+6 
           7090      1.11884e+6 
           7110      1.12045e+6 
           7130      1.12188e+6 
           7150      1.12328e+6 
           7170      1.12494e+6 
           7190      1.12605e+6 
           7210      1.12742e+6 
           7230      1.12904e+6 
           7250      1.13028e+6 
           7270      1.13155e+6 
           7290      1.13265e+6 
           7310      1.13387e+6 
           7330      1.13484e+6 
           7350      1.13592e+6 
           7370      1.13698e+6 
           7390      1.13787e+6 
           7410      1.13853e+6 
           7430      1.13957e+6 
           7450      1.14045e+6 
           7470      1.14124e+6 
           7490      1.14187e+6 
           7510      1.14261e+6 
           7530      1.14326e+6 
           7550      1.14395e+6 
           7570      1.14449e+6 
           7590      1.14494e+6 
           7610      1.14537e+6 
           7630      1.14571e+6 
           7650      1.14598e+6 
           7670      1.14571e+6 
           7690      1.14644e+6 
           7710      1.14621e+6 
           7730      1.14646e+6 
           7750      1.14657e+6 
           7770      1.14686e+6 
           7790      1.14681e+6 
           7810      1.14687e+6 
           7830      1.14674e+6 
           7850      1.14671e+6 
           7870      1.14667e+6 
           7890      1.14655e+6 
           7910      1.14624e+6 
           7930      1.14604e+6 
           7950      1.14576e+6 
           7970      1.14565e+6 
           7990      1.14535e+6 
           8010      1.14498e+6 
           8030      1.14466e+6 
           8050      1.14398e+6 
           8070      1.14381e+6 
           8090      1.14335e+6 
           8110      1.14298e+6 
           8130      1.14244e+6 
           8150      1.14194e+6 
           8170      1.14138e+6 
           8190      1.14059e+6 
           8210      1.14001e+6 
           8230      1.13943e+6 
           8250      1.13889e+6 
           8270      1.13824e+6 
           8290      1.13752e+6 
           8310      1.13658e+6 
           8330      1.13395e+6 
           8350      1.13485e+6 
           8370      1.13389e+6 
           8390      1.13005e+6 
           8410      1.13198e+6 
           8430         1.13e+6 
           8450      1.13015e+6 
           8470      1.12849e+6 
           8490      1.12752e+6 
           8510       1.1111e+6 
           8530      1.12598e+6 
           8550      1.09083e+6 
           8570      1.12385e+6 
           8590      1.12266e+6 
           8610      1.12121e+6 
           8630      1.12037e+6 
           8650      1.11927e+6 
           8670      1.08911e+6 
           8690      1.11314e+6 
           8710      1.11563e+6 
           8730      1.11438e+6 
           8750      1.11263e+6 
           8770      1.11188e+6 
           8790      1.11058e+6 
           8810      1.10782e+6 
           8830      1.10605e+6 
           8850      1.10644e+6 
           8870      1.10476e+6 
           8890      1.10389e+6 
           8910       1.1025e+6 
           8930      1.10111e+6 
           8950      1.09963e+6 
           8970      1.09829e+6 
           8990      1.09686e+6 
           9010      1.09408e+6 
           9030      1.09395e+6 
           9050      1.09248e+6 
           9070      1.09101e+6 
           9090      1.08904e+6 
           9110      1.08794e+6 
           9130      1.08635e+6 
           9150       1.0848e+6 
           9170      1.08321e+6 
           9190      1.08157e+6 
           9210      1.07986e+6 
           9230      1.07757e+6 
           9250      1.07653e+6 
           9270        1.075e+6 
           9290       1.0733e+6 
           9310      1.07169e+6 
           9330         1.07e+6 
           9350      1.06832e+6 
           9370      1.06651e+6 
           9390      1.06496e+6 
           9410      1.06308e+6 
           9430      1.06154e+6 
           9450      1.05983e+6 
           9470      1.05813e+6 
           9490       1.0564e+6 
           9510      1.05467e+6 
           9530       1.0529e+6 
           9550      1.05015e+6 
           9570      1.04938e+6 
           9590      1.04763e+6 
           9610       1.0458e+6 
           9630       1.0441e+6 
           9650      1.04148e+6 
           9670      1.04008e+6 
           9690       1.0386e+6 
           9710      1.03672e+6 
           9730      1.03497e+6 
           9750      1.03318e+6 
           9770      1.03148e+6 
           9790      1.02928e+6 
           9810      1.02791e+6 
           9830      1.02611e+6 
           9850      1.02427e+6 
           9870      1.02245e+6 
           9890      1.02059e+6 
           9910      1.01877e+6 
           9930      1.01693e+6 
           9950      1.01509e+6 
           9970      1.01322e+6 
           9990      1.01139e+6 
          10025      1.00809e+6 
          10075      1.00297e+6 
          10125          998787 
          10175          994017 
          10225          989292 
          10275          984576 
          10325          979657 
          10375          974997 
          10425          970381 
          10475          965603 
          10525          960871 
          10575          956018 
          10625          951246 
          10675          946488 
          10725          941843 
          10775          937016 
          10825          931048 
          10875          927699 
          10925          922226 
          10975          918471 
          11025          913909 
          11075          909300 
          11125          904737 
          11175          900158 
          11225          895655 
          11275          891107 
          11325          886693 
          11375          882205 
          11425          877559 
          11475          873362 
          11525          868948 
          11575          864466 
          11625          859610 
          11675          855746 
          11725          851559 
          11775          847169 
          11825          842822 
          11875          837956 
          11925          834627 
          11975          828696 
          12025          826222 
          12075          822158 
          12125          818185 
          12175          814249 
          12225          810274 
          12275          806311 
          12325          802486 
          12375          798646 
          12425          794867 
          12475          791098 
          12525          787388 
          12575          783688 
          12625          780046 
          12675          776460 
          12725          772929 
          12775          769430 
          12825          763923 
          12875          762524 
          12925          759139 
          12975          755828 
          13025          752568 
          13075          749291 
          13125          746042 
          13175          742865 
          13225          739757 
          13275          736589 
          13325          733533 
          13375          730481 
          13425          727474 
          13475          724596 
          13525          721740 
          13575          719009 
          13625          716177 
          13675          713589 
          13725          710979 
          13775          708368 
          13825          705757 
          13875          703165 
          13925          697813 
          13975          696590 
          14025          694678 
          14075          692775 
          14125          690541 
          14175          688603 
          14225          686526 
          14275          684591 
          14325          682152 
          14375          680003 
          14425          678339 
          14475          676124 
          14525          674209 
          14570          672340 
          14620          668842 
          14675          667039 
          14725          666357 
          14775          664271 
          14825          663123 
          14875          660869 
          14925          659746 
          14975          658808 
          15025          654581 
          15075          654938 
          15125          652986 
          15175          652044 
          15225          651002 
          15275          647861 
          15325          647603 
          15375          645374 
          15425          642163 
          15475          643195 
          15525          640763 
          15575          638146 
          15625          638374 
          15675          636715 
          15725          633266 
          15775          632483 
          15825          631667 
          15875          626722 
          15925          627086 
          15975          625662 
          16050          621100 
          16150          616061 
          16250          609957 
          16350          602730 
          16450          592181 
          16550          582612 
          16650          572020 
          16750          561423 
          16850          550361 
          16950          541473 
          17050          531771 
          17150          521758 
          17250          512738 
          17350          502177 
          17450          494656 
          17550          485537 
          17650          477015 
          17750          468678 
          17850          460131 
          17950          452458 
          18050          444093 
          18150          435668 
          18250          428791 
          18350          421736 
          18450          414200 
          18550          406889 
          18650          400176 
          18750          389693 
          18850          386693 
          18950          380283 
          19050          373789 
          19150          367646 
          19250          361548 
          19350          355265 
          19450          348475 
          19550          343677 
          19650          337973 
          19750          332299 
          19850          326875 
          19950          321486 
          20050          316338 
          20150          311165 
          20250          306115 
          20350          301222 
          20450          296418 
          20550          291631 
          20650          286994 
          20750          282537 
          20850          277961 
          20950          273657 
          21050          269346 
          21150          265180 
          21250          261021 
          21350          256953 
          21450          253016 
          21550          249083 
          21650          244513 
          21750          241481 
          21850          237745 
          21950          234137 
          22050          230562 
          22150          227079 
          22250          223620 
          22350          220243 
          22450          216940 
          22550          213694 
          22650          210482 
          22750          207354 
          22850          204288 
          22950          200144 
          23050          197660 
          23150          194929 
          23250          190915 
          23350          188820 
          23450          186398 
          23550          182739 
          23650          180746 
          23750          178419 
          23850          175131 
          23950          173061 
          24050          170654 
          24150          167823 
          24250          165666 
          24350          163343 
          24450          160812 
          24550          158511 
          24650          156372 
          24750          154053 
          24850          151809 
          24950          149777 
          25050          147737 
          25150          145511 
          25250          142925 
          25350          141371 
          25450          139675 
          25550          137914 
          25650          135799 
          25750          134252 
          25850          132432 
          25950          130725 
          26050          128935 
          26150          127444 
          26250          125217 
          26350          124062 
          26450          122447 
          26550          120372 
          26650          119121 
          26750          117363 
          26850          115989 
          26950          114341 
          27050          112905 
          27150          111380 
          27250          109940 
          27350          108644 
          27450          107249 
          27550          105653 
          27650          104525 
          27750          103269 
          27850          101810 
          27950          100490 
          28050         98496.1 
          28150         97826.1 
          28250         96700.5 
          28350         95414.8 
          28450         94447.4 
          28550         92959.6 
          28650         91981.3 
          28750         90750.1 
          28850         89624.1 
          28950         88709.4 
          29050         87233.7 
          29150         86689.4 
          29250           85010 
          29350         84261.2 
          29450         83007.9 
          29550         82438.4 
          29650         80764.8 
          29750         80367.5 
          29850         79254.9 
          29950         78541.8 
          30050         76960.2 
          30150         76724.1 
          30250           75633 
          30350         74845.1 
          30450         73216.6 
          30550         73153.9 
          30650         72252.2 
          30750         71320.9 
          30850           70309 
          30950         69379.5 
          31050         68964.6 
          31150         68037.2 
          31250           67452 
          31350         66002.8 
          31450         65774.2 
          31550         65013.5 
          31650         64456.6 
          31750         63389.8 
          31850         62680.4 
          31950         62048.7 
          32100         61250.8 
          32300         59508.9 
          32500         58550.4 
          32700         57219.9 
          32900         55666.6 
          33100         54820.6 
          33300         53386.1 
          33500         52354.4 
          33700         51376.6 
          33900         49942.8 
          34100         49186.9 
          34300         48205.1 
          34500         46859.7 
          34700         46136.5 
          34900         45219.5 
          35100         44121.6 
          35300         43190.8 
          35500         42475.3 
          35700         41450.9 
          35900         40601.6 
          36100         39930.4 
          36300         39019.8 
          36500         38285.2 
          36700         37519.4 
          36900         36798.4 
          37100         35992.1 
          37300         35279.5 
          37500         34660.4 
          37700         33909.3 
          37900         33345.2 
          38100         32611.9 
          38300         32033.4 
          38500         31396.4 
          38700         30851.4 
          38900         30196.4 
          39100         29654.2 
          39300         29082.4 
          39500         28585.8 
          39700           28038 
          39900         27459.4 
          40100         27012.8 
          40300         26487.9 
          40500           25972 
          40700         25492.2 
          40900         25088.1 
          41100         24605.9 
          41300         24182.6 
          41500         23742.3 
          41700         23289.8 
          41900         22913.5 
          42100         22481.6 
          42300         22105.3 
          42500         21705.9 
          42700         21321.2 
          42900         20864.9 
          43100         20296.6 
          43300         19992.7 
          43500         19522.8 
          43700         19063.8 
          43900         18750.2 
          44100         18345.9 
          44300         18007.9 
          44500         17659.3 
          44700         17318.2 
          44900         17037.2 
          45100         16686.2 
          45300         16414.4 
          45500         16156.1 
          45700         15929.9 
          45900         15591.1 
          46100         15378.8 
          46300         15100.7 
          46500           14962 
          46700         14739.3 
          46900         14461.3 
          47100         14288.3 
          47300         14129.8 
          47500         13840.6 
          47700         13653.3 
          47900         13479.2 
          48100         13203.1 
          48300         13064.1 
          48500         12856.9 
          48700         12638.3 
          48900         12446.1 
          49100         12296.9 
          49300         12068.4 
          49500         11906.5 
          49700         11713.6 
          49900         11573.9 
          50100         11357.5 
          50300           11223 
          50500         11009.2 
          50700         10867.2 
          50900         10737.9 
          51100         10562.1 
          51300         10412.4 
          51500         10258.7 
          51700         10145.1 
          51900         9962.68 
          52100          9823.6 
          52300         9688.98 
          52500         9557.34 
          52700         9440.04 
          52900         9274.56 
          53100         9176.63 
          53300         9022.23 
          53500         8923.84 
          53700         8793.61 
          53900         8686.19 
          54100         8563.01 
          54300         8420.96 
          54500         8331.61 
          54700          8222.2 
          54900         8105.16 
          55100         8002.62 
          55300         7907.51 
          55500         7779.93 
          55700         7692.59 
          55900         7589.42 
          56100         7483.69 
          56300         7385.09 
          56500         7298.68 
          56700         7202.16 
          56900         7099.61 
          57100         7016.45 
          57300         6918.56 
          57500         6837.25 
          57700         6744.56 
          57900         6658.82 
          58100         6575.11 
          58300         6485.19 
          58500         6407.79 
          58700         6323.09 
          58900         6242.75 
          59100         6162.82 
          59300         6086.07 
          59500         6008.52 
          59700         5932.18 
          59900         5859.87 
          60100         5788.18 
          60300         5710.27 
          60500         5636.76 
          60700         5569.41 
          60900          5500.9 
          61100         5430.03 
          61300         5366.98 
          61500         5297.77 
          61700         5233.39 
          61900         5169.25 
          62100         5104.75 
          62300         5043.78 
          62500         4980.59 
          62700         4920.02 
          62900         4860.22 
          63100          4800.7 
          63300         4743.61 
          63500         4683.69 
          63700         4629.45 
          63900         4572.74 
          64200         4489.07 
          64600         4376.68 
          65000         4271.53 
          65400            4171 
          65800         4067.88 
          66200         3971.94 
          66600         3883.01 
          67000         3792.14 
          67400          3708.7 
          67800         3621.14 
          68200         3537.64 
          68600         3464.08 
          69000         3385.58 
          69400         3309.59 
          69800         3240.68 
          70200         3166.47 
          70600         3098.57 
          71000         3031.47 
          71400         2967.52 
          71800         2904.66 
          72200         2840.55 
          72600         2781.03 
          73000         2724.55 
          73400         2665.22 
          73800         2611.58 
          74200         2555.85 
          74600         2503.54 
          75000         2452.66 
          75400         2403.05 
          75800         2352.44 
          76200          2305.1 
          76600         2259.26 
          77000         2214.95 
          77400         2168.59 
          77800          2127.3 
          78200         2084.65 
          78600         2043.85 
          79000         2002.32 
          79400         1965.53 
          79800         1925.46 
          80200         1889.55 
          80600         1852.92 
          81000         1816.64 
          81400         1782.51 
          81800         1749.52 
          82200         1715.42 
          82600          1685.1 
          83000         1652.82 
          83400         1621.46 
          83800         1590.83 
          84200         1564.12 
          84600         1534.47 
          85000         1505.77 
          85400         1479.66 
          85800         1452.75 
          86200         1427.08 
          86600         1401.77 
          87000         1377.21 
          87400         1351.76 
          87800         1328.48 
          88200         1305.27 
          88600         1282.33 
          89000         1260.41 
          89400         1238.69 
          89800         1217.08 
          90200         1196.58 
          90600         1176.22 
          91000         1155.94 
          91400         1136.01 
          91800         1117.01 
          92200         1098.12 
          92600         1079.43 
          93000         1062.11 
          93400            1044 
          93800         1026.56 
          94200         1009.92 
          94600          992.47 
          95000         977.034 
          95400         961.697 
          95800         944.611 
          96200         930.014 
          96600         913.931 
          97000         900.283 
          97400         886.192 
          97800         870.726 
          98200           858.1 
          98600         844.564 
          99000         829.297 
          99400         817.298 
          99800         805.161 
         100200         792.667 
         200000         51.8954 
         400000         3.28673 
         600000        0.650015 
         800000        0.205418 
         1.0e+6       0.0839692 
         1.2e+6       0.0404016 
         1.4e+6       0.0217542 
         1.6e+6       0.0127204 
