# Kurucz ODFNEW /NOVER (2003)
# teff = 7250 K (value for the effective temperature for the model. Temperatures are given in K)
# logg = 1.5 log(cm/s2) (value for Log(G) for the model.)
# meta = 0.5  (value for the Metallicity for the model.)
# lh = 1.25  (l/Hp where l is the  mixing length of the convective element and Hp is the pressure scale height)
# vtur = 2 km/s (Microturbulence velocity)
# alpha = 0  (Alpha)
#
# column 1: WAVELENGTH (ANGSTROM), Wavelength in Angstrom
# column 2: FLUX (ERG/CM2/S/A), Flux in erg/cm2/s/A
          256.8     3.80704e-44 
            260     1.76879e-43 
            264     1.14312e-42 
          268.5     8.69758e-42 
          273.5     7.64365e-41 
          278.5     6.20643e-40 
            284     5.68438e-39 
            290     5.76338e-38 
            296     5.29346e-37 
            301     3.13609e-36 
            308     3.42366e-35 
            318     8.60423e-34 
            328     1.76256e-32 
            338      2.9945e-31 
            348     4.29507e-30 
            357     4.12617e-29 
            366     3.53455e-28 
            375     2.71486e-27 
            385     2.32656e-26 
            395     1.77725e-25 
            405     1.22177e-24 
            414      6.3718e-24 
            422     2.59736e-23 
            430     1.00189e-22 
            441     5.89305e-22 
            451     2.72414e-21 
            460     1.01729e-20 
            470     4.13089e-20 
            480     1.57633e-19 
            490     5.67699e-19 
            500     1.93413e-18 
            506     5.21152e-18 
            512     1.17359e-17 
            520     2.87047e-17 
            530     8.48466e-17 
            540     2.35947e-16 
            550     6.40652e-16 
            560     1.66357e-15 
            570     4.16223e-15 
            580     9.94212e-15 
            590     2.35258e-14 
            600     5.33397e-14 
            610     1.17798e-13 
            620     2.52381e-13 
            630     5.26804e-13 
            640      1.0716e-12 
            650     2.13269e-12 
            658     3.63509e-12 
            665     5.70991e-12 
            675     1.07572e-11 
            685     1.98511e-11 
            695     3.59294e-11 
            705     6.32214e-11 
            716     1.17386e-10 
            726     2.00917e-10 
            735     3.21272e-10 
            745     5.32651e-10 
            755     8.71066e-10 
            765      1.40547e-9 
            775      2.23595e-9 
            785      3.51802e-9 
            795      5.37808e-9 
            805      8.27087e-9 
            815      1.26122e-8 
            825      1.88812e-8 
            835       2.7956e-8 
            845      4.09682e-8 
            855      5.94346e-8 
            865       8.5363e-8 
            875      1.20573e-7 
            885       1.7112e-7 
            895      2.39223e-7 
            905      3.28485e-7 
            915     0.000170833 
            925     0.000563713 
            935     0.000784594 
            945      0.00108915 
            955      0.00157697 
            965       0.0021697 
            975      0.00294314 
            985      0.00395319 
            995      0.00525163 
           1005       0.0072334 
           1015      0.00959829 
           1025       0.0123723 
           1035       0.0162969 
           1045       0.0215614 
           1055       0.0279711 
           1065        0.035832 
           1075       0.0461708 
           1085       0.0590683 
           1095       0.0745305 
           1105        0.223312 
           1115          0.8232 
           1125         1.26004 
           1135         1.82302 
           1145         2.39846 
           1155         2.73745 
           1165         3.93877 
           1175         4.84287 
           1185         5.24386 
           1195         2.87212 
           1205         3.61597 
           1215          1.0861 
           1225         4.59544 
           1235         10.0418 
           1245         26.4411 
           1255         79.5329 
           1265         66.8671 
           1275         140.998 
           1285         233.148 
           1295         302.727 
           1305         178.704 
           1315          406.44 
           1325         520.882 
           1335         556.483 
           1345         797.264 
           1355         814.964 
           1365         904.324 
           1375         987.801 
           1385         1109.02 
           1395         1329.47 
           1405         1540.39 
           1415         1545.34 
           1425         1835.89 
           1435         1869.35 
           1442         2270.85 
           1447         2499.34 
           1455         2996.54 
           1465         3061.44 
           1475         3478.08 
           1485         4012.91 
           1495         4895.57 
           1505         5553.08 
           1512         5463.55 
           1517         4785.39 
           1525         5194.39 
           1535         9165.51 
           1545         17093.9 
           1555         15969.5 
           1565         13523.3 
           1575           23040 
           1585         27181.5 
           1595         37853.2 
           1605         32890.4 
           1615         29943.6 
           1625         27031.1 
           1635         31604.3 
           1645         39217.9 
           1655           20418 
           1665         35596.1 
           1672         16649.4 
           1677         63962.8 
           1685          104604 
           1695          186580 
           1705          194571 
           1715          442012 
           1725          660069 
           1735      1.00723e+6 
           1745          631663 
           1755      1.11624e+6 
           1765          784351 
           1775      1.24344e+6 
           1785          854652 
           1795      1.80366e+6 
           1805        1.124e+6 
           1815      1.49812e+6 
           1825      1.16244e+6 
           1835       1.0288e+6 
           1845      1.05327e+6 
           1855      1.44691e+6 
           1865      1.79146e+6 
           1875      1.53665e+6 
           1885      1.67678e+6 
           1895      2.05694e+6 
           1905      1.76207e+6 
           1915      1.72862e+6 
           1925       1.3867e+6 
           1935          626909 
           1945      2.11517e+6 
           1955      2.27042e+6 
           1967      2.76684e+6 
           1976      2.44356e+6 
           1984       2.6868e+6 
           1995      2.67382e+6 
           2005      2.39962e+6 
           2015       1.9792e+6 
           2025      1.87087e+6 
           2035      2.55864e+6 
           2045      3.01283e+6 
           2055      2.26126e+6 
           2065      2.06881e+6 
           2074      3.10275e+6 
           2078      4.06272e+6 
           2085      3.82932e+6 
           2095      3.59826e+6 
           2105      3.51952e+6 
           2115       3.6417e+6 
           2125      3.56304e+6 
           2135      2.54011e+6 
           2145      3.50239e+6 
           2155      3.84264e+6 
           2165      2.83534e+6 
           2175      3.15503e+6 
           2185      3.43294e+6 
           2195      4.14416e+6 
           2205      3.59232e+6 
           2215      2.39196e+6 
           2225      2.32036e+6 
           2235      3.78741e+6 
           2245      3.31789e+6 
           2255      2.16072e+6 
           2265      2.03146e+6 
           2275      2.98625e+6 
           2285      3.24272e+6 
           2295      3.02147e+6 
           2305      3.22158e+6 
           2315      2.72796e+6 
           2325      2.46613e+6 
           2335      1.09566e+6 
           2345          716118 
           2355      1.60052e+6 
           2365          706078 
           2375      1.07944e+6 
           2385          525162 
           2395          741239 
           2405          703173 
           2415      1.24254e+6 
           2425      2.88135e+6 
           2435      2.77355e+6 
           2445      3.24195e+6 
           2455      3.32254e+6 
           2465      2.87125e+6 
           2475      2.67195e+6 
           2485      2.65818e+6 
           2495      2.61682e+6 
           2505      3.94379e+6 
           2513      2.55662e+6 
           2518      2.90786e+6 
           2525      2.02616e+6 
           2535      2.05969e+6 
           2545      2.20936e+6 
           2555      3.16548e+6 
           2565      2.12396e+6 
           2575      2.64532e+6 
           2585      2.06405e+6 
           2595      1.64879e+6 
           2605      1.28801e+6 
           2615      1.21306e+6 
           2625      1.72011e+6 
           2635      3.06105e+6 
           2645      5.57392e+6 
           2655      6.17334e+6 
           2665      4.16909e+6 
           2675      4.88084e+6 
           2685      4.85333e+6 
           2695      4.46591e+6 
           2705      5.07643e+6 
           2715      3.73329e+6 
           2725      3.73212e+6 
           2735      3.84686e+6 
           2745      1.62216e+6 
           2755      2.15003e+6 
           2765      2.87257e+6 
           2775      3.55354e+6 
           2785      2.24661e+6 
           2795          755675 
           2805          977348 
           2815       3.0476e+6 
           2825      4.98821e+6 
           2835      5.08292e+6 
           2845      5.16128e+6 
           2855      4.16851e+6 
           2865      5.66088e+6 
           2875      5.70817e+6 
           2885       6.0018e+6 
           2895      5.67947e+6 
           2910      7.42595e+6 
           2930      6.69608e+6 
           2950      6.49563e+6 
           2970      7.63034e+6 
           2990      7.64449e+6 
           3010      8.42226e+6 
           3030      8.31637e+6 
           3050      8.35548e+6 
           3070      8.31012e+6 
           3090      9.09341e+6 
           3110      8.65511e+6 
           3130      8.46987e+6 
           3150      9.10643e+6 
           3170      8.87979e+6 
           3190      7.96433e+6 
           3210      8.83426e+6 
           3230      7.80584e+6 
           3250      8.95519e+6 
           3270       9.5552e+6 
           3290      9.48497e+6 
           3310      9.95697e+6 
           3330      9.62369e+6 
           3350      9.45978e+6 
           3370      9.08378e+6 
           3390      9.61058e+6 
           3410      9.99484e+6 
           3430      1.01646e+7 
           3450      1.02278e+7 
           3470      9.98634e+6 
           3490      9.88118e+6 
           3510      1.04441e+7 
           3530      1.04467e+7 
           3550      1.12599e+7 
           3570      1.02387e+7 
           3590      1.03693e+7 
           3610      1.04695e+7 
           3630      1.07405e+7 
           3640      1.05001e+7 
           3650       1.1263e+7 
           3670      1.10637e+7 
           3690      1.17506e+7 
           3710      1.47581e+7 
           3730      1.82604e+7 
           3750      2.59774e+7 
           3770       2.8343e+7 
           3790      3.54696e+7 
           3810      4.09557e+7 
           3830      3.20437e+7 
           3850      4.17687e+7 
           3870      4.63941e+7 
           3890      3.04877e+7 
           3910      4.06544e+7 
           3930      1.86888e+7 
           3950      3.32942e+7 
           3970      1.75879e+7 
           3990      4.17097e+7 
           4010      4.52119e+7 
           4030      4.42679e+7 
           4050      4.35194e+7 
           4070      4.27857e+7 
           4090      4.17557e+7 
           4110      3.38412e+7 
           4130       4.3049e+7 
           4150      4.50588e+7 
           4170      4.33255e+7 
           4190      4.34558e+7 
           4210      4.28803e+7 
           4230      4.15093e+7 
           4250       4.2421e+7 
           4270      4.04109e+7 
           4290      4.12672e+7 
           4310      3.82568e+7 
           4330       3.5931e+7 
           4350       3.0875e+7 
           4370      4.10721e+7 
           4390      3.99853e+7 
           4410      3.88079e+7 
           4430      3.82548e+7 
           4450      3.88781e+7 
           4470      3.92286e+7 
           4490      3.89323e+7 
           4510      4.07955e+7 
           4530      3.78255e+7 
           4550      3.75428e+7 
           4570      3.95834e+7 
           4590      3.69164e+7 
           4610      3.87098e+7 
           4630      3.71846e+7 
           4650      3.79909e+7 
           4670       3.7915e+7 
           4690      3.62358e+7 
           4710      3.49404e+7 
           4730      3.64978e+7 
           4750      3.68907e+7 
           4770      3.58965e+7 
           4790      3.58995e+7 
           4810      3.52156e+7 
           4830      3.49795e+7 
           4850      2.97908e+7 
           4870      2.39696e+7 
           4890      3.30645e+7 
           4910      3.32645e+7 
           4930      3.20946e+7 
           4950       3.3278e+7 
           4970      3.35628e+7 
           4990      3.11504e+7 
           5010      2.92992e+7 
           5030      3.06361e+7 
           5050      3.04338e+7 
           5070      3.13109e+7 
           5090      3.06451e+7 
           5110      3.06539e+7 
           5130      2.94104e+7 
           5150      2.86824e+7 
           5170        2.832e+7 
           5190      2.79553e+7 
           5210      2.80117e+7 
           5230       2.7948e+7 
           5250      2.82535e+7 
           5270      2.58257e+7 
           5290      2.77067e+7 
           5310      2.69105e+7 
           5330      2.60459e+7 
           5350      2.71493e+7 
           5370      2.72035e+7 
           5390      2.65287e+7 
           5410      2.58695e+7 
           5430       2.6014e+7 
           5450      2.65895e+7 
           5470      2.59799e+7 
           5490      2.57535e+7 
           5510      2.53882e+7 
           5530      2.54537e+7 
           5550      2.53232e+7 
           5570       2.5019e+7 
           5590      2.47463e+7 
           5610      2.49197e+7 
           5630      2.47727e+7 
           5650      2.43274e+7 
           5670      2.37365e+7 
           5690      2.40261e+7 
           5710      2.37911e+7 
           5730      2.42908e+7 
           5750       2.3672e+7 
           5770       2.3636e+7 
           5790      2.31404e+7 
           5810      2.31075e+7 
           5830      2.30412e+7 
           5850      2.28157e+7 
           5870      2.27108e+7 
           5890      2.19346e+7 
           5910      2.22469e+7 
           5930      2.20264e+7 
           5950      2.18275e+7 
           5970      2.17745e+7 
           5990      2.13479e+7 
           6010      2.08838e+7 
           6030      2.10657e+7 
           6050      2.08402e+7 
           6070      2.09147e+7 
           6090      2.05002e+7 
           6110      2.01079e+7 
           6130      1.96992e+7 
           6150      1.92605e+7 
           6170      1.92794e+7 
           6190       1.9737e+7 
           6210      1.96326e+7 
           6230      1.91292e+7 
           6250      1.82614e+7 
           6270      1.91973e+7 
           6290      1.90611e+7 
           6310      1.83993e+7 
           6330      1.84957e+7 
           6350      1.82308e+7 
           6370      1.81332e+7 
           6390      1.81288e+7 
           6410      1.77371e+7 
           6430      1.78019e+7 
           6450      1.72959e+7 
           6470      1.75878e+7 
           6490      1.69868e+7 
           6510      1.71475e+7 
           6530      1.70567e+7 
           6550      1.55873e+7 
           6570      1.23514e+7 
           6590      1.63173e+7 
           6610      1.65153e+7 
           6630      1.65889e+7 
           6650      1.64458e+7 
           6670      1.62043e+7 
           6690       1.6211e+7 
           6710       1.6066e+7 
           6730      1.59624e+7 
           6750       1.5667e+7 
           6770      1.58063e+7 
           6790      1.55843e+7 
           6810       1.5531e+7 
           6830      1.53094e+7 
           6850      1.51752e+7 
           6870      1.51867e+7 
           6890       1.5086e+7 
           6910      1.49427e+7 
           6930      1.47899e+7 
           6950      1.47049e+7 
           6970      1.45617e+7 
           6990      1.45032e+7 
           7010      1.40917e+7 
           7030       1.4209e+7 
           7050      1.41361e+7 
           7070      1.40585e+7 
           7090      1.39606e+7 
           7110      1.34261e+7 
           7130      1.35546e+7 
           7150      1.35231e+7 
           7170      1.34038e+7 
           7190      1.32106e+7 
           7210      1.32106e+7 
           7230      1.30713e+7 
           7250      1.29391e+7 
           7270       1.2992e+7 
           7290      1.27337e+7 
           7310      1.26669e+7 
           7330      1.26448e+7 
           7350      1.25803e+7 
           7370      1.25815e+7 
           7390      1.23376e+7 
           7410      1.21476e+7 
           7430      1.19656e+7 
           7450      1.19957e+7 
           7470      1.18499e+7 
           7490      1.18512e+7 
           7510      1.18115e+7 
           7530      1.17721e+7 
           7550      1.18175e+7 
           7570      1.16257e+7 
           7590      1.16109e+7 
           7610      1.15311e+7 
           7630      1.14643e+7 
           7650      1.12962e+7 
           7670      1.11042e+7 
           7690      1.11179e+7 
           7710      1.10229e+7 
           7730      1.10164e+7 
           7750      1.09106e+7 
           7770      1.06181e+7 
           7790      1.08603e+7 
           7810       1.0748e+7 
           7830      1.05598e+7 
           7850      1.04046e+7 
           7870      1.04442e+7 
           7890       1.0309e+7 
           7910      1.01943e+7 
           7930      1.01448e+7 
           7950      1.00264e+7 
           7970      1.01861e+7 
           7990       9.9446e+6 
           8010      9.98895e+6 
           8030       9.8522e+6 
           8050      9.85621e+6 
           8070      9.75998e+6 
           8090      9.68128e+6 
           8110       9.7006e+6 
           8130      9.66661e+6 
           8150      9.58803e+6 
           8170      9.52591e+6 
           8190      9.21097e+6 
           8210      9.15609e+6 
           8230      9.12388e+6 
           8250      9.10405e+6 
           8270      9.22752e+6 
           8290      9.13536e+6 
           8310      9.01234e+6 
           8330      8.81112e+6 
           8350      8.90837e+6 
           8370      8.75507e+6 
           8390      8.69304e+6 
           8410      8.64908e+6 
           8430      8.73108e+6 
           8450      8.51252e+6 
           8470        8.308e+6 
           8490      8.77065e+6 
           8510      7.77023e+6 
           8530      8.80405e+6 
           8550      6.70772e+6 
           8570      9.24577e+6 
           8590      8.63809e+6 
           8610      8.37288e+6 
           8630       9.4161e+6 
           8650      9.05037e+6 
           8670      6.68019e+6 
           8690      8.95627e+6 
           8710      9.46391e+6 
           8730      9.22979e+6 
           8750      7.49153e+6 
           8770      9.02334e+6 
           8790      9.33728e+6 
           8810      9.25417e+6 
           8830      8.91272e+6 
           8850      8.46652e+6 
           8870      7.24471e+6 
           8890      8.83048e+6 
           8910      8.95175e+6 
           8930      8.83422e+6 
           8950      8.89778e+6 
           8970      8.76544e+6 
           8990      8.60622e+6 
           9010      7.14384e+6 
           9030      7.87085e+6 
           9050      8.55688e+6 
           9070      8.26319e+6 
           9090      8.10924e+6 
           9110      8.28157e+6 
           9130      8.35922e+6 
           9150      8.39831e+6 
           9170      8.27077e+6 
           9190      8.12285e+6 
           9210      7.79493e+6 
           9230      6.32843e+6 
           9250      7.49254e+6 
           9270      7.70093e+6 
           9290      7.97249e+6 
           9310      7.95783e+6 
           9330       7.8597e+6 
           9350      7.86231e+6 
           9370      7.84294e+6 
           9390      7.67968e+6 
           9410      7.30713e+6 
           9430      7.53036e+6 
           9450      7.49008e+6 
           9470      7.53199e+6 
           9490      7.52412e+6 
           9510       7.3967e+6 
           9530      7.09524e+6 
           9550      5.84245e+6 
           9570      7.05044e+6 
           9590       7.2267e+6 
           9610      7.10895e+6 
           9630      6.93239e+6 
           9650      7.04973e+6 
           9670      6.89208e+6 
           9690      6.83517e+6 
           9710      7.02002e+6 
           9730      6.94423e+6 
           9750      6.77746e+6 
           9770      6.88275e+6 
           9790      6.82321e+6 
           9810      6.77624e+6 
           9830      6.71555e+6 
           9850       6.5959e+6 
           9870      6.57886e+6 
           9890      6.50028e+6 
           9910      6.47407e+6 
           9930      6.51068e+6 
           9950      6.43392e+6 
           9970      6.44338e+6 
           9990      6.39647e+6 
          10025      6.05687e+6 
          10075      5.75232e+6 
          10125      6.02087e+6 
          10175      6.00114e+6 
          10225      5.95737e+6 
          10275      5.89775e+6 
          10325        5.751e+6 
          10375      5.68346e+6 
          10425      5.60411e+6 
          10475      5.39246e+6 
          10525      5.35971e+6 
          10575      5.32195e+6 
          10625      5.26164e+6 
          10675      5.06502e+6 
          10725      5.06081e+6 
          10775      4.99026e+6 
          10825      4.91726e+6 
          10875       4.8524e+6 
          10925      4.35199e+6 
          10975      4.61644e+6 
          11025      4.70855e+6 
          11075      4.65722e+6 
          11125      4.56006e+6 
          11175      4.50094e+6 
          11225      4.45705e+6 
          11275      4.26469e+6 
          11325      4.22271e+6 
          11375      4.22789e+6 
          11425      4.11679e+6 
          11475       4.1591e+6 
          11525       4.1072e+6 
          11575      4.02793e+6 
          11625      3.89886e+6 
          11675      3.82352e+6 
          11725      3.88141e+6 
          11775      3.73386e+6 
          11825       3.7142e+6 
          11875       3.6349e+6 
          11925      3.69509e+6 
          11975      3.57313e+6 
          12025      3.56354e+6 
          12075      3.49818e+6 
          12125      3.45965e+6 
          12175      3.43104e+6 
          12225      3.37127e+6 
          12275      3.33086e+6 
          12325      3.28876e+6 
          12375      3.25313e+6 
          12425       3.2253e+6 
          12475      3.16778e+6 
          12525      3.11829e+6 
          12575      3.05613e+6 
          12625      3.04238e+6 
          12675      3.01467e+6 
          12725       2.9887e+6 
          12775      2.92657e+6 
          12825      2.60856e+6 
          12875      2.85219e+6 
          12925      2.82227e+6 
          12975      2.79587e+6 
          13025      2.76423e+6 
          13075      2.73762e+6 
          13125       2.6923e+6 
          13175      2.64239e+6 
          13225      2.63236e+6 
          13275      2.59439e+6 
          13325      2.56881e+6 
          13375      2.53616e+6 
          13425      2.50225e+6 
          13475      2.47397e+6 
          13525      2.43326e+6 
          13575      2.39472e+6 
          13625      2.38124e+6 
          13675      2.34331e+6 
          13725      2.28647e+6 
          13775        2.284e+6 
          13825      2.26199e+6 
          13875      2.25041e+6 
          13925      2.20164e+6 
          13975      2.18437e+6 
          14025      2.16059e+6 
          14075      2.14355e+6 
          14125      2.10725e+6 
          14175      2.08735e+6 
          14225      2.05706e+6 
          14275      2.02826e+6 
          14325      2.01302e+6 
          14375      1.99923e+6 
          14425      1.91243e+6 
          14475      1.94329e+6 
          14525      1.88726e+6 
          14570      1.89993e+6 
          14620      1.86933e+6 
          14675      1.85832e+6 
          14725       1.8247e+6 
          14775       1.7958e+6 
          14825      1.78457e+6 
          14875      1.75522e+6 
          14925      1.76158e+6 
          14975       1.7285e+6 
          15025      1.69949e+6 
          15075      1.67282e+6 
          15125      1.66886e+6 
          15175      1.65395e+6 
          15225      1.64863e+6 
          15275        1.605e+6 
          15325      1.58798e+6 
          15375      1.60339e+6 
          15425      1.52599e+6 
          15475      1.57171e+6 
          15525      1.56709e+6 
          15575      1.47127e+6 
          15625      1.55728e+6 
          15675      1.50406e+6 
          15725      1.42911e+6 
          15775      1.49609e+6 
          15825       1.4972e+6 
          15875       1.3426e+6 
          15925      1.45864e+6 
          15975      1.46562e+6 
          16050      1.42849e+6 
          16150      1.34455e+6 
          16250      1.39373e+6 
          16350      1.34058e+6 
          16450       1.2567e+6 
          16550      1.30199e+6 
          16650      1.27746e+6 
          16750      1.23211e+6 
          16850       1.1568e+6 
          16950      1.19933e+6 
          17050      1.16365e+6 
          17150      1.14947e+6 
          17250      1.11256e+6 
          17350      1.02469e+6 
          17450       1.0589e+6 
          17550      1.04697e+6 
          17650      1.02475e+6 
          17750      1.00756e+6 
          17850          985505 
          17950          974695 
          18050          945042 
          18150          882132 
          18250          904151 
          18350          897512 
          18450          879298 
          18550          857954 
          18650          843406 
          18750          776921 
          18850          808491 
          18950          787308 
          19050          785822 
          19150          769675 
          19250          754694 
          19350          737939 
          19450          683695 
          19550          712469 
          19650          700426 
          19750          684707 
          19850          674728 
          19950          662661 
          20050          651728 
          20150          640933 
          20250          627471 
          20350          614770 
          20450          607250 
          20550          595716 
          20650          583264 
          20750          573219 
          20850          563826 
          20950          553581 
          21050          544252 
          21150          532498 
          21250          524228 
          21350          514758 
          21450          508496 
          21550          499642 
          21650          463515 
          21750          480358 
          21850          474235 
          21950          467915 
          22050          457350 
          22150          449728 
          22250          444728 
          22350          437265 
          22450          430254 
          22550          420075 
          22650          415111 
          22750          409104 
          22850          402378 
          22950          394974 
          23050          390335 
          23150          383673 
          23250          378449 
          23350          372112 
          23450          366506 
          23550          360805 
          23650          355255 
          23750          349184 
          23850          343653 
          23950          338372 
          24050          332340 
          24150          326951 
          24250          324260 
          24350          316367 
          24450          311604 
          24550          309083 
          24650          303164 
          24750          298604 
          24850          296523 
          24950          284062 
          25050          289345 
          25150          284875 
          25250          271484 
          25350          276798 
          25450          273260 
          25550          268153 
          25650          253521 
          25750          261163 
          25850          257106 
          25950          255184 
          26050          250014 
          26150          235848 
          26250          230003 
          26350          239872 
          26450          237771 
          26550          234273 
          26650          229457 
          26750          215952 
          26850          224264 
          26950          222250 
          27050          218746 
          27150          216187 
          27250          213178 
          27350          210166 
          27450          207418 
          27550          194673 
          27650          198663 
          27750          198941 
          27850          196398 
          27950          193968 
          28050          191280 
          28150          188640 
          28250          186122 
          28350          183841 
          28450          180889 
          28550          178936 
          28650          175398 
          28750          165083 
          28850          171486 
          28950          169386 
          29050          167597 
          29150          164862 
          29250          162948 
          29350          161166 
          29450          159018 
          29550          157102 
          29650          155136 
          29750          153107 
          29850          151229 
          29950          149100 
          30050          147229 
          30150          145329 
          30250          143613 
          30350          136128 
          30450          137767 
          30550          138267 
          30650          136588 
          30750          134972 
          30850          132852 
          30950          131507 
          31050          129884 
          31150          127739 
          31250          126691 
          31350          125068 
          31450          123683 
          31550          122374 
          31650          121064 
          31750          119335 
          31850          118219 
          31950          116746 
          32100          114659 
          32300          112103 
          32500          109458 
          32700          106865 
          32900          101031 
          33100          101034 
          33300         99124.7 
          33500         97071.8 
          33700         94642.6 
          33900         92552.3 
          34100         90523.8 
          34300         88741.1 
          34500         87056.9 
          34700         85058.1 
          34900         83297.3 
          35100         81519.1 
          35300         79739.3 
          35500         77997.4 
          35700           76186 
          35900         74892.2 
          36100         72940.2 
          36300         71909.9 
          36500         69817.6 
          36700         68899.3 
          36900         66569.1 
          37100         65957.3 
          37300           63925 
          37500         61267.9 
          37700         62103.9 
          37900         60949.3 
          38100         59067.9 
          38300         58290.9 
          38500           57547 
          38700         56282.1 
          38900         55122.3 
          39100         53056.7 
          39300         53259.6 
          39500         52212.1 
          39700         51269.1 
          39900         50053.6 
          40100         48742.6 
          40300         47485.2 
          40500         46183.7 
          40700         46551.9 
          40900         45613.5 
          41100         44934.3 
          41300         44093.7 
          41500         43192.9 
          41700         41310.7 
          41900         41595.4 
          42100         40801.5 
          42300         40235.5 
          42500         39484.4 
          42700         38803.4 
          42900         38112.8 
          43100         37425.3 
          43300         36732.8 
          43500         36099.1 
          43700         34562.2 
          43900         34732.7 
          44100         34180.2 
          44300         33628.4 
          44500         33041.5 
          44700         32548.5 
          44900         31932.1 
          45100         31414.3 
          45300         30867.7 
          45500         30356.7 
          45700         29810.2 
          45900         29313.2 
          46100         28859.1 
          46300         28364.2 
          46500         27117.2 
          46700         26667.8 
          46900         26946.1 
          47100         26546.2 
          47300         26135.3 
          47500         25675.2 
          47700         25268.3 
          47900           24887 
          48100         24483.4 
          48300         24101.8 
          48500         23706.4 
          48700         23348.5 
          48900         22962.6 
          49100         22600.9 
          49300         22233.4 
          49500           21925 
          49700         21529.2 
          49900         21249.6 
          50100         20922.7 
          50300         20528.8 
          50500         20298.6 
          50700         19996.6 
          50900           19578 
          51100         19357.2 
          51300         18588.2 
          51500         18800.6 
          51700         18397.5 
          51900         18279.8 
          52100           18012 
          52300         17747.8 
          52500         17450.2 
          52700         17057.5 
          52900         16989.4 
          53100         16744.1 
          53300           16498 
          53500         16257.7 
          53700         15870.3 
          53900           15675 
          54100         15569.6 
          54300         15336.3 
          54500           15125 
          54700         14896.2 
          54900         14702.9 
          55100         14469.8 
          55300         14041.3 
          55500         14089.5 
          55700         13888.9 
          55900         13669.2 
          56100         13510.8 
          56300         13328.3 
          56500         13150.3 
          56700         12966.3 
          56900         12785.7 
          57100           12345 
          57300         12436.8 
          57500         12282.1 
          57700         12115.6 
          57900         11944.4 
          58100         11794.2 
          58300         11632.5 
          58500         11479.4 
          58700         11323.7 
          58900         11149.2 
          59100         10733.1 
          59300         10867.5 
          59500         10471.5 
          59700         10555.1 
          59900         10462.8 
          60100         10329.2 
          60300         10202.3 
          60500         10071.3 
          60700         9943.97 
          60900         9818.52 
          61100         9683.71 
          61300         9580.32 
          61500         9458.95 
          61700         9338.65 
          61900         9216.65 
          62100         9108.34 
          62300         8979.29 
          62500         8872.35 
          62700          8745.4 
          62900         8424.02 
          63100          8518.5 
          63300         8441.43 
          63500         8334.81 
          63700         8246.44 
          63900         8136.22 
          64200         7997.65 
          64600         7799.16 
          65000         7607.71 
          65400         7438.56 
          65800         7254.78 
          66200          7083.9 
          66600         6924.66 
          67000         6764.85 
          67400         6595.48 
          67800         6362.74 
          68200         6296.91 
          68600          6167.5 
          69000         6023.48 
          69400         5871.33 
          69800         5759.07 
          70200         5632.17 
          70600         5507.23 
          71000         5371.07 
          71400         5271.67 
          71800         5156.97 
          72200         5038.12 
          72600            4911 
          73000         4832.87 
          73400          4730.2 
          73800          4632.3 
          74200         4527.69 
          74600         4365.06 
          75000         4214.95 
          75400         4249.07 
          75800         4168.94 
          76200         4085.25 
          76600         4002.06 
          77000         3921.57 
          77400         3843.03 
          77800         3728.68 
          78200          3691.5 
          78600         3618.96 
          79000         3547.93 
          79400         3477.62 
          79800         3409.12 
          80200          3341.7 
          80600         3277.18 
          81000         3215.49 
          81400         3119.21 
          81800         3086.64 
          82200         3034.76 
          82600         2977.39 
          83000         2920.82 
          83400         2863.18 
          83800          2808.5 
          84200          2758.5 
          84600         2709.42 
          85000          2660.1 
          85400         2610.76 
          85800         2562.11 
          86200         2515.93 
          86600         2436.73 
          87000         2426.07 
          87400         2364.16 
          87800         2323.12 
          88200         2298.56 
          88600         2255.49 
          89000         2218.71 
          89400         2180.52 
          89800         2141.28 
          90200         2104.46 
          90600         2065.86 
          91000         2032.14 
          91400         1997.97 
          91800         1964.37 
          92200         1931.01 
          92600         1892.53 
          93000         1866.57 
          93400         1835.03 
          93800         1778.14 
          94200         1771.52 
          94600         1744.74 
          95000         1713.04 
          95400         1682.57 
          95800          1660.5 
          96200          1632.8 
          96600         1606.91 
          97000         1580.87 
          97400         1554.57 
          97800         1530.06 
          98200         1504.26 
          98600         1474.41 
          99000         1458.52 
          99400         1435.18 
          99800          1412.2 
         100200         1390.07 
         200000         89.2029 
         400000         5.54687 
         600000         1.08561 
         800000        0.340681 
         1.0e+6        0.138554 
         1.2e+6        0.066409 
         1.4e+6       0.0356528 
         1.6e+6       0.0208011 
