# Kurucz ODFNEW /NOVER (2003)
# teff = 20000 K (value for the effective temperature for the model. Temperatures are given in K)
# logg = 5 log(cm/s2) (value for Log(G) for the model.)
# meta = 0  (value for the Metallicity for the model.)
# lh = 1.25  (l/Hp where l is the  mixing length of the convective element and Hp is the pressure scale height)
# vtur = 2 km/s (Microturbulence velocity)
# alpha = 0.4  (Alpha)
#
# column 1: WAVELENGTH (ANGSTROM), Wavelength in Angstrom
# column 2: FLUX (ERG/CM2/S/A), Flux in erg/cm2/s/A
          147.2     3.99874e-19 
            151     2.34339e-18 
          155.2       1.496e-17 
          158.8     6.76449e-17 
            162     2.44636e-16 
            166      1.1383e-15 
          170.3     5.46894e-15 
          173.4     1.62143e-14 
          176.8     5.09758e-14 
          180.2     1.53478e-13 
          181.7     2.46179e-13 
          186.1     9.43966e-13 
            191     3.92013e-12 
          193.9     8.77334e-12 
          198.4     2.92473e-11 
          201.8     7.02815e-11 
            205     1.56465e-10 
          210.5     5.82163e-10 
          216.2      2.11913e-9 
          219.8      4.63145e-9 
            223      9.06654e-9 
          226.8      1.96742e-8 
            230      6.64646e-8 
            234      1.63362e-7 
            240       4.9744e-7 
          246.5      1.54419e-6 
          252.4      4.11426e-6 
          256.8      8.16513e-6 
            260      1.36035e-5 
            264      2.48045e-5 
          268.5      4.76131e-5 
          273.5       9.5635e-5 
          278.5     0.000188223 
            284     0.000386944 
            290     0.000816576 
            296      0.00166745 
            301      0.00296366 
            308      0.00637863 
            318       0.0183317 
            328       0.0481942 
            338        0.121932 
            348        0.289167 
            357         0.62234 
            366         1.26136 
            375         2.42221 
            385         4.86311 
            395          9.3595 
            405         17.4542 
            414         29.8885 
            422         46.7897 
            430         72.1572 
            441         128.333 
            451         211.182 
            460         322.339 
            470         507.041 
            480         780.078 
            490         1179.69 
            500         1752.39 
            506         17032.8 
            512           70164 
            520         89119.4 
            530          124621 
            540          147178 
            550          214418 
            560          266894 
            570          346338 
            580          379518 
            590          524001 
            600          651658 
            610          816311 
            620          959954 
            630       1.1468e+6 
            640      1.28756e+6 
            650       1.4239e+6 
            658       1.7773e+6 
            665      1.96575e+6 
            675      2.24206e+6 
            685      2.57057e+6 
            695      3.08161e+6 
            705      3.46854e+6 
            716      4.02651e+6 
            726      4.50623e+6 
            735      5.02111e+6 
            745      5.75556e+6 
            755      6.49182e+6 
            765      7.26261e+6 
            775      8.15084e+6 
            785      9.08528e+6 
            795      9.89352e+6 
            805      1.09055e+7 
            815      1.19106e+7 
            825      1.32183e+7 
            835      1.39069e+7 
            845      1.54016e+7 
            855      1.67647e+7 
            865      1.83273e+7 
            875      1.99592e+7 
            885      2.19157e+7 
            895      2.36401e+7 
            905      2.45547e+7 
            915      3.60663e+7 
            925      1.20813e+8 
            935      2.69982e+8 
            945      1.02739e+9 
            955      2.90788e+9 
            965      4.39304e+9 
            975      8.40783e+8 
            985       7.5441e+9 
            995      7.38942e+9 
           1005      8.90253e+9 
           1015      6.48967e+9 
           1025      7.41034e+8 
           1035      4.08899e+9 
           1045     1.08383e+10 
           1055     1.09415e+10 
           1065      8.47706e+9 
           1075     1.05753e+10 
           1085        9.571e+9 
           1095     1.07245e+10 
           1105      8.89446e+9 
           1115      8.12837e+9 
           1125      7.95891e+9 
           1135     1.00316e+10 
           1145      8.13961e+9 
           1155      9.08596e+9 
           1165      9.50633e+9 
           1175      7.24876e+9 
           1185      9.29439e+9 
           1195      5.23006e+9 
           1205       2.6835e+9 
           1215      8.00862e+8 
           1225      2.79969e+9 
           1235      7.50087e+9 
           1245      8.46485e+9 
           1255      8.27141e+9 
           1265      7.38192e+9 
           1275      8.16296e+9 
           1285      8.69599e+9 
           1295      5.20607e+9 
           1305      4.29394e+9 
           1315      7.96127e+9 
           1325      7.60358e+9 
           1335      6.89188e+9 
           1345       7.4743e+9 
           1355      7.30714e+9 
           1365      6.48895e+9 
           1375      6.59318e+9 
           1385      6.73575e+9 
           1395      5.71243e+9 
           1405      5.99611e+9 
           1415      6.05277e+9 
           1425      6.23824e+9 
           1435      6.14739e+9 
           1442      6.53246e+9 
           1447      6.44583e+9 
           1455      6.28029e+9 
           1465      5.91277e+9 
           1475      5.73486e+9 
           1485      5.52002e+9 
           1495      5.64751e+9 
           1505      5.11299e+9 
           1512       4.7665e+9 
           1517      5.04911e+9 
           1525      5.07274e+9 
           1535      4.57021e+9 
           1545      4.75066e+9 
           1555      4.45807e+9 
           1565      4.46619e+9 
           1575      4.74332e+9 
           1585      4.71544e+9 
           1595      4.78178e+9 
           1605      4.65087e+9 
           1615      4.63404e+9 
           1625       4.4502e+9 
           1635      4.59661e+9 
           1645      4.55997e+9 
           1655      4.26062e+9 
           1665       4.5496e+9 
           1672      4.37009e+9 
           1677      4.45566e+9 
           1685      4.50049e+9 
           1695      4.28521e+9 
           1705       4.0604e+9 
           1715      3.83246e+9 
           1725      3.78803e+9 
           1735      3.92645e+9 
           1745      3.79881e+9 
           1755      3.89129e+9 
           1765      3.61078e+9 
           1775      3.64733e+9 
           1785      3.62905e+9 
           1795      3.77077e+9 
           1805      3.73223e+9 
           1815      3.45666e+9 
           1825      3.55258e+9 
           1835      3.38519e+9 
           1845      3.14164e+9 
           1855      3.06921e+9 
           1865      3.09606e+9 
           1875      3.29213e+9 
           1885      3.01884e+9 
           1895      2.85142e+9 
           1905      3.03125e+9 
           1915      2.87887e+9 
           1925      2.80248e+9 
           1935      2.88225e+9 
           1945       2.8975e+9 
           1955      2.71506e+9 
           1967      2.89585e+9 
           1976       2.9913e+9 
           1984      2.78509e+9 
           1995      2.71262e+9 
           2005      2.76979e+9 
           2015      2.62768e+9 
           2025      2.81108e+9 
           2035      2.62314e+9 
           2045      2.63628e+9 
           2055       2.5155e+9 
           2065      2.57786e+9 
           2074      2.61422e+9 
           2078      2.50226e+9 
           2085      2.56158e+9 
           2095      2.42954e+9 
           2105       2.4747e+9 
           2115        2.457e+9 
           2125      2.49074e+9 
           2135      2.40201e+9 
           2145      2.35141e+9 
           2155      2.40265e+9 
           2165      2.34876e+9 
           2175      2.31686e+9 
           2185      2.26603e+9 
           2195      2.28523e+9 
           2205      2.23015e+9 
           2215      2.18395e+9 
           2225      2.10348e+9 
           2235      2.15084e+9 
           2245      2.11879e+9 
           2255      2.04544e+9 
           2265      2.07897e+9 
           2275       2.0686e+9 
           2285      2.06878e+9 
           2295      1.99043e+9 
           2305      1.96674e+9 
           2315      1.91815e+9 
           2325      1.89737e+9 
           2335      1.81599e+9 
           2345      1.78608e+9 
           2355      1.79757e+9 
           2365      1.74192e+9 
           2375      1.75467e+9 
           2385      1.70336e+9 
           2395      1.74539e+9 
           2405      1.68231e+9 
           2415      1.68372e+9 
           2425      1.69421e+9 
           2435      1.62968e+9 
           2445       1.6499e+9 
           2455      1.63511e+9 
           2465      1.60687e+9 
           2475      1.57866e+9 
           2485      1.60167e+9 
           2495      1.54298e+9 
           2505      1.57091e+9 
           2513      1.50759e+9 
           2518       1.5432e+9 
           2525       1.4917e+9 
           2535      1.47703e+9 
           2545      1.43543e+9 
           2555      1.46929e+9 
           2565      1.44949e+9 
           2575       1.4707e+9 
           2585      1.46633e+9 
           2595       1.4546e+9 
           2605      1.42741e+9 
           2615      1.41619e+9 
           2625      1.40296e+9 
           2635      1.39515e+9 
           2645      1.41165e+9 
           2655      1.39703e+9 
           2665      1.34832e+9 
           2675        1.362e+9 
           2685      1.34953e+9 
           2695      1.32055e+9 
           2705      1.31724e+9 
           2715       1.2939e+9 
           2725      1.27189e+9 
           2735      1.28507e+9 
           2745      1.22838e+9 
           2755      1.22365e+9 
           2765       1.2224e+9 
           2775      1.23547e+9 
           2785      1.22011e+9 
           2795      1.14648e+9 
           2805      1.18065e+9 
           2815       1.1931e+9 
           2825      1.17018e+9 
           2835       1.1303e+9 
           2845      1.13112e+9 
           2855      1.13125e+9 
           2865      1.13658e+9 
           2875      1.11771e+9 
           2885      1.11033e+9 
           2895      1.10214e+9 
           2910      1.08782e+9 
           2930      1.06148e+9 
           2950      1.03636e+9 
           2970       1.0271e+9 
           2990      1.00342e+9 
           3010      9.90546e+8 
           3030      9.76487e+8 
           3050       9.5615e+8 
           3070      9.38456e+8 
           3090      9.19205e+8 
           3110      9.01734e+8 
           3130      8.89017e+8 
           3150       8.7203e+8 
           3170      8.55626e+8 
           3190      8.29678e+8 
           3210      8.23576e+8 
           3230      8.10447e+8 
           3250        7.974e+8 
           3270      7.84576e+8 
           3290      7.70437e+8 
           3310      7.58541e+8 
           3330      7.44633e+8 
           3350      7.30095e+8 
           3370      7.18867e+8 
           3390      7.07066e+8 
           3410      6.95622e+8 
           3430      6.81993e+8 
           3450      6.68855e+8 
           3470      6.58695e+8 
           3490       6.4792e+8 
           3510      6.37805e+8 
           3530      6.28119e+8 
           3550      6.17863e+8 
           3570      6.10428e+8 
           3590      5.96133e+8 
           3610      5.88187e+8 
           3630      5.78007e+8 
           3640      5.76911e+8 
           3650      5.71718e+8 
           3670      5.64917e+8 
           3690      5.56126e+8 
           3710      5.38294e+8 
           3730      5.14422e+8 
           3750      5.19933e+8 
           3770      5.13318e+8 
           3790      5.53288e+8 
           3810      5.89512e+8 
           3830      5.02677e+8 
           3850      6.17534e+8 
           3870      6.49251e+8 
           3890       4.6573e+8 
           3910      6.47863e+8 
           3930       6.4814e+8 
           3950      6.29617e+8 
           3970      4.36465e+8 
           3990      5.96469e+8 
           4010       6.1914e+8 
           4030      5.71465e+8 
           4050      6.11196e+8 
           4070      5.86919e+8 
           4090       5.0424e+8 
           4110      4.26216e+8 
           4130      5.44259e+8 
           4150      5.51953e+8 
           4170      5.51849e+8 
           4190      5.47001e+8 
           4210      5.41158e+8 
           4230      5.31526e+8 
           4250      5.20757e+8 
           4270      5.04278e+8 
           4290      5.01266e+8 
           4310      4.84436e+8 
           4330      4.05184e+8 
           4350      3.64356e+8 
           4370      4.57081e+8 
           4390      4.44109e+8 
           4410      4.56982e+8 
           4430      4.48757e+8 
           4450      4.45493e+8 
           4470      4.09727e+8 
           4490      4.26061e+8 
           4510       4.2731e+8 
           4530      4.18864e+8 
           4550      4.13024e+8 
           4570      4.07378e+8 
           4590      4.01261e+8 
           4610      3.94862e+8 
           4630      3.87715e+8 
           4650       3.8132e+8 
           4670      3.77267e+8 
           4690       3.7296e+8 
           4710      3.57793e+8 
           4730      3.59253e+8 
           4750      3.53629e+8 
           4770       3.5163e+8 
           4790      3.45022e+8 
           4810      3.36525e+8 
           4830      3.26008e+8 
           4850      2.82069e+8 
           4870      2.47336e+8 
           4890      3.09786e+8 
           4910      3.12752e+8 
           4930      3.00052e+8 
           4950      3.07657e+8 
           4970      3.04789e+8 
           4990      3.00051e+8 
           5010      2.88279e+8 
           5030      2.90533e+8 
           5050      2.81072e+8 
           5070      2.83915e+8 
           5090      2.79638e+8 
           5110      2.75116e+8 
           5130      2.71186e+8 
           5150      2.67223e+8 
           5170      2.64764e+8 
           5190       2.6091e+8 
           5210      2.54622e+8 
           5230      2.54331e+8 
           5250      2.51057e+8 
           5270      2.47161e+8 
           5290      2.44771e+8 
           5310      2.41314e+8 
           5330      2.37504e+8 
           5350      2.33876e+8 
           5370      2.32085e+8 
           5390      2.29069e+8 
           5410      2.25589e+8 
           5430      2.22039e+8 
           5450       2.1955e+8 
           5470       2.1621e+8 
           5490      2.14625e+8 
           5510      2.11618e+8 
           5530      2.08907e+8 
           5550      2.06451e+8 
           5570      2.03623e+8 
           5590      2.01361e+8 
           5610      1.98443e+8 
           5630      1.96596e+8 
           5650      1.92079e+8 
           5670          1.9e+8 
           5690       1.8862e+8 
           5710      1.86793e+8 
           5730      1.84665e+8 
           5750      1.82266e+8 
           5770      1.80212e+8 
           5790      1.77981e+8 
           5810      1.75608e+8 
           5830      1.73552e+8 
           5850      1.71486e+8 
           5870      1.63082e+8 
           5890      1.66135e+8 
           5910       1.6525e+8 
           5930      1.63494e+8 
           5950      1.60737e+8 
           5970      1.59577e+8 
           5990      1.57275e+8 
           6010       1.5599e+8 
           6030      1.54086e+8 
           6050      1.52308e+8 
           6070      1.50498e+8 
           6090      1.48597e+8 
           6110      1.47081e+8 
           6130      1.45401e+8 
           6150      1.42823e+8 
           6170      1.41908e+8 
           6190      1.40442e+8 
           6210      1.38797e+8 
           6230      1.37189e+8 
           6250      1.35174e+8 
           6270      1.34007e+8 
           6290      1.32499e+8 
           6310      1.30799e+8 
           6330      1.29579e+8 
           6350      1.27026e+8 
           6370      1.26081e+8 
           6390      1.25164e+8 
           6410      1.23678e+8 
           6430      1.22628e+8 
           6450       1.2108e+8 
           6470      1.19676e+8 
           6490      1.18188e+8 
           6510      1.16388e+8 
           6530      1.13873e+8 
           6550      1.04565e+8 
           6570      9.11781e+7 
           6590      1.08062e+8 
           6610      1.09987e+8 
           6630      1.09453e+8 
           6650      1.08472e+8 
           6670      1.06036e+8 
           6690      1.05083e+8 
           6710       1.0521e+8 
           6730      1.04137e+8 
           6750      1.03091e+8 
           6770       1.0203e+8 
           6790       1.0067e+8 
           6810      9.98279e+7 
           6830      9.86788e+7 
           6850      9.77983e+7 
           6870      9.67827e+7 
           6890      9.57773e+7 
           6910      9.47818e+7 
           6930      9.36472e+7 
           6950      9.28516e+7 
           6970      9.19085e+7 
           6990      9.09361e+7 
           7010      8.99426e+7 
           7030      8.90504e+7 
           7050      8.80911e+7 
           7070      8.58901e+7 
           7090      8.64404e+7 
           7110      8.55077e+7 
           7130      8.46581e+7 
           7150      8.37578e+7 
           7170      8.29834e+7 
           7190      8.21798e+7 
           7210      8.13695e+7 
           7230      7.98821e+7 
           7250      7.96642e+7 
           7270       7.8977e+7 
           7290      7.76369e+7 
           7310      7.74171e+7 
           7330      7.66656e+7 
           7350      7.59282e+7 
           7370      7.51907e+7 
           7390      7.44531e+7 
           7410      7.37361e+7 
           7430      7.28757e+7 
           7450      7.22677e+7 
           7470      7.14829e+7 
           7490      7.08398e+7 
           7510      7.02091e+7 
           7530      6.95443e+7 
           7550      6.88988e+7 
           7570      6.82591e+7 
           7590      6.75794e+7 
           7610       6.6971e+7 
           7630      6.63421e+7 
           7650      6.57124e+7 
           7670      6.50948e+7 
           7690      6.44891e+7 
           7710      6.38824e+7 
           7730      6.32686e+7 
           7750      6.26966e+7 
           7770      6.14794e+7 
           7790      6.15391e+7 
           7810      6.09575e+7 
           7830      6.04142e+7 
           7850      5.96067e+7 
           7870      5.91271e+7 
           7890      5.84277e+7 
           7910      5.82205e+7 
           7930      5.77235e+7 
           7950      5.69375e+7 
           7970      5.66521e+7 
           7990      5.58041e+7 
           8010      5.56603e+7 
           8030      5.51456e+7 
           8050      5.46178e+7 
           8070      5.41606e+7 
           8090      5.36376e+7 
           8110      5.31603e+7 
           8130      5.26819e+7 
           8150      5.22189e+7 
           8170      5.17908e+7 
           8190      5.12602e+7 
           8210      5.06788e+7 
           8230      5.01313e+7 
           8250      4.99743e+7 
           8270      4.94134e+7 
           8290      4.91117e+7 
           8310      4.86825e+7 
           8330      4.82866e+7 
           8350      4.77422e+7 
           8370      4.73804e+7 
           8390      4.70799e+7 
           8410      4.66735e+7 
           8430      4.62344e+7 
           8450      4.53906e+7 
           8470      4.54433e+7 
           8490      4.49362e+7 
           8510      4.45499e+7 
           8530       4.4201e+7 
           8550      4.34847e+7 
           8570      4.36534e+7 
           8590      4.23899e+7 
           8610      4.22501e+7 
           8630      4.27723e+7 
           8650      4.16005e+7 
           8670      3.98446e+7 
           8690      4.15786e+7 
           8710      4.19162e+7 
           8730      4.05197e+7 
           8750      3.72033e+7 
           8770      3.91321e+7 
           8790      4.07549e+7 
           8810      4.08846e+7 
           8830      3.99478e+7 
           8850       3.6969e+7 
           8870      3.44945e+7 
           8890      3.81715e+7 
           8910      3.92669e+7 
           8930      3.92792e+7 
           8950       3.9142e+7 
           8970      3.84601e+7 
           8990      3.66768e+7 
           9010      3.23682e+7 
           9030      3.36267e+7 
           9050      3.64349e+7 
           9070      3.67429e+7 
           9090      3.69357e+7 
           9110      3.68844e+7 
           9130      3.66385e+7 
           9150      3.62926e+7 
           9170      3.57291e+7 
           9190      3.49086e+7 
           9210      3.26431e+7 
           9230      2.86108e+7 
           9250      3.17767e+7 
           9270      3.33008e+7 
           9290      3.40651e+7 
           9310      3.39107e+7 
           9330      3.38096e+7 
           9350      3.36108e+7 
           9370      3.33945e+7 
           9390      3.31259e+7 
           9410      3.26087e+7 
           9430       3.2585e+7 
           9450      3.22886e+7 
           9470      3.17612e+7 
           9490      3.14535e+7 
           9510      3.04532e+7 
           9530      2.83403e+7 
           9550      2.51906e+7 
           9570      2.84798e+7 
           9590      2.98248e+7 
           9610      3.00259e+7 
           9630      2.97002e+7 
           9650      2.98851e+7 
           9670      2.96685e+7 
           9690      2.94804e+7 
           9710       2.9226e+7 
           9730      2.90857e+7 
           9750      2.88357e+7 
           9770      2.86448e+7 
           9790      2.84245e+7 
           9810      2.82038e+7 
           9830       2.7962e+7 
           9850      2.77756e+7 
           9870      2.75599e+7 
           9890      2.73014e+7 
           9910      2.70252e+7 
           9930       2.6876e+7 
           9950       2.6639e+7 
           9970      2.63667e+7 
           9990      2.60181e+7 
          10025      2.40172e+7 
          10075      2.30731e+7 
          10125      2.47281e+7 
          10175      2.45318e+7 
          10225      2.41372e+7 
          10275      2.37105e+7 
          10325      2.31888e+7 
          10375       2.2863e+7 
          10425      2.24577e+7 
          10475      2.20536e+7 
          10525      2.16602e+7 
          10575      2.12797e+7 
          10625      2.09097e+7 
          10675       2.0464e+7 
          10725       2.0179e+7 
          10775      1.98179e+7 
          10825      1.92193e+7 
          10875      1.88811e+7 
          10925      1.66523e+7 
          10975      1.75231e+7 
          11025      1.79676e+7 
          11075      1.78288e+7 
          11125      1.75849e+7 
          11175      1.72897e+7 
          11225      1.69985e+7 
          11275      1.66542e+7 
          11325      1.64044e+7 
          11375      1.61735e+7 
          11425      1.59058e+7 
          11475      1.56502e+7 
          11525      1.53941e+7 
          11575      1.51453e+7 
          11625      1.48804e+7 
          11675      1.46548e+7 
          11725      1.44221e+7 
          11775      1.41657e+7 
          11825      1.39704e+7 
          11875      1.37475e+7 
          11925       1.3536e+7 
          11975      1.31823e+7 
          12025      1.31157e+7 
          12075      1.29109e+7 
          12125      1.27106e+7 
          12175      1.25144e+7 
          12225      1.23215e+7 
          12275      1.21325e+7 
          12325      1.19475e+7 
          12375      1.17663e+7 
          12425      1.15891e+7 
          12475      1.13983e+7 
          12525      1.12222e+7 
          12575      1.10622e+7 
          12625      1.09031e+7 
          12675      1.07249e+7 
          12725      1.05228e+7 
          12775      1.00812e+7 
          12825      9.11701e+6 
          12875       9.9029e+6 
          12925      9.92859e+6 
          12975      9.76069e+6 
          13025        9.693e+6 
          13075      9.55312e+6 
          13125      9.41618e+6 
          13175      9.27279e+6 
          13225      9.14874e+6 
          13275      9.01881e+6 
          13325        8.891e+6 
          13375      8.76547e+6 
          13425      8.63697e+6 
          13475      8.52071e+6 
          13525      8.40077e+6 
          13575      8.28483e+6 
          13625      8.16955e+6 
          13675      8.05451e+6 
          13725      7.94434e+6 
          13775      7.83734e+6 
          13825      7.73009e+6 
          13875      7.62478e+6 
          13925      7.52019e+6 
          13975      7.41883e+6 
          14025      7.31929e+6 
          14075       7.2206e+6 
          14125      7.12369e+6 
          14175      7.02909e+6 
          14225      6.93545e+6 
          14275       6.8435e+6 
          14325      6.75304e+6 
          14375      6.66385e+6 
          14425      6.57301e+6 
          14475      6.48758e+6 
          14525      6.40425e+6 
          14570      6.33068e+6 
          14620       6.2492e+6 
          14675      6.16186e+6 
          14725      6.08238e+6 
          14775      6.00401e+6 
          14825      5.92947e+6 
          14875      5.85443e+6 
          14925      5.78094e+6 
          14975      5.70796e+6 
          15025      5.63666e+6 
          15075      5.55755e+6 
          15125      5.49666e+6 
          15175      5.42844e+6 
          15225      5.36017e+6 
          15275      5.29382e+6 
          15325      5.22773e+6 
          15375       5.1643e+6 
          15425      5.09746e+6 
          15475      5.03642e+6 
          15525      4.97214e+6 
          15575      4.90486e+6 
          15625       4.8584e+6 
          15675      4.78253e+6 
          15725      4.71743e+6 
          15775      4.68818e+6 
          15825      4.62505e+6 
          15875       4.5133e+6 
          15925      4.49822e+6 
          15975      4.47764e+6 
          16050      4.36993e+6 
          16150      4.22672e+6 
          16250       4.2101e+6 
          16350      4.05376e+6 
          16450      3.90286e+6 
          16550      3.93561e+6 
          16650      3.85029e+6 
          16750       3.6773e+6 
          16850      3.52789e+6 
          16950      3.58906e+6 
          17050      3.50704e+6 
          17150      3.44525e+6 
          17250      3.34833e+6 
          17350      3.09834e+6 
          17450      3.17489e+6 
          17550      3.15117e+6 
          17650      3.08884e+6 
          17750      3.02113e+6 
          17850      2.95711e+6 
          17950       2.8935e+6 
          18050      2.81261e+6 
          18150      2.60628e+6 
          18250      2.65086e+6 
          18350       2.6508e+6 
          18450      2.60333e+6 
          18550      2.54545e+6 
          18650      2.46418e+6 
          18750      2.28709e+6 
          18850       2.3776e+6 
          18950       2.3467e+6 
          19050      2.29327e+6 
          19150      2.25438e+6 
          19250      2.20703e+6 
          19350      2.14222e+6 
          19450      1.97595e+6 
          19550      2.05672e+6 
          19650      2.03906e+6 
          19750      2.00195e+6 
          19850      1.96328e+6 
          19950      1.92547e+6 
          20050       1.8886e+6 
          20150      1.85265e+6 
          20250      1.81749e+6 
          20350       1.7832e+6 
          20450      1.74941e+6 
          20550      1.71414e+6 
          20650      1.68494e+6 
          20750      1.65378e+6 
          20850      1.62322e+6 
          20950      1.59334e+6 
          21050       1.5643e+6 
          21150       1.5316e+6 
          21250      1.50788e+6 
          21350      1.48031e+6 
          21450      1.45164e+6 
          21550      1.41435e+6 
          21650      1.30631e+6 
          21750      1.35684e+6 
          21850      1.35005e+6 
          21950      1.32949e+6 
          22050      1.30669e+6 
          22150      1.28394e+6 
          22250      1.26162e+6 
          22350      1.23995e+6 
          22450      1.21868e+6 
          22550      1.19782e+6 
          22650      1.17743e+6 
          22750      1.15749e+6 
          22850        1.138e+6 
          22950      1.11888e+6 
          23050      1.10012e+6 
          23150      1.08192e+6 
          23250      1.06406e+6 
          23350      1.04647e+6 
          23450      1.02934e+6 
          23550      1.01246e+6 
          23650          995972 
          23750          979789 
          23850          964039 
          23950          948387 
          24050          933092 
          24150          918146 
          24250          903734 
          24350          889337 
          24450          875208 
          24550          861530 
          24650          847858 
          24750          833763 
          24850          821820 
          24950          808286 
          25050          796562 
          25150          784224 
          25250          770698 
          25350          760116 
          25450          749268 
          25550          736662 
          25650          723142 
          25750          714866 
          25850          705230 
          25950          694099 
          26050          680065 
          26150          661045 
          26250          620208 
          26350          645406 
          26450          643927 
          26550          634970 
          26650          623371 
          26750          606084 
          26850          605288 
          26950          600026 
          27050          592663 
          27150          584932 
          27250          576538 
          27350          566890 
          27450          556318 
          27550          536106 
          27650          534452 
          27750          534521 
          27850          529086 
          27950          522173 
          28050          514913 
          28150          507791 
          28250          500803 
          28350          493808 
          28450          486759 
          28550          478224 
          28650          465254 
          28750          448208 
          28850          456653 
          28950          453728 
          29050          449003 
          29150          442970 
          29250          437097 
          29350          431273 
          29450          425573 
          29550          419993 
          29650          414473 
          29750          409044 
          29850          403703 
          29950          398450 
          30050          393249 
          30150          387334 
          30250          380075 
          30350          362561 
          30450          362040 
          30550          366197 
          30650          363439 
          30750          359318 
          30850          354546 
          30950          350343 
          31050          345941 
          31150          341607 
          31250          337326 
          31350          333146 
          31450          329008 
          31550          324939 
          31650          320914 
          31750          316982 
          31850          313101 
          31950          309273 
          32100          303644 
          32300          296335 
          32500          289239 
          32700          281716 
          32900          265170 
          33100          265331 
          33300          262300 
          33500          256492 
          33700          250623 
          33900          244901 
          34100          239329 
          34300          233907 
          34500          228643 
          34700          223512 
          34900          218526 
          35100          213688 
          35300          208973 
          35500          204392 
          35700          199927 
          35900          195589 
          36100          191352 
          36300          187248 
          36500          183220 
          36700          179326 
          36900          175426 
          37100          171429 
          37300          164484 
          37500          159996 
          37700          161054 
          37900          158005 
          38100          154628 
          38300          151509 
          38500          148633 
          38700          145649 
          38900          142537 
          39100          139373 
          39300          137016 
          39500          134567 
          39700          131984 
          39900          129162 
          40100          126061 
          40300          123159 
          40500          117292 
          40700          119039 
          40900          117347 
          41100          115123 
          41300          112885 
          41500          110384 
          41700          107179 
          41900          106229 
          42100          104703 
          42300          102770 
          42500          100854 
          42700           99023 
          42900         97125.4 
          43100         95443.3 
          43300         93711.7 
          43500           91739 
          43700         88612.9 
          43900         87844.4 
          44100           87065 
          44300         85629.8 
          44500         84119.9 
          44700         82765.5 
          44900         81317.8 
          45100         79901.8 
          45300         78496.5 
          45500         77154.7 
          45700         75818.8 
          45900         74374.6 
          46100         73037.5 
          46300         71527.4 
          46500         67428.9 
          46700         67192.8 
          46900           67676 
          47100         67058.3 
          47300         66036.1 
          47500         65055.4 
          47700         64007.7 
          47900           62962 
          48100         61931.5 
          48300         60923.9 
          48500         59935.6 
          48700         58966.2 
          48900         58016.9 
          49100         57087.4 
          49300         56175.6 
          49500         55282.9 
          49700         54407.2 
          49900         53548.3 
          50100         52704.4 
          50300         51878.1 
          50500         51072.1 
          50700         50239.1 
          50900         49346.3 
          51100         48246.6 
          51300         46163.4 
          51500         46875.1 
          51700         46400.4 
          51900         45801.5 
          52100         45135.5 
          52300         44454.9 
          52500         43787.4 
          52700         43128.8 
          52900         42489.6 
          53100         41858.8 
          53300         41238.9 
          53500         40631.1 
          53700         40011.6 
          53900         39424.7 
          54100         38873.7 
          54300         38309.4 
          54500         37754.8 
          54700         37209.7 
          54900         36675.4 
          55100         36109.3 
          55300         35540.6 
          55500         35127.2 
          55700         34628.9 
          55900         34140.4 
          56100         33660.4 
          56300         33187.5 
          56500           32724 
          56700         32268.6 
          56900         31774.5 
          57100         31243.8 
          57300         30883.8 
          57500         30522.3 
          57700         30105.2 
          57900         29694.2 
          58100         29290.3 
          58300         28893.5 
          58500         28471.7 
          58700         28040.8 
          58900           27425 
          59100         26150.3 
          59300         26747.7 
          59500         26418.1 
          59700         26147.4 
          59900         25894.3 
          60100         25608.6 
          60300         25292.9 
          60500         24962.3 
          60700         24637.5 
          60900         24317.5 
          61100         24002.2 
          61300         23693.4 
          61500         23388.2 
          61700         23088.3 
          61900         22792.9 
          62100         22502.7 
          62300         22216.7 
          62500         21887.7 
          62700         21541.3 
          62900         21069.3 
          63100         20974.8 
          63300         20797.3 
          63500         20592.7 
          63700         20338.3 
          63900         20086.6 
          64200         19715.6 
          64600         19234.8 
          65000         18767.8 
          65400         18316.1 
          65800         17876.6 
          66200         17449.7 
          66600         17037.7 
          67000         16633.5 
          67400         16160.5 
          67800         15606.5 
          68200         15468.5 
          68600         15143.8 
          69000         14798.6 
          69400         14461.9 
          69800           14135 
          70200         13816.9 
          70600         13507.3 
          71000         13206.8 
          71400         12913.7 
          71800         12630.6 
          72200         12354.5 
          72600         12084.3 
          73000         11823.6 
          73400         11568.5 
          73800           11312 
          74200         11024.1 
          74600         10460.8 
          75000         10165.3 
          75400           10295 
          75800         10153.8 
          76200         9966.42 
          76600         9760.51 
          77000         9560.25 
          77400         9363.59 
          77800         9151.16 
          78200         8988.17 
          78600         8807.89 
          79000          8631.4 
          79400          8459.2 
          79800         8291.78 
          80200         8127.86 
          80600         7968.52 
          81000          7812.5 
          81400          7634.7 
          81800         7495.47 
          82200          7367.5 
          82600         7226.19 
          83000         7088.35 
          83400          6953.9 
          83800         6822.23 
          84200          6693.8 
          84600         6568.54 
          85000         6446.37 
          85400         6326.73 
          85800         6209.53 
          86200         6084.61 
          86600         5941.12 
          87000         5848.79 
          87400         5657.78 
          87800          5556.5 
          88200         5553.19 
          88600         5462.84 
          89000         5365.34 
          89400          5270.3 
          89800          5177.2 
          90200         5086.01 
          90600         4997.14 
          91000         4909.63 
          91400         4824.36 
          91800         4741.28 
          92200         4659.46 
          92600         4579.75 
          93000         4501.24 
          93400         4413.54 
          93800         4299.76 
          94200         4249.73 
          94600         4200.19 
          95000         4134.59 
          95400          4065.8 
          95800         3998.38 
          96200         3932.39 
          96600         3867.71 
          97000         3804.37 
          97400         3742.33 
          97800         3681.53 
          98200         3621.95 
          98600         3563.56 
          99000         3506.38 
          99400         3450.34 
          99800         3395.39 
         100200         3341.55 
         200000         208.878 
         400000         12.8382 
         600000         2.50996 
         800000        0.788718 
         1.0e+6        0.321414 
         1.2e+6        0.154362 
         1.4e+6       0.0830246 
         1.6e+6       0.0485172 
