# Kurucz ODFNEW /NOVER (2003)
# teff = 22000 K (value for the effective temperature for the model. Temperatures are given in K)
# logg = 4.5 log(cm/s2) (value for Log(G) for the model.)
# meta = -1.5  (value for the Metallicity for the model.)
# lh = 1.25  (l/Hp where l is the  mixing length of the convective element and Hp is the pressure scale height)
# vtur = 2 km/s (Microturbulence velocity)
# alpha = 0  (Alpha)
#
# column 1: WAVELENGTH (ANGSTROM), Wavelength in Angstrom
# column 2: FLUX (ERG/CM2/S/A), Flux in erg/cm2/s/A
          147.2     1.16982e-17 
            151      6.6085e-17 
          155.2     4.07759e-16 
          158.8     1.80332e-15 
            162     6.41505e-15 
            166     2.93361e-14 
          170.3     1.39237e-13 
          173.4     4.08547e-13 
          176.8      1.2756e-12 
          180.2     3.82054e-12 
          181.7     6.11989e-12 
          186.1     2.33598e-11 
            191     9.66541e-11 
          193.9     2.16565e-10 
          198.4     7.23358e-10 
          201.8      1.73668e-9 
            205      3.85649e-9 
          210.5      1.43507e-8 
          216.2      5.21849e-8 
          219.8      1.13887e-7 
            223      2.23042e-7 
          226.8      4.83159e-7 
            230      2.04274e-6 
            234      4.80372e-6 
            240      1.37879e-5 
          246.5      4.05887e-5 
          252.4     0.000103494 
          256.8     0.000198767 
            260      0.00032192 
            264     0.000569397 
          268.5      0.00105773 
          273.5      0.00205286 
          278.5      0.00389337 
            284       0.0076578 
            290       0.0155288 
            296       0.0305289 
            301       0.0525461 
            308        0.107843 
            318        0.290903 
            328        0.729164 
            338         1.72675 
            348         3.87947 
            357         7.71171 
            366         14.8019 
            375         27.4326 
            385         52.5401 
            395         97.0623 
            405         173.591 
            414         285.455 
            422         435.404 
            430         652.441 
            441          1110.6 
            451         1756.04 
            460         2602.21 
            470         3951.48 
            480         5883.94 
            490         8607.51 
            500         12375.3 
            506         80101.1 
            512          247010 
            520          316500 
            530          447743 
            540          504102 
            550          717841 
            560          876713 
            570      1.08771e+6 
            580      1.12828e+6 
            590      1.50324e+6 
            600      1.87998e+6 
            610       2.2539e+6 
            620      2.63828e+6 
            630      3.10799e+6 
            640      3.54904e+6 
            650      4.13341e+6 
            658      4.69881e+6 
            665      5.15789e+6 
            675       5.8055e+6 
            685      6.59691e+6 
            695      7.64394e+6 
            705        8.584e+6 
            716      9.75598e+6 
            726      1.08828e+7 
            735      1.20726e+7 
            745      1.35019e+7 
            755      1.49971e+7 
            765      1.65427e+7 
            775      1.82944e+7 
            785      2.01195e+7 
            795      2.19675e+7 
            805      2.39964e+7 
            815      2.60683e+7 
            825      2.84363e+7 
            835      3.04177e+7 
            845        3.316e+7 
            855      3.56232e+7 
            865       3.8575e+7 
            875       4.1555e+7 
            885      4.46962e+7 
            895      4.78116e+7 
            905      5.03348e+7 
            915      7.65271e+7 
            925      3.41856e+8 
            935      1.05556e+9 
            945      4.57884e+9 
            955      9.16477e+9 
            965     1.27984e+10 
            975      3.72424e+9 
            985     1.78835e+10 
            995     1.82625e+10 
           1005     1.89934e+10 
           1015     1.51003e+10 
           1025       2.6312e+9 
           1035     1.22111e+10 
           1045     1.90337e+10 
           1055     1.88212e+10 
           1065     1.70162e+10 
           1075     1.80944e+10 
           1085     1.66693e+10 
           1095     1.76861e+10 
           1105     1.66143e+10 
           1115     1.65131e+10 
           1125     1.54139e+10 
           1135     1.59719e+10 
           1145     1.49088e+10 
           1155     1.53264e+10 
           1165     1.51544e+10 
           1175     1.29212e+10 
           1185     1.43853e+10 
           1195     1.27891e+10 
           1205      9.32623e+9 
           1215       2.0659e+9 
           1225      8.88008e+9 
           1235     1.22608e+10 
           1245     1.25638e+10 
           1255     1.23041e+10 
           1265     1.20821e+10 
           1275     1.21631e+10 
           1285     1.19294e+10 
           1295     1.07442e+10 
           1305     1.06283e+10 
           1315       1.123e+10 
           1325      1.0803e+10 
           1335     1.03099e+10 
           1345     1.04596e+10 
           1355     1.03938e+10 
           1365     1.00275e+10 
           1375      9.85689e+9 
           1385      9.73156e+9 
           1395      9.18929e+9 
           1405      9.19922e+9 
           1415      9.14172e+9 
           1425      9.01145e+9 
           1435      8.88684e+9 
           1442      8.84733e+9 
           1447      8.73934e+9 
           1455      8.59332e+9 
           1465      8.37178e+9 
           1475      8.24272e+9 
           1485      8.05367e+9 
           1495      7.92707e+9 
           1505      7.65659e+9 
           1512      7.45155e+9 
           1517      7.47389e+9 
           1525      7.37219e+9 
           1535      7.03326e+9 
           1545      7.05488e+9 
           1555      6.80755e+9 
           1565      6.84834e+9 
           1575      6.82498e+9 
           1585      6.70989e+9 
           1595      6.63787e+9 
           1605      6.43095e+9 
           1615      6.32715e+9 
           1625      6.27862e+9 
           1635      6.23616e+9 
           1645      6.09681e+9 
           1655      5.99419e+9 
           1665      5.98193e+9 
           1672      5.80851e+9 
           1677      5.88229e+9 
           1685      5.80255e+9 
           1695      5.66623e+9 
           1705      5.53102e+9 
           1715      5.39216e+9 
           1725      5.31121e+9 
           1735      5.28358e+9 
           1745      5.17965e+9 
           1755      5.15895e+9 
           1765      4.92543e+9 
           1775      4.93262e+9 
           1785      4.88614e+9 
           1795      4.85559e+9 
           1805      4.80043e+9 
           1815      4.66968e+9 
           1825      4.63483e+9 
           1835      4.55323e+9 
           1845      4.36357e+9 
           1855      4.25917e+9 
           1865      4.25412e+9 
           1875      4.27874e+9 
           1885      4.07357e+9 
           1895      3.93638e+9 
           1905      4.02482e+9 
           1915      3.88777e+9 
           1925      3.81424e+9 
           1935      3.83327e+9 
           1945      3.83967e+9 
           1955      3.66239e+9 
           1967      3.71619e+9 
           1976      3.73567e+9 
           1984      3.61095e+9 
           1995      3.50877e+9 
           2005      3.53514e+9 
           2015      3.51953e+9 
           2025       3.5059e+9 
           2035      3.40521e+9 
           2045       3.3628e+9 
           2055       3.2686e+9 
           2065      3.26034e+9 
           2074      3.29227e+9 
           2078      3.20458e+9 
           2085       3.2026e+9 
           2095      3.11862e+9 
           2105      3.12639e+9 
           2115      3.09723e+9 
           2125      3.08433e+9 
           2135      3.03451e+9 
           2145      2.97566e+9 
           2155      2.95971e+9 
           2165      2.92126e+9 
           2175      2.88005e+9 
           2185      2.84759e+9 
           2195       2.8199e+9 
           2205      2.77966e+9 
           2215      2.74387e+9 
           2225      2.70206e+9 
           2235      2.67304e+9 
           2245      2.64569e+9 
           2255       2.6059e+9 
           2265      2.58236e+9 
           2275      2.54886e+9 
           2285      2.52313e+9 
           2295      2.46829e+9 
           2305      2.45827e+9 
           2315      2.42203e+9 
           2325      2.39615e+9 
           2335      2.35501e+9 
           2345      2.31832e+9 
           2355      2.30921e+9 
           2365      2.27194e+9 
           2375      2.25044e+9 
           2385       2.2132e+9 
           2395      2.19324e+9 
           2405      2.16742e+9 
           2415      2.14008e+9 
           2425      2.12804e+9 
           2435      2.09687e+9 
           2445       2.0744e+9 
           2455      2.05616e+9 
           2465      2.02754e+9 
           2475      2.00646e+9 
           2485      1.98363e+9 
           2495      1.93853e+9 
           2505      1.93767e+9 
           2513      1.90125e+9 
           2518      1.91011e+9 
           2525      1.89126e+9 
           2535      1.86494e+9 
           2545       1.8431e+9 
           2555      1.83366e+9 
           2565      1.80932e+9 
           2575      1.79484e+9 
           2585      1.77461e+9 
           2595      1.75396e+9 
           2605      1.74402e+9 
           2615      1.72746e+9 
           2625       1.7106e+9 
           2635      1.68901e+9 
           2645      1.67724e+9 
           2655      1.65672e+9 
           2665      1.63227e+9 
           2675      1.61535e+9 
           2685      1.60935e+9 
           2695      1.57735e+9 
           2705      1.57446e+9 
           2715       1.5567e+9 
           2725      1.52592e+9 
           2735      1.52505e+9 
           2745      1.49626e+9 
           2755      1.48368e+9 
           2765      1.46193e+9 
           2775      1.46277e+9 
           2785      1.44635e+9 
           2795       1.4082e+9 
           2805      1.40746e+9 
           2815      1.40328e+9 
           2825      1.37222e+9 
           2835      1.35674e+9 
           2845      1.35923e+9 
           2855      1.34598e+9 
           2865      1.33316e+9 
           2875      1.31925e+9 
           2885      1.30618e+9 
           2895      1.29308e+9 
           2910      1.27356e+9 
           2930      1.24715e+9 
           2950      1.21346e+9 
           2970      1.19956e+9 
           2990      1.17535e+9 
           3010        1.153e+9 
           3030      1.13127e+9 
           3050      1.10951e+9 
           3070      1.08831e+9 
           3090      1.06713e+9 
           3110      1.04737e+9 
           3130      1.02887e+9 
           3150      1.00959e+9 
           3170      9.90438e+8 
           3190      9.63509e+8 
           3210      9.53953e+8 
           3230       9.3629e+8 
           3250      9.19166e+8 
           3270      9.03588e+8 
           3290      8.86058e+8 
           3310      8.71463e+8 
           3330       8.5593e+8 
           3350      8.39228e+8 
           3370      8.25846e+8 
           3390      8.11377e+8 
           3410      7.97222e+8 
           3430      7.80331e+8 
           3450       7.6422e+8 
           3470      7.53184e+8 
           3490      7.40246e+8 
           3510      7.29082e+8 
           3530      7.18213e+8 
           3550      7.06198e+8 
           3570        6.981e+8 
           3590      6.81984e+8 
           3610       6.7254e+8 
           3630       6.5966e+8 
           3640      6.58628e+8 
           3650      6.49142e+8 
           3670      6.41387e+8 
           3690       6.2939e+8 
           3710       6.0787e+8 
           3730      5.81683e+8 
           3750       6.0566e+8 
           3770      6.06885e+8 
           3790      6.51325e+8 
           3810      6.87768e+8 
           3830      5.89124e+8 
           3850      7.19122e+8 
           3870      7.38296e+8 
           3890      5.53539e+8 
           3910        7.296e+8 
           3930      7.27023e+8 
           3950      7.08186e+8 
           3970       5.1673e+8 
           3990      6.76618e+8 
           4010      6.82794e+8 
           4030      6.35093e+8 
           4050      6.70453e+8 
           4070      6.54192e+8 
           4090      5.80675e+8 
           4110        4.962e+8 
           4130      6.10872e+8 
           4150      6.09964e+8 
           4170      6.06792e+8 
           4190      5.99532e+8 
           4210      5.89938e+8 
           4230      5.80225e+8 
           4250      5.70626e+8 
           4270      5.59012e+8 
           4290      5.50394e+8 
           4310      5.36334e+8 
           4330       4.6679e+8 
           4350      4.21734e+8 
           4370      5.08667e+8 
           4390      4.89499e+8 
           4410      5.00838e+8 
           4430      4.91277e+8 
           4450      4.86186e+8 
           4470      4.50867e+8 
           4490      4.70012e+8 
           4510      4.64501e+8 
           4530      4.57288e+8 
           4550      4.50274e+8 
           4570      4.43419e+8 
           4590       4.3681e+8 
           4610      4.30191e+8 
           4630      4.23671e+8 
           4650      4.17055e+8 
           4670      4.11176e+8 
           4690      4.05176e+8 
           4710      3.93064e+8 
           4730      3.92778e+8 
           4750      3.86706e+8 
           4770      3.81897e+8 
           4790       3.7589e+8 
           4810      3.69172e+8 
           4830      3.60324e+8 
           4850      3.21387e+8 
           4870      2.83474e+8 
           4890      3.42603e+8 
           4910      3.42459e+8 
           4930      3.28851e+8 
           4950      3.35163e+8 
           4970       3.3061e+8 
           4990      3.25938e+8 
           5010      3.16511e+8 
           5030      3.16858e+8 
           5050      3.09966e+8 
           5070      3.08214e+8 
           5090       3.0395e+8 
           5110      2.99772e+8 
           5130      2.95621e+8 
           5150      2.91568e+8 
           5170      2.87682e+8 
           5190      2.83791e+8 
           5210      2.79826e+8 
           5230      2.76202e+8 
           5250      2.72489e+8 
           5270      2.68838e+8 
           5290      2.65274e+8 
           5310      2.61756e+8 
           5330      2.58284e+8 
           5350      2.54843e+8 
           5370       2.5155e+8 
           5390       2.4826e+8 
           5410      2.45025e+8 
           5430       2.4178e+8 
           5450      2.38677e+8 
           5470        2.356e+8 
           5490      2.32587e+8 
           5510      2.29598e+8 
           5530      2.26659e+8 
           5550      2.23781e+8 
           5570      2.20926e+8 
           5590      2.18143e+8 
           5610      2.15369e+8 
           5630      2.12689e+8 
           5650      2.09935e+8 
           5670       2.0732e+8 
           5690      2.04736e+8 
           5710      2.02264e+8 
           5730      1.99765e+8 
           5750      1.97284e+8 
           5770      1.94877e+8 
           5790      1.92488e+8 
           5810      1.90139e+8 
           5830      1.87817e+8 
           5850      1.85544e+8 
           5870      1.76847e+8 
           5890      1.80556e+8 
           5910      1.78905e+8 
           5930      1.76757e+8 
           5950      1.74624e+8 
           5970      1.72568e+8 
           5990      1.70494e+8 
           6010      1.68495e+8 
           6030      1.66499e+8 
           6050      1.64545e+8 
           6070      1.62614e+8 
           6090      1.60705e+8 
           6110      1.58837e+8 
           6130       1.5699e+8 
           6150      1.55144e+8 
           6170      1.53378e+8 
           6190      1.51612e+8 
           6210      1.49865e+8 
           6230      1.48147e+8 
           6250      1.46448e+8 
           6270      1.44787e+8 
           6290      1.43144e+8 
           6310       1.4151e+8 
           6330      1.39921e+8 
           6350      1.38266e+8 
           6370      1.36758e+8 
           6390      1.35258e+8 
           6410      1.33746e+8 
           6430      1.32259e+8 
           6450      1.30797e+8 
           6470      1.29333e+8 
           6490      1.27893e+8 
           6510      1.26104e+8 
           6530      1.23945e+8 
           6550      1.16252e+8 
           6570      1.02079e+8 
           6590      1.18602e+8 
           6610      1.19178e+8 
           6630      1.18298e+8 
           6650      1.17255e+8 
           6670      1.14622e+8 
           6690      1.13424e+8 
           6710      1.13527e+8 
           6730      1.12321e+8 
           6750      1.11127e+8 
           6770      1.09946e+8 
           6790      1.08752e+8 
           6810      1.07626e+8 
           6830      1.06496e+8 
           6850      1.05377e+8 
           6870      1.04278e+8 
           6890      1.03189e+8 
           6910      1.02112e+8 
           6930      1.01044e+8 
           6950      1.00004e+8 
           6970      9.89652e+7 
           6990      9.79448e+7 
           7010      9.69421e+7 
           7030      9.59491e+7 
           7050      9.49583e+7 
           7070      9.24321e+7 
           7090       9.3043e+7 
           7110      9.20955e+7 
           7130      9.11646e+7 
           7150      9.02426e+7 
           7170      8.93222e+7 
           7190      8.84397e+7 
           7210      8.75512e+7 
           7230      8.65053e+7 
           7250      8.58137e+7 
           7270      8.49573e+7 
           7290      8.34213e+7 
           7310      8.32757e+7 
           7330      8.24643e+7 
           7350      8.16535e+7 
           7370      8.08502e+7 
           7390      8.00614e+7 
           7410      7.92799e+7 
           7430      7.85056e+7 
           7450      7.77521e+7 
           7470      7.69987e+7 
           7490      7.62523e+7 
           7510      7.54927e+7 
           7530      7.47932e+7 
           7550      7.40737e+7 
           7570      7.33672e+7 
           7590      7.26606e+7 
           7610      7.19735e+7 
           7630       7.1286e+7 
           7650      7.06112e+7 
           7670      6.99425e+7 
           7690      6.92861e+7 
           7710      6.86292e+7 
           7730      6.79845e+7 
           7750      6.73519e+7 
           7770      6.66873e+7 
           7790       6.6097e+7 
           7810      6.54501e+7 
           7830      6.48765e+7 
           7850      6.43324e+7 
           7870      6.37382e+7 
           7890      6.31069e+7 
           7910      6.25774e+7 
           7930      6.20045e+7 
           7950      6.14247e+7 
           7970      6.07966e+7 
           7990      6.02388e+7 
           8010      5.96683e+7 
           8030      5.91085e+7 
           8050      5.85827e+7 
           8070      5.80844e+7 
           8090      5.74614e+7 
           8110      5.70288e+7 
           8130      5.65531e+7 
           8150      5.59855e+7 
           8170      5.55622e+7 
           8190      5.49912e+7 
           8210      5.43966e+7 
           8230       5.4053e+7 
           8250      5.35992e+7 
           8270      5.28952e+7 
           8290      5.26354e+7 
           8310      5.22001e+7 
           8330      5.17212e+7 
           8350      5.10377e+7 
           8370      5.07521e+7 
           8390      5.03868e+7 
           8410      4.99413e+7 
           8430      4.94613e+7 
           8450      4.87193e+7 
           8470      4.85552e+7 
           8490      4.80549e+7 
           8510      4.75895e+7 
           8530      4.72345e+7 
           8550      4.63207e+7 
           8570      4.68823e+7 
           8590      4.50765e+7 
           8610      4.49613e+7 
           8630      4.61108e+7 
           8650      4.46567e+7 
           8670      4.20964e+7 
           8690      4.49066e+7 
           8710      4.53049e+7 
           8730      4.36962e+7 
           8750      3.94721e+7 
           8770      4.21837e+7 
           8790      4.41003e+7 
           8810      4.40667e+7 
           8830      4.32996e+7 
           8850      3.99916e+7 
           8870      3.70524e+7 
           8890      4.14592e+7 
           8910      4.23049e+7 
           8930      4.21662e+7 
           8950      4.19521e+7 
           8970      4.13911e+7 
           8990      3.97719e+7 
           9010      3.50054e+7 
           9030       3.6639e+7 
           9050      3.94749e+7 
           9070      3.94155e+7 
           9090      3.95404e+7 
           9110      3.94251e+7 
           9130      3.91364e+7 
           9150      3.87842e+7 
           9170      3.82541e+7 
           9190      3.76702e+7 
           9210      3.54793e+7 
           9230      3.11354e+7 
           9250      3.47756e+7 
           9270      3.63604e+7 
           9290      3.65179e+7 
           9310      3.61756e+7 
           9330       3.6131e+7 
           9350      3.58624e+7 
           9370      3.56215e+7 
           9390      3.53375e+7 
           9410      3.50419e+7 
           9430      3.47786e+7 
           9450      3.44383e+7 
           9470      3.38591e+7 
           9490       3.3709e+7 
           9510      3.27943e+7 
           9530      3.08225e+7 
           9550      2.74191e+7 
           9570      3.10623e+7 
           9590       3.2122e+7 
           9610      3.20945e+7 
           9630      3.18569e+7 
           9650      3.18698e+7 
           9670      3.16475e+7 
           9690      3.13693e+7 
           9710      3.10584e+7 
           9730      3.09233e+7 
           9750      3.06856e+7 
           9770      3.04504e+7 
           9790      3.02172e+7 
           9810      2.99865e+7 
           9830      2.97582e+7 
           9850      2.95315e+7 
           9870      2.93071e+7 
           9890      2.90847e+7 
           9910      2.88489e+7 
           9930      2.86468e+7 
           9950      2.84001e+7 
           9970      2.81226e+7 
           9990      2.78206e+7 
          10025      2.59882e+7 
          10075      2.50892e+7 
          10125      2.64306e+7 
          10175      2.61333e+7 
          10225       2.5647e+7 
          10275      2.51935e+7 
          10325      2.46324e+7 
          10375      2.42909e+7 
          10425       2.3855e+7 
          10475      2.34287e+7 
          10525      2.30117e+7 
          10575      2.26043e+7 
          10625      2.22059e+7 
          10675      2.17672e+7 
          10725      2.14347e+7 
          10775      2.10617e+7 
          10825      2.04413e+7 
          10875      2.01786e+7 
          10925      1.80427e+7 
          10975      1.89189e+7 
          11025       1.9119e+7 
          11075      1.89557e+7 
          11125      1.86667e+7 
          11175      1.83531e+7 
          11225       1.8036e+7 
          11275      1.77436e+7 
          11325      1.74504e+7 
          11375      1.71625e+7 
          11425      1.68799e+7 
          11475      1.66035e+7 
          11525      1.63324e+7 
          11575       1.6067e+7 
          11625      1.58067e+7 
          11675      1.55522e+7 
          11725      1.53026e+7 
          11775      1.50572e+7 
          11825       1.4818e+7 
          11875      1.45832e+7 
          11925      1.43528e+7 
          11975      1.39655e+7 
          12025      1.39056e+7 
          12075      1.36886e+7 
          12125      1.34757e+7 
          12175      1.32669e+7 
          12225      1.30621e+7 
          12275      1.28614e+7 
          12325      1.26645e+7 
          12375      1.24713e+7 
          12425      1.22818e+7 
          12475       1.2096e+7 
          12525      1.18874e+7 
          12575      1.17345e+7 
          12625       1.1559e+7 
          12675      1.13866e+7 
          12725      1.11835e+7 
          12775      1.07762e+7 
          12825      9.84811e+6 
          12875       1.0584e+7 
          12925      1.05472e+7 
          12975      1.03313e+7 
          13025      1.02664e+7 
          13075      1.01179e+7 
          13125      9.97209e+6 
          13175      9.82861e+6 
          13225      9.68809e+6 
          13275      9.54984e+6 
          13325      9.41422e+6 
          13375      9.28079e+6 
          13425       9.1426e+6 
          13475      9.02135e+6 
          13525      8.89484e+6 
          13575      8.77077e+6 
          13625      8.64868e+6 
          13675      8.52874e+6 
          13725      8.41111e+6 
          13775      8.29517e+6 
          13825      8.18146e+6 
          13875      8.06957e+6 
          13925      7.95966e+6 
          13975      7.85149e+6 
          14025      7.74543e+6 
          14075      7.64087e+6 
          14125      7.53815e+6 
          14175      7.43726e+6 
          14225      7.33796e+6 
          14275      7.24024e+6 
          14325      7.14426e+6 
          14375       7.0498e+6 
          14425      6.95702e+6 
          14475      6.86571e+6 
          14525      6.77584e+6 
          14570      6.69625e+6 
          14620      6.60911e+6 
          14675      6.51575e+6 
          14725      6.43231e+6 
          14775      6.35019e+6 
          14825      6.26938e+6 
          14875      6.18984e+6 
          14925      6.11157e+6 
          14975      6.03437e+6 
          15025       5.9584e+6 
          15075      5.87169e+6 
          15125      5.80972e+6 
          15175      5.73681e+6 
          15225       5.6649e+6 
          15275      5.59316e+6 
          15325      5.52224e+6 
          15375      5.45626e+6 
          15425      5.38168e+6 
          15475      5.32053e+6 
          15525      5.25193e+6 
          15575      5.17276e+6 
          15625      5.13708e+6 
          15675      5.04748e+6 
          15725      4.97125e+6 
          15775      4.95931e+6 
          15825      4.89282e+6 
          15875      4.74306e+6 
          15925      4.75328e+6 
          15975      4.73863e+6 
          16050      4.62352e+6 
          16150      4.45638e+6 
          16250      4.45505e+6 
          16350      4.29404e+6 
          16450       4.1231e+6 
          16550      4.16269e+6 
          16650      4.07234e+6 
          16750      3.90369e+6 
          16850      3.73979e+6 
          16950      3.79637e+6 
          17050      3.69767e+6 
          17150      3.63802e+6 
          17250      3.54317e+6 
          17350       3.2947e+6 
          17450      3.36814e+6 
          17550      3.32779e+6 
          17650      3.25621e+6 
          17750      3.18602e+6 
          17850      3.11755e+6 
          17950      3.05099e+6 
          18050       2.9775e+6 
          18150       2.7745e+6 
          18250      2.81793e+6 
          18350      2.80016e+6 
          18450      2.74377e+6 
          18550      2.68603e+6 
          18650      2.60466e+6 
          18750      2.44054e+6 
          18850      2.51512e+6 
          18950      2.47416e+6 
          19050      2.41452e+6 
          19150      2.37519e+6 
          19250      2.32831e+6 
          19350      2.26738e+6 
          19450       2.1064e+6 
          19550      2.17609e+6 
          19650      2.15009e+6 
          19750      2.10828e+6 
          19850       2.0675e+6 
          19950      2.02761e+6 
          20050      1.98869e+6 
          20150      1.95072e+6 
          20250      1.91368e+6 
          20350      1.87745e+6 
          20450      1.84157e+6 
          20550      1.80406e+6 
          20650      1.77391e+6 
          20750      1.74093e+6 
          20850      1.70876e+6 
          20950      1.67738e+6 
          21050      1.64668e+6 
          21150      1.61127e+6 
          21250       1.5873e+6 
          21350      1.55866e+6 
          21450      1.53008e+6 
          21550      1.49482e+6 
          21650      1.39135e+6 
          21750      1.43664e+6 
          21850      1.42312e+6 
          21950      1.39955e+6 
          22050      1.37511e+6 
          22150      1.35113e+6 
          22250      1.32752e+6 
          22350      1.30473e+6 
          22450      1.28229e+6 
          22550      1.26035e+6 
          22650      1.23882e+6 
          22750      1.21776e+6 
          22850      1.19724e+6 
          22950       1.1771e+6 
          23050       1.1572e+6 
          23150      1.13815e+6 
          23250      1.11926e+6 
          23350      1.10078e+6 
          23450      1.08271e+6 
          23550      1.06497e+6 
          23650      1.04757e+6 
          23750      1.03055e+6 
          23850      1.01384e+6 
          23950          997449 
          24050          981420 
          24150          965687 
          24250          950308 
          24350          935148 
          24450          920204 
          24550          905785 
          24650          891258 
          24750          876137 
          24850          864097 
          24950          849196 
          25050          837567 
          25150          824666 
          25250          809224 
          25350          799276 
          25450          788063 
          25550          774808 
          25650          758644 
          25750          752024 
          25850          741876 
          25950          730463 
          26050          715817 
          26150          695533 
          26250          659845 
          26350          682627 
          26450          678121 
          26550          668052 
          26650          656046 
          26750          634672 
          26850          636851 
          26950          631563 
          27050          623349 
          27150          614422 
          27250          605659 
          27350          596806 
          27450          585766 
          27550          562660 
          27650          562983 
          27750          562651 
          27850          556189 
          27950          548407 
          28050          540817 
          28150          533320 
          28250          525964 
          28350          518744 
          28450          511660 
          28550          503460 
          28650          490910 
          28750          471412 
          28850          481321 
          28950          477597 
          29050          471502 
          29150          465169 
          29250          458999 
          29350          452903 
          29450          446879 
          29550          441012 
          29650          435171 
          29750          429484 
          29850          423863 
          29950          418349 
          30050          412912 
          30150          407492 
          30250          400426 
          30350          382409 
          30450          382392 
          30550          385645 
          30650          382102 
          30750          377254 
          30850          372481 
          30950          367785 
          31050          363157 
          31150          358605 
          31250          354122 
          31350          349709 
          31450          345367 
          31550          341088 
          31650          336879 
          31750          332731 
          31850          328651 
          31950          324629 
          32100          318714 
          32300          311031 
          32500          303581 
          32700          296116 
          32900          280004 
          33100          279759 
          33300          275481 
          33500          269251 
          33700          263066 
          33900          257037 
          34100          251177 
          34300          245477 
          34500          239939 
          34700          234553 
          34900          229317 
          35100          224229 
          35300          219273 
          35500          214457 
          35700          209764 
          35900          205224 
          36100          200759 
          36300          196466 
          36500          192212 
          36700          188179 
          36900          184044 
          37100          179974 
          37300          173522 
          37500          168759 
          37700          169146 
          37900          165826 
          38100          162159 
          38300          158896 
          38500          156159 
          38700          153057 
          38900          149630 
          39100          146016 
          39300          143873 
          39500          141191 
          39700          138404 
          39900          135634 
          40100          132187 
          40300          129139 
          40500          123964 
          40700          125144 
          40900          123058 
          41100          120710 
          41300          118336 
          41500          115903 
          41700          112164 
          41900          111525 
          42100          109777 
          42300          107741 
          42500          105714 
          42700          103808 
          42900          101774 
          43100          100053 
          43300         98238.7 
          43500           96332 
          43700           92872 
          43900         92266.2 
          44100         91363.4 
          44300           89759 
          44500         88175.9 
          44700           86740 
          44900         85221.5 
          45100         83737.6 
          45300         82283.9 
          45500         80861.5 
          45700         79469.8 
          45900         78108.2 
          46100         76643.1 
          46300         75152.9 
          46500         71242.8 
          46700         70635.6 
          46900         71135.7 
          47100         70369.8 
          47300           69350 
          47500         68201.2 
          47700         67077.4 
          47900           65975 
          48100           64895 
          48300         63837.1 
          48500         62800.8 
          48700         61785.7 
          48900         60789.7 
          49100         59815.8 
          49300         58860.2 
          49500         57922.8 
          49700         57004.6 
          49900         56105.2 
          50100         55222.9 
          50300         54357.3 
          50500         53509.5 
          50700         52676.4 
          50900         51776.1 
          51100         50716.6 
          51300         48538.3 
          51500         49247.2 
          51700         48662.5 
          51900         48011.3 
          52100         47283.9 
          52300         46571.8 
          52500         45870.4 
          52700           45177 
          52900         44510.3 
          53100         43849.6 
          53300         43200.2 
          53500         42563.3 
          53700         41888.9 
          53900         41276.4 
          54100         40720.8 
          54300         40128.8 
          54500         39548.2 
          54700         38976.2 
          54900         38415.3 
          55100           37818 
          55300         37201.2 
          55500           36793 
          55700         36271.8 
          55900         35759.5 
          56100           35256 
          56300         34761.1 
          56500         34274.7 
          56700         33797.8 
          56900         33288.4 
          57100         32680.1 
          57300         32352.5 
          57500         31968.3 
          57700         31529.8 
          57900           31100 
          58100         30676.4 
          58300         30260.1 
          58500         29875.3 
          58700         29415.1 
          58900         28839.9 
          59100         27538.4 
          59300         28108.3 
          59500           27644 
          59700         27384.1 
          59900           27149 
          60100         26837.2 
          60300         26485.4 
          60500         26138.7 
          60700           25798 
          60900         25462.3 
          61100         25133.4 
          61300         24808.2 
          61500         24488.8 
          61700         24174.9 
          61900         23865.6 
          62100         23561.6 
          62300         23262.1 
          62500         22953.4 
          62700         22574.3 
          62900         21999.6 
          63100         21977.7 
          63300           21809 
          63500         21561.6 
          63700         21293.6 
          63900         21029.5 
          64200         20641.5 
          64600         20137.5 
          65000         19648.8 
          65400         19174.9 
          65800         18715.4 
          66200         18268.9 
          66600         17836.1 
          67000         17415.7 
          67400         16946.7 
          67800         16339.2 
          68200         16211.2 
          68600           15853 
          69000         15490.1 
          69400         15137.7 
          69800         14795.3 
          70200         14462.1 
          70600         14138.4 
          71000         13823.4 
          71400         13517.4 
          71800         13219.6 
          72200         12930.5 
          72600         12648.3 
          73000         12374.3 
          73400         12107.7 
          73800         11848.1 
          74200         11555.1 
          74600         11026.7 
          75000         10693.8 
          75400         10807.2 
          75800         10644.3 
          76200           10429 
          76600         10213.8 
          77000         10003.8 
          77400         9798.75 
          77800         9571.28 
          78200         9404.62 
          78600         9216.45 
          79000         9031.61 
          79400          8851.2 
          79800         8675.73 
          80200         8504.47 
          80600         8337.34 
          81000         8174.24 
          81400          7983.8 
          81800         7842.29 
          82200         7708.17 
          82600         7560.25 
          83000         7415.92 
          83400         7275.09 
          83800         7137.13 
          84200         7003.06 
          84600         6871.72 
          85000         6743.59 
          85400         6618.06 
          85800         6496.11 
          86200         6370.05 
          86600         6206.86 
          87000         6125.03 
          87400         5937.41 
          87800         5830.66 
          88200         5815.66 
          88600         5713.84 
          89000         5612.18 
          89400         5512.58 
          89800         5414.99 
          90200         5319.84 
          90600         5226.62 
          91000         5135.28 
          91400         5046.23 
          91800         4958.54 
          92200         4873.07 
          92600         4789.76 
          93000          4707.7 
          93400         4621.69 
          93800          4490.3 
          94200         4447.15 
          94600         4396.57 
          95000         4324.14 
          95400         4251.95 
          95800         4181.62 
          96200         4112.32 
          96600         4044.82 
          97000         3978.38 
          97400         3913.45 
          97800         3849.79 
          98200         3787.44 
          98600         3726.31 
          99000         3666.51 
          99400         3607.85 
          99800         3550.36 
         100200         3493.96 
         200000         218.107 
         400000         13.4212 
         600000         2.62811 
         800000        0.826803 
         1.0e+6        0.337203 
         1.2e+6        0.162041 
         1.4e+6       0.0871994 
         1.6e+6       0.0509791 
