# Kurucz ODFNEW /NOVER (2003)
# teff = 4000 K (value for the effective temperature for the model. Temperatures are given in K)
# logg = 1.5 log(cm/s2) (value for Log(G) for the model.)
# meta = -1  (value for the Metallicity for the model.)
# lh = 1.25  (l/Hp where l is the  mixing length of the convective element and Hp is the pressure scale height)
# vtur = 2 km/s (Microturbulence velocity)
# alpha = 0.4  (Alpha)
#
# column 1: WAVELENGTH (ANGSTROM), Wavelength in Angstrom
# column 2: FLUX (ERG/CM2/S/A), Flux in erg/cm2/s/A
          147.2    5.68576e-167 
            151    1.67026e-162 
          155.2    8.02209e-158 
          158.8    5.21858e-154 
            162    9.19459e-151 
            166    6.97146e-147 
          170.3    6.43836e-143 
          173.4    3.50047e-140 
          176.8     2.7086e-137 
          180.2     1.6262e-134 
          181.7    2.53231e-133 
          186.1    6.15405e-130 
            191    2.36389e-126 
          193.9    2.55744e-124 
          198.4    2.78825e-121 
          201.8    4.46896e-119 
            205     4.5532e-117 
          210.5     9.1933e-114 
          216.2    1.61887e-110 
          219.8    1.48354e-108 
            223    7.25459e-107 
          226.8    6.37415e-105 
            230    2.46199e-103 
            234     2.0507e-101 
            240       1.178e-98 
          246.5     8.06875e-96 
          252.4     2.25118e-93 
          256.8     1.26467e-91 
            260     2.17071e-90 
            264     6.87233e-89 
          268.5     2.95255e-87 
          273.5     1.66139e-85 
          278.5     8.08031e-84 
            284     4.93051e-82 
            290     3.64572e-80 
            296     2.25313e-78 
            301     6.17106e-77 
            308     5.28177e-75 
            318     2.15072e-72 
            328     6.02472e-70 
            338     1.19913e-67 
            348     1.74954e-65 
            357     1.21344e-63 
            366     6.80867e-62 
            375     3.13064e-60 
            385     1.77633e-58 
            395     8.16503e-57 
            405     3.09147e-55 
            414     6.97757e-54 
            422     9.92658e-53 
            430     1.27573e-51 
            441      3.6557e-50 
            451     6.66663e-49 
            460     8.13743e-48 
            470     1.16836e-46 
            480      1.4951e-45 
            490     1.71905e-44 
            500     1.78494e-43 
            506     9.31127e-43 
            512     3.91468e-42 
            520     2.17344e-41 
            530     1.72754e-40 
            540     1.25144e-39 
            550     8.49989e-39 
            560     5.35001e-38 
            570     3.14834e-37 
            580      1.7207e-36 
            590     9.03393e-36 
            600     4.43327e-35 
            610     2.06022e-34 
            620     9.08894e-34 
            630     3.81694e-33 
            640     1.53028e-32 
            650     5.86619e-32 
            658     1.66662e-31 
            665     4.06559e-31 
            675     1.40571e-30 
            685     4.67908e-30 
            695     1.50154e-29 
            705     4.64991e-29 
            716       1.554e-28 
            726     4.49737e-28 
            735     1.14046e-27 
            745     3.11931e-27 
            755     8.29495e-27 
            765     2.14724e-26 
            775     5.41424e-26 
            785     1.33189e-25 
            795     3.19045e-25 
            805     7.49767e-25 
            815     1.72165e-24 
            825     3.86784e-24 
            835     8.51231e-24 
            845     1.83636e-23 
            855      3.8843e-23 
            865     8.06402e-23 
            875     1.64391e-22 
            885     3.29671e-22 
            895     6.50297e-22 
            905     1.26019e-21 
            915     2.15857e-16 
            925     6.95141e-16 
            935      9.7347e-16 
            945     1.71325e-15 
            955      2.7719e-15 
            965     4.42419e-15 
            975     4.26534e-15 
            985     1.34993e-14 
            995     2.32554e-14 
           1005     2.98761e-14 
           1015     3.08368e-14 
           1025     6.02659e-14 
           1035     1.79248e-13 
           1045     2.77152e-13 
           1055     3.59797e-13 
           1065     8.37675e-13 
           1075     1.16906e-12 
           1085     2.20647e-12 
           1095     2.95539e-12 
           1105     4.42255e-12 
           1115     6.16203e-12 
           1125     1.25084e-11 
           1135     2.07416e-11 
           1145     3.28131e-11 
           1155     4.59212e-11 
           1165     5.83487e-11 
           1175     8.16887e-11 
           1185     1.08376e-10 
           1195     7.61492e-11 
           1205     7.55859e-11 
           1215     3.58885e-11 
           1225     1.57367e-10 
           1235     3.08428e-10 
           1245     7.31378e-10 
           1255      1.25488e-9 
           1265       1.9432e-9 
           1275      2.79762e-9 
           1285       3.4825e-9 
           1295       4.7314e-9 
           1305      6.31029e-9 
           1315      8.94556e-9 
           1325      1.11597e-8 
           1335      1.40438e-8 
           1345      1.90064e-8 
           1355       2.6383e-8 
           1365      3.23224e-8 
           1375      4.06713e-8 
           1385      5.08034e-8 
           1395      6.48292e-8 
           1405      9.07689e-8 
           1415      1.19616e-7 
           1425      1.46241e-7 
           1435      2.00181e-7 
           1442      2.66455e-7 
           1447      2.52957e-7 
           1455       3.1736e-7 
           1465       4.4211e-7 
           1475      4.98612e-7 
           1485       6.2693e-7 
           1495      9.18552e-7 
           1505       1.2563e-6 
           1512      9.67208e-7 
           1517      1.47458e-6 
           1525      2.42208e-6 
           1535      7.76363e-6 
           1545      6.11978e-6 
           1555      8.98673e-6 
           1565      8.22376e-6 
           1575      1.39255e-5 
           1585      1.36975e-5 
           1595      1.30081e-5 
           1605      1.41845e-5 
           1615      1.45089e-5 
           1625      1.50813e-5 
           1635      2.11602e-5 
           1645      2.95812e-5 
           1655      2.77971e-5 
           1665      4.36044e-5 
           1672      3.89736e-5 
           1677      5.90761e-5 
           1685      8.06448e-5 
           1695     0.000118487 
           1705     0.000135243 
           1715     0.000163566 
           1725     0.000227155 
           1735     0.000270023 
           1745     0.000364738 
           1755     0.000363272 
           1765      0.00059843 
           1775     0.000460069 
           1785      0.00106615 
           1795     0.000744684 
           1805      0.00176673 
           1815      0.00103539 
           1825      0.00185128 
           1835      0.00150022 
           1845      0.00299345 
           1855      0.00173999 
           1865      0.00443435 
           1875       0.0035747 
           1885      0.00523179 
           1895      0.00622087 
           1905       0.0068879 
           1915       0.0114953 
           1925      0.00917926 
           1935       0.0102447 
           1945       0.0142943 
           1955       0.0233517 
           1967       0.0230823 
           1976       0.0301764 
           1984        0.045553 
           1995       0.0348463 
           2005       0.0434398 
           2015       0.0489972 
           2025       0.0457243 
           2035       0.0554793 
           2045       0.0565307 
           2055       0.0774552 
           2065       0.0646776 
           2074       0.0578239 
           2078        0.081168 
           2085       0.0938612 
           2095        0.106589 
           2105       0.0957335 
           2115        0.089853 
           2125        0.109791 
           2135        0.154784 
           2145        0.103766 
           2155        0.149198 
           2165        0.143853 
           2175        0.160881 
           2185        0.146574 
           2195        0.285181 
           2205        0.217908 
           2215        0.301715 
           2225        0.233665 
           2235        0.470992 
           2245        0.505435 
           2255        0.737897 
           2265        0.308949 
           2275        0.865682 
           2285        0.641827 
           2295         1.36836 
           2305        0.366928 
           2315         2.04293 
           2325         1.23989 
           2335         2.31528 
           2345          1.3033 
           2355        0.966953 
           2365         1.54734 
           2375         1.35541 
           2385         3.17121 
           2395         2.68924 
           2405         6.24525 
           2415         2.89596 
           2425         4.54577 
           2435         7.37292 
           2445         11.3775 
           2455         14.0546 
           2465         7.23485 
           2475         17.4969 
           2485         4.29181 
           2495         5.37368 
           2505         12.9108 
           2513         7.19555 
           2518         8.63284 
           2525         13.1887 
           2535         39.4391 
           2545         56.2434 
           2555         54.5015 
           2565         20.7953 
           2575         48.5339 
           2585         23.2998 
           2595         36.1254 
           2605         55.0342 
           2615         43.8938 
           2625         88.1161 
           2635         163.774 
           2645         114.284 
           2655         198.812 
           2665         137.039 
           2675         132.936 
           2685         181.649 
           2695         100.087 
           2705         241.102 
           2715         213.591 
           2725         169.745 
           2735         176.881 
           2745         279.869 
           2755         260.399 
           2765         416.751 
           2775         564.608 
           2785         307.412 
           2795         305.612 
           2805         317.212 
           2815         494.764 
           2825         506.657 
           2835         385.029 
           2845         220.675 
           2855          79.094 
           2865         424.351 
           2875         541.055 
           2885         993.013 
           2895         1275.55 
           2910         1780.86 
           2930         1980.43 
           2950         2033.67 
           2970         1946.41 
           2990         2573.15 
           3010         2844.53 
           3030         4135.82 
           3050         4845.95 
           3070         5865.05 
           3090         6852.71 
           3110         10680.1 
           3130         8970.92 
           3150         14085.8 
           3170         19794.9 
           3190         16416.6 
           3210         19435.9 
           3230         16237.1 
           3250         28750.9 
           3270         39265.8 
           3290         48928.4 
           3310         40440.6 
           3330           43656 
           3350         40081.5 
           3370         27595.7 
           3390         34414.1 
           3410         45279.7 
           3430           56425 
           3450         56174.7 
           3470         62143.2 
           3490         75620.5 
           3510          101138 
           3530         87802.5 
           3550          123082 
           3570         71586.5 
           3590         69084.1 
           3610          101718 
           3630          122912 
           3640          124521 
           3650          143687 
           3670          171313 
           3690          154086 
           3710          158308 
           3730           75184 
           3750         97527.7 
           3770          163660 
           3790          175284 
           3810          159491 
           3830         65584.6 
           3850          118124 
           3870          116290 
           3890          149309 
           3910          160183 
           3930         44417.5 
           3950          105699 
           3970         61748.1 
           3990          232030 
           4010          313471 
           4030          297934 
           4050          299799 
           4070          289923 
           4090          358598 
           4110          261492 
           4130          286883 
           4150          272225 
           4170          259979 
           4190          292481 
           4210          285649 
           4230          249561 
           4250          328769 
           4270          309745 
           4290          301296 
           4310          292868 
           4330          427387 
           4350          441922 
           4370          466451 
           4390          419596 
           4410          447567 
           4430          475421 
           4450          490600 
           4470          534053 
           4490          565091 
           4510          646475 
           4530          556551 
           4550          600711 
           4570          649038 
           4590          635992 
           4610          672267 
           4630          661850 
           4650          664166 
           4670          708653 
           4690          699728 
           4710          682063 
           4730          691075 
           4750          699043 
           4770          664565 
           4790          679371 
           4810          730643 
           4830          746292 
           4850          748206 
           4870          721201 
           4890          766264 
           4910          761457 
           4930          737946 
           4950          764652 
           4970          738225 
           4990          686492 
           5010          630261 
           5030          666996 
           5050          642711 
           5070          646268 
           5090          606941 
           5110          626307 
           5130          595008 
           5150          575310 
           5170          547401 
           5190          590127 
           5210          650003 
           5230          813525 
           5250          840539 
           5270          773347 
           5290          873445 
           5310          941967 
           5330          848662 
           5350          921116 
           5370          925712 
           5390          886696 
           5410          898121 
           5430          894724 
           5450          931509 
           5470          913013 
           5490          918284 
           5510          909496 
           5530          961408 
           5550          984089 
           5570          960703 
           5590          936082 
           5610          973733 
           5630          989374 
           5650          999293 
           5670          972382 
           5690      1.00936e+6 
           5710          954542 
           5730      1.04065e+6 
           5750      1.02712e+6 
           5770      1.04496e+6 
           5790      1.00275e+6 
           5810      1.04427e+6 
           5830      1.07574e+6 
           5850      1.04822e+6 
           5870      1.05035e+6 
           5890          941636 
           5910      1.03952e+6 
           5930      1.04425e+6 
           5950      1.03985e+6 
           5970      1.07255e+6 
           5990      1.05627e+6 
           6010      1.04695e+6 
           6030      1.07649e+6 
           6050      1.09635e+6 
           6070      1.08536e+6 
           6090      1.05742e+6 
           6110      1.07079e+6 
           6130      1.01659e+6 
           6150      1.05531e+6 
           6170          999000 
           6190      1.06423e+6 
           6210       1.0528e+6 
           6230      1.03052e+6 
           6250          997989 
           6270      1.03821e+6 
           6290      1.06161e+6 
           6310      1.04704e+6 
           6330      1.06694e+6 
           6350      1.08901e+6 
           6370      1.08292e+6 
           6390      1.09811e+6 
           6410       1.0789e+6 
           6430      1.08796e+6 
           6450      1.08041e+6 
           6470      1.08121e+6 
           6490      1.06355e+6 
           6510      1.09765e+6 
           6530      1.11621e+6 
           6550      1.09184e+6 
           6570      1.08398e+6 
           6590      1.10421e+6 
           6610      1.10409e+6 
           6630       1.1127e+6 
           6650      1.10644e+6 
           6670      1.09355e+6 
           6690      1.11522e+6 
           6710      1.08356e+6 
           6730      1.11123e+6 
           6750      1.08787e+6 
           6770      1.10521e+6 
           6790      1.09977e+6 
           6810       1.1012e+6 
           6830      1.12036e+6 
           6850      1.10058e+6 
           6870      1.10488e+6 
           6890      1.12133e+6 
           6910      1.11919e+6 
           6930      1.11478e+6 
           6950      1.11461e+6 
           6970      1.12846e+6 
           6990      1.11006e+6 
           7010      1.10036e+6 
           7030       1.1198e+6 
           7050      1.11679e+6 
           7070      1.09179e+6 
           7090      1.08984e+6 
           7110      1.09206e+6 
           7130      1.07031e+6 
           7150      1.06234e+6 
           7170      1.08646e+6 
           7190      1.06082e+6 
           7210      1.06835e+6 
           7230      1.10137e+6 
           7250      1.09007e+6 
           7270       1.1024e+6 
           7290      1.09806e+6 
           7310      1.10292e+6 
           7330      1.09859e+6 
           7350      1.09499e+6 
           7370       1.1168e+6 
           7390      1.10421e+6 
           7410      1.09208e+6 
           7430      1.10457e+6 
           7450      1.10686e+6 
           7470      1.10924e+6 
           7490      1.10568e+6 
           7510      1.11729e+6 
           7530      1.11954e+6 
           7550      1.12327e+6 
           7570      1.11813e+6 
           7590      1.10878e+6 
           7610      1.11089e+6 
           7630      1.11329e+6 
           7650       1.1116e+6 
           7670      1.08128e+6 
           7690      1.11007e+6 
           7710      1.09101e+6 
           7730      1.09584e+6 
           7750      1.08768e+6 
           7770      1.10798e+6 
           7790      1.10211e+6 
           7810      1.10772e+6 
           7830      1.09764e+6 
           7850      1.09377e+6 
           7870      1.10737e+6 
           7890      1.09965e+6 
           7910      1.08518e+6 
           7930      1.08379e+6 
           7950         1.07e+6 
           7970      1.09803e+6 
           7990      1.08622e+6 
           8010      1.08826e+6 
           8030      1.08513e+6 
           8050      1.08073e+6 
           8070      1.07613e+6 
           8090       1.0718e+6 
           8110      1.07809e+6 
           8130      1.08709e+6 
           8150      1.08562e+6 
           8170      1.08387e+6 
           8190       1.0601e+6 
           8210      1.05584e+6 
           8230      1.06929e+6 
           8250      1.06849e+6 
           8270      1.08112e+6 
           8290       1.0747e+6 
           8310       1.0512e+6 
           8330      1.05012e+6 
           8350      1.05121e+6 
           8370      1.05151e+6 
           8390      1.00465e+6 
           8410      1.04968e+6 
           8430       1.0164e+6 
           8450        1.047e+6 
           8470       1.0461e+6 
           8490      1.03282e+6 
           8510          990097 
           8530      1.02486e+6 
           8550          875260 
           8570      1.05035e+6 
           8590      1.04383e+6 
           8610      1.03955e+6 
           8630      1.04394e+6 
           8650      1.04033e+6 
           8670          890843 
           8690      1.00628e+6 
           8710      1.03781e+6 
           8730       1.0343e+6 
           8750      1.03371e+6 
           8770      1.03439e+6 
           8790      1.03588e+6 
           8810      1.00895e+6 
           8830      1.02308e+6 
           8850      1.03063e+6 
           8870       1.0179e+6 
           8890      1.02996e+6 
           8910      1.03213e+6 
           8930      1.01726e+6 
           8950      1.01093e+6 
           8970      1.01579e+6 
           8990       1.0171e+6 
           9010          988600 
           9030      1.00686e+6 
           9050      1.02174e+6 
           9070      1.01976e+6 
           9090          990562 
           9110          999744 
           9130      1.00825e+6 
           9150          998807 
           9170          993917 
           9190          999231 
           9210          984592 
           9230          991252 
           9250          978121 
           9270          986662 
           9290          980454 
           9310          991328 
           9330          989506 
           9350          984803 
           9370          969877 
           9390          980661 
           9410          964542 
           9430          974943 
           9450          961414 
           9470          976008 
           9490          975496 
           9510          972814 
           9530          970145 
           9550          956875 
           9570          959749 
           9590          969718 
           9610          956426 
           9630          963060 
           9650          930997 
           9670          934160 
           9690          948884 
           9710          943301 
           9730          934015 
           9750          935854 
           9770          940315 
           9790          918357 
           9810          949534 
           9830          940450 
           9850          948866 
           9870          943516 
           9890          942208 
           9910          940327 
           9930          939408 
           9950          937842 
           9970          938897 
           9990          937217 
          10025          927423 
          10075          922101 
          10125          921983 
          10175          912762 
          10225          913045 
          10275          911960 
          10325          899014 
          10375          894640 
          10425          898003 
          10475          888489 
          10525          890576 
          10575          879379 
          10625          876928 
          10675          865724 
          10725          864975 
          10775          859205 
          10825          848649 
          10875          850006 
          10925          850450 
          10975          831772 
          11025          831993 
          11075          832729 
          11125          828061 
          11175          824137 
          11225          825063 
          11275          813761 
          11325          814963 
          11375          806679 
          11425          802981 
          11475          808416 
          11525          807344 
          11575          799091 
          11625          789249 
          11675          790298 
          11725          795629 
          11775          783398 
          11825          778646 
          11875          772290 
          11925          782014 
          11975          757107 
          12025          769609 
          12075          764747 
          12125          765807 
          12175          765884 
          12225          762631 
          12275          757356 
          12325          755911 
          12375          751955 
          12425          748209 
          12475          747646 
          12525          743010 
          12575          741329 
          12625          737478 
          12675          734134 
          12725          732982 
          12775          732519 
          12825          715412 
          12875          721866 
          12925          716021 
          12975          721299 
          13025          717038 
          13075          717514 
          13125          708909 
          13175          708074 
          13225          709925 
          13275          701145 
          13325          702555 
          13375          702619 
          13425          702182 
          13475          701317 
          13525          699251 
          13575          693517 
          13625          688537 
          13675          692456 
          13725          694220 
          13775          690976 
          13825          691605 
          13875          684437 
          13925          657557 
          13975          671591 
          14025          670737 
          14075          676363 
          14125          671376 
          14175          674616 
          14225          670478 
          14275          663386 
          14325          670677 
          14375          670797 
          14425          666462 
          14475          673409 
          14525          667370 
          14570          667247 
          14620          646934 
          14675          652940 
          14725          656106 
          14775          658714 
          14825          663140 
          14875          653582 
          14925          669065 
          14975          671811 
          15025          650660 
          15075          655899 
          15125          662933 
          15175          668943 
          15225          669644 
          15275          662458 
          15325          670333 
          15375          658936 
          15425          653183 
          15475          675272 
          15525          661191 
          15575          657512 
          15625          671812 
          15675          669113 
          15725          660370 
          15775          646501 
          15825          663859 
          15875          645214 
          15925          666689 
          15975          664058 
          16050          657778 
          16150          658425 
          16250          646280 
          16350          648743 
          16450          629575 
          16550          634795 
          16650          615424 
          16750          605238 
          16850          590658 
          16950          589426 
          17050          573228 
          17150          558890 
          17250          551733 
          17350          534115 
          17450          533046 
          17550          520580 
          17650          512654 
          17750          504096 
          17850          493426 
          17950          490119 
          18050          472689 
          18150          467357 
          18250          453970 
          18350          452079 
          18450          439057 
          18550          431687 
          18650          425304 
          18750          412475 
          18850          408937 
          18950          397740 
          19050          395039 
          19150          387935 
          19250          383935 
          19350          371183 
          19450          363602 
          19550          360907 
          19650          354813 
          19750          345135 
          19850          341236 
          19950          334312 
          20050          332935 
          20150          327597 
          20250          319252 
          20350          313967 
          20450          312003 
          20550          304183 
          20650          298920 
          20750          295346 
          20850          289132 
          20950          283460 
          21050          280739 
          21150          276103 
          21250          271416 
          21350          267301 
          21450          263570 
          21550          258891 
          21650          253603 
          21750          249262 
          21850          245541 
          21950          242402 
          22050          236435 
          22150          235925 
          22250          228809 
          22350          226593 
          22450          223727 
          22550          220584 
          22650          215431 
          22750          214007 
          22850          209411 
          22950          183386 
          23050          193377 
          23150          191900 
          23250          169178 
          23350          179029 
          23450          179225 
          23550          157491 
          23650          168642 
          23750          167679 
          23850          149547 
          23950          158428 
          24050          159556 
          24150          144976 
          24250          150496 
          24350          152020 
          24450          142177 
          24550          141203 
          24650          146111 
          24750          139981 
          24850          133855 
          24950          138285 
          25050          138546 
          25150          129507 
          25250          127230 
          25350          130256 
          25450          128205 
          25550          127053 
          25650          126597 
          25750          126502 
          25850          120953 
          25950          122439 
          26050          120985 
          26150          120623 
          26250          117530 
          26350          117258 
          26450          116718 
          26550          109758 
          26650          110878 
          26750          112414 
          26850          111181 
          26950          108921 
          27050          108544 
          27150          107092 
          27250          106891 
          27350          104731 
          27450          103854 
          27550          102967 
          27650          101707 
          27750          100642 
          27850         99201.9 
          27950           95759 
          28050         93296.3 
          28150         93927.7 
          28250         93896.5 
          28350         93314.9 
          28450           92325 
          28550         90782.7 
          28650         90012.4 
          28750         89118.4 
          28850         88139.5 
          28950           87208 
          29050         85693.5 
          29150         85598.7 
          29250         83081.4 
          29350         82210.1 
          29450         79741.5 
          29550         80505.6 
          29650         78339.4 
          29750         78643.6 
          29850           77940 
          29950         77050.8 
          30050         75116.2 
          30150         75447.6 
          30250         74459.7 
          30350         73818.5 
          30450         71323.2 
          30550         72189.1 
          30650         71089.2 
          30750         70205.3 
          30850         68753.4 
          30950         67861.5 
          31050         67827.5 
          31150         66068.8 
          31250         66198.3 
          31350         64005.7 
          31450         64368.7 
          31550         63654.8 
          31650           63460 
          31750         62085.5 
          31850         61324.9 
          31950         60568.8 
          32100         60344.1 
          32300           57902 
          32500         57501.8 
          32700         56085.4 
          32900         54215.3 
          33100         53651.5 
          33300           51864 
          33500         51142.6 
          33700         50351.6 
          33900         48395.5 
          34100         47994.7 
          34300         47385.4 
          34500         45432.3 
          34700         45157.2 
          34900         44353.5 
          35100         42840.4 
          35300         42099.3 
          35500         41551.6 
          35700         40150.3 
          35900         39449.9 
          36100         39184.5 
          36300         37890.5 
          36500         37238.9 
          36700           36560 
          36900         35780.2 
          37100         34809.7 
          37300         34353.5 
          37500         33811.2 
          37700         32740.4 
          37900         32555.8 
          38100         31656.9 
          38300         31088.3 
          38500         30494.2 
          38700         30076.7 
          38900         29310.1 
          39100         28762.1 
          39300         28228.7 
          39500         27863.9 
          39700         27292.2 
          39900         26385.1 
          40100         26080.4 
          40300         25652.8 
          40500         24867.2 
          40700           24396 
          40900         23957.6 
          41100         23631.3 
          41300         22996.6 
          41500         22744.9 
          41700         22052.7 
          41900         21992.9 
          42100         21240.3 
          42300         21162.1 
          42500         20635.3 
          42700         20338.5 
          42900         19254.6 
          43100           18216 
          43300           18587 
          43500         17414.1 
          43700         17018.3 
          43900         16770.9 
          44100         15657.6 
          44300         15688.9 
          44500         15243.8 
          44700         14474.2 
          44900         14591.7 
          45100         14183.4 
          45300         13574.3 
          45500         13702.6 
          45700         13550.1 
          45900         12809.6 
          46100         12998.5 
          46300         12702.9 
          46500         12637.1 
          46700         12473.5 
          46900         12296.9 
          47100         12024.4 
          47300         12074.7 
          47500         11850.3 
          47700         11693.8 
          47900           11525 
          48100         11234.3 
          48300         11376.9 
          48500         11134.4 
          48700           10846 
          48900         10781.5 
          49100         10627.1 
          49300         10449.9 
          49500         10317.6 
          49700         10234.8 
          49900           10093 
          50100          9830.5 
          50300         9862.66 
          50500         9621.76 
          50700         9524.01 
          50900         9433.76 
          51100         9247.38 
          51300         9167.26 
          51500         9041.51 
          51700         9001.99 
          51900         8820.02 
          52100         8686.37 
          52300          8596.1 
          52500         8529.09 
          52700         8533.52 
          52900         8250.22 
          53100         8164.27 
          53300         8073.81 
          53500         7995.26 
          53700         7909.29 
          53900         7830.09 
          54100         7737.55 
          54300         7572.82 
          54500          7564.9 
          54700         7427.47 
          54900         7348.57 
          55100         7239.73 
          55300         7278.87 
          55500         7052.83 
          55700         7076.59 
          55900         6940.92 
          56100         6886.02 
          56300         6749.11 
          56500         6733.75 
          56700         6639.57 
          56900         6503.73 
          57100         6496.73 
          57300         6414.62 
          57500         6343.07 
          57700         6251.99 
          57900         6214.83 
          58100         6114.52 
          58300         6042.05 
          58500         5987.49 
          58700         5886.52 
          58900         5826.52 
          59100         5769.46 
          59300          5706.4 
          59500         5625.75 
          59700         5583.47 
          59900         5519.26 
          60100         5457.03 
          60300         5385.05 
          60500         5302.16 
          60700         5247.95 
          60900         5184.28 
          61100         5112.86 
          61300         5072.33 
          61500         5015.39 
          61700          4966.9 
          61900         4911.25 
          62100         4856.81 
          62300          4791.9 
          62500         4723.67 
          62700         4675.76 
          62900          4623.6 
          63100         4562.73 
          63300         4528.59 
          63500         4460.77 
          63700         4429.65 
          63900         4358.78 
          64200         4292.28 
          64600         4181.69 
          65000         4086.69 
          65400         3992.81 
          65800         3900.74 
          66200         3806.63 
          66600         3727.15 
          67000         3642.08 
          67400         3560.67 
          67800         3479.36 
          68200         3399.46 
          68600         3332.23 
          69000         3255.57 
          69400         3182.56 
          69800         3119.28 
          70200         3045.46 
          70600         2982.86 
          71000         2918.55 
          71400         2857.34 
          71800         2796.88 
          72200         2735.33 
          72600         2678.11 
          73000         2624.17 
          73400         2566.77 
          73800         2515.36 
          74200         2460.05 
          74600         2411.13 
          75000         2362.71 
          75400         2301.33 
          75800         2220.19 
          76200         2158.99 
          76600         2092.58 
          77000          2040.4 
          77400         1975.91 
          77800         1928.39 
          78200            1880 
          78600         1827.92 
          79000         1797.09 
          79400         1744.72 
          79800         1715.09 
          80200         1684.79 
          80600         1649.84 
          81000         1623.13 
          81400          1603.3 
          81800         1568.74 
          82200          1548.1 
          82600         1521.11 
          83000         1492.37 
          83400         1470.02 
          83800         1444.38 
          84200         1414.85 
          84600         1392.19 
          85000          1371.4 
          85400         1346.55 
          85800         1321.38 
          86200         1300.73 
          86600         1272.42 
          87000         1255.67 
          87400         1238.18 
          87800         1210.06 
          88200          1188.8 
          88600         1171.75 
          89000         1152.87 
          89400         1131.88 
          89800         1111.78 
          90200          1098.6 
          90600         1083.51 
          91000         1063.31 
          91400         1041.72 
          91800          1029.8 
          92200         1008.69 
          92600         997.142 
          93000         981.918 
          93400         965.493 
          93800         946.401 
          94200         936.555 
          94600         919.138 
          95000         909.995 
          95400          897.33 
          95800         878.687 
          96200         869.237 
          96600         852.808 
          97000         843.908 
          97400         829.247 
          97800         815.663 
          98200         806.219 
          98600         794.266 
          99000          780.75 
          99400         767.349 
          99800         759.999 
         100200         748.203 
         200000         49.3657 
         400000         3.13698 
         600000        0.619783 
         800000        0.195452 
         1.0e+6       0.0797159 
         1.2e+6       0.0382747 
         1.4e+6       0.0205683 
         1.6e+6       0.0120059 
