# Kurucz ODFNEW /NOVER (2003)
# teff = 5500 K (value for the effective temperature for the model. Temperatures are given in K)
# logg = 0 log(cm/s2) (value for Log(G) for the model.)
# meta = 0.2  (value for the Metallicity for the model.)
# lh = 1.25  (l/Hp where l is the  mixing length of the convective element and Hp is the pressure scale height)
# vtur = 2 km/s (Microturbulence velocity)
# alpha = 0  (Alpha)
#
# column 1: WAVELENGTH (ANGSTROM), Wavelength in Angstrom
# column 2: FLUX (ERG/CM2/S/A), Flux in erg/cm2/s/A
          147.2    1.20044e-134 
            151    5.72025e-131 
          155.2    4.08244e-127 
          158.8    5.61596e-124 
            162    2.63541e-121 
            166    4.10826e-118 
          170.3    7.52833e-115 
          173.4    1.34065e-112 
          176.8    3.19069e-110 
          180.2    6.16118e-108 
          181.7    5.89532e-107 
          186.1    3.59366e-104 
            191    3.19003e-101 
          193.9     1.50192e-99 
          198.4     4.72566e-97 
          201.8     3.07289e-95 
            205     1.37666e-93 
          210.5      7.1795e-91 
          216.2     3.34388e-88 
          219.8     1.37102e-86 
            223     3.35253e-85 
          226.8     1.32687e-83 
            230      2.6725e-82 
            234     1.01159e-80 
            240     1.87037e-78 
          246.5     3.99339e-76 
          252.4     4.07493e-74 
          256.8     1.11437e-72 
            260     1.15059e-71 
            264      1.9637e-70 
          268.5      4.3039e-69 
          273.5     1.17674e-67 
          278.5     2.85424e-66 
            284     8.33461e-65 
            290     2.84805e-63 
            296      8.3936e-62 
            301     1.26847e-60 
            308     4.88068e-59 
            318     6.74152e-57 
            328     6.84412e-55 
            338     5.24382e-53 
            348     3.11173e-51 
            357     1.00286e-49 
            366     2.71568e-48 
            375     6.24118e-47 
            385     1.70252e-45 
            395     3.90504e-44 
            405     7.63634e-43 
            414     9.77409e-42 
            422     8.57121e-41 
            430     6.91377e-40 
            441     1.07352e-38 
            451     1.15113e-37 
            460     8.88697e-37 
            470     7.82963e-36 
            480      6.2749e-35 
            490     4.60595e-34 
            500     3.10862e-33 
            506     1.25626e-32 
            512      4.1429e-32 
            520     1.67564e-31 
            530     9.08737e-31 
            540      4.5515e-30 
            550     2.16847e-29 
            560     9.69213e-29 
            570     4.09903e-28 
            580     1.62798e-27 
            590     6.28319e-27 
            600     2.28884e-26 
            610     7.98037e-26 
            620     2.66416e-25 
            630       8.543e-25 
            640      2.6372e-24 
            650     7.84756e-24 
            658     1.83064e-23 
            665     3.77023e-23 
            675     1.03115e-22 
            685     2.73451e-22 
            695     7.03356e-22 
            705     1.75242e-21 
            716     4.66686e-21 
            726     1.10308e-20 
            735     2.34172e-20 
            745     5.28266e-20 
            755     1.16457e-19 
            765     2.51404e-19 
            775     5.30517e-19 
            785     1.09841e-18 
            795     2.21046e-18 
            805     4.41937e-18 
            815     8.66354e-18 
            825      1.6645e-17 
            835      3.1447e-17 
            845     5.84543e-17 
            855     1.06991e-16 
            865     1.92789e-16 
            875     3.41786e-16 
            885     5.99612e-16 
            895     1.03609e-15 
            905     1.76602e-15 
            915     3.25061e-12 
            925     1.20461e-11 
            935     1.86045e-11 
            945     3.09179e-11 
            955     5.40212e-11 
            965      9.0017e-11 
            975     1.36996e-10 
            985     2.05841e-10 
            995     3.10155e-10 
           1005     5.16741e-10 
           1015     7.80939e-10 
           1025       1.1336e-9 
           1035      1.77103e-9 
           1045      2.61269e-9 
           1055      3.83253e-9 
           1065      5.45286e-9 
           1075      7.95887e-9 
           1085      1.15324e-8 
           1095      1.57761e-8 
           1105      3.80116e-7 
           1115      2.34878e-6 
           1125      3.91635e-6 
           1135      5.72687e-6 
           1145       7.6422e-6 
           1155      8.32037e-6 
           1165      1.18768e-5 
           1175      1.36699e-5 
           1185      1.41742e-5 
           1195      4.28773e-6 
           1205      3.03324e-6 
           1215      4.10307e-7 
           1225      3.51794e-6 
           1235      1.46908e-5 
           1245      3.17906e-5 
           1255      4.44988e-5 
           1265      3.98524e-5 
           1275      5.96904e-5 
           1285      5.31182e-5 
           1295      7.38239e-5 
           1305      5.65174e-5 
           1315      8.07804e-5 
           1325      7.53448e-5 
           1335      8.35803e-5 
           1345      9.73006e-5 
           1355     0.000109139 
           1365     0.000118889 
           1375     0.000124252 
           1385     0.000155896 
           1395     0.000175849 
           1405     0.000226874 
           1415     0.000262439 
           1425     0.000282442 
           1435     0.000369407 
           1442     0.000510407 
           1447     0.000433314 
           1455     0.000489137 
           1465     0.000705284 
           1475     0.000671944 
           1485     0.000810065 
           1495      0.00111298 
           1505       0.0015134 
           1512     0.000994447 
           1517       0.0016922 
           1525      0.00732068 
           1535        0.342014 
           1545        0.448614 
           1555        0.825852 
           1565        0.710875 
           1575         1.83746 
           1585         2.60898 
           1595         3.31338 
           1605         3.40165 
           1615         3.56461 
           1625         4.61941 
           1635         4.83577 
           1645         8.52186 
           1655         2.76885 
           1665         9.10532 
           1672         4.22037 
           1677         10.5721 
           1685         23.7099 
           1695         47.9031 
           1705         46.6482 
           1715         54.1714 
           1725          72.622 
           1735         99.5793 
           1745         125.167 
           1755         197.696 
           1765         224.086 
           1775         204.709 
           1785         259.057 
           1795         361.328 
           1805         276.867 
           1815         302.095 
           1825          342.85 
           1835          525.07 
           1845         416.458 
           1855         629.838 
           1865         742.395 
           1875         853.004 
           1885         989.295 
           1895         1258.69 
           1905         1158.21 
           1915         1356.33 
           1925         1408.35 
           1935         1014.91 
           1945         2121.34 
           1955         2219.16 
           1967         2980.56 
           1976         2962.83 
           1984         3248.31 
           1995         3446.77 
           2005         3643.94 
           2015         3638.21 
           2025         3149.71 
           2035         4603.84 
           2045         5385.25 
           2055         4627.78 
           2065         4419.18 
           2074         6549.69 
           2078         7883.07 
           2085         8307.03 
           2095          8938.8 
           2105         9530.83 
           2115         8964.24 
           2125         6625.35 
           2135         7752.41 
           2145         11781.6 
           2155         13648.7 
           2165         11564.2 
           2175         13199.7 
           2185         16600.9 
           2195         20960.1 
           2205         18486.1 
           2215           13350 
           2225         15833.6 
           2235         26073.5 
           2245           22490 
           2255         14157.1 
           2265         11794.1 
           2275         21287.2 
           2285           23294 
           2295           24296 
           2305         27930.2 
           2315         23767.6 
           2325         19300.5 
           2335         8658.48 
           2345          6100.6 
           2355         13806.3 
           2365          6576.7 
           2375         9909.42 
           2385         4604.55 
           2395         6945.43 
           2405          6819.4 
           2415         13080.4 
           2425         35732.3 
           2435         42389.8 
           2445         53392.9 
           2455         55663.5 
           2465         50346.3 
           2475         43561.5 
           2485         29770.6 
           2495         41772.9 
           2505         63434.4 
           2513         35795.2 
           2518         29707.2 
           2525         27790.2 
           2535         39607.4 
           2545         46952.9 
           2555         67837.6 
           2565         39506.9 
           2575         48190.7 
           2585         30621.6 
           2595         24276.4 
           2605         17975.9 
           2615         17309.3 
           2625         24578.7 
           2635         53337.3 
           2645          131618 
           2655          188444 
           2665          124356 
           2675          143676 
           2685          167697 
           2695          133958 
           2705          159084 
           2715         89229.7 
           2725         85851.6 
           2735         83975.9 
           2745         38955.2 
           2755         56246.2 
           2765         74486.3 
           2775           75966 
           2785         46908.2 
           2795         12349.3 
           2805         16832.6 
           2815         65269.7 
           2825          107577 
           2835          131718 
           2845          142970 
           2855         99254.6 
           2865          177312 
           2875          229302 
           2885          244734 
           2895          276426 
           2910          393470 
           2930          369392 
           2950          351855 
           2970          477185 
           2990          489321 
           3010          569662 
           3030          601723 
           3050          653187 
           3070          549091 
           3090          700975 
           3110          730665 
           3130          708591 
           3150          754028 
           3170          746868 
           3190          672116 
           3210          826281 
           3230          540816 
           3250          801752 
           3270      1.03662e+6 
           3290      1.03593e+6 
           3310      1.08183e+6 
           3330          976366 
           3350          904889 
           3370          885556 
           3390          978695 
           3410      1.19919e+6 
           3430      1.28243e+6 
           3450      1.34673e+6 
           3470      1.28876e+6 
           3490      1.30419e+6 
           3510      1.46501e+6 
           3530      1.42751e+6 
           3550      1.63579e+6 
           3570      1.30844e+6 
           3590        1.373e+6 
           3610      1.42154e+6 
           3630      1.57597e+6 
           3640      1.57338e+6 
           3650      1.70596e+6 
           3670      1.79128e+6 
           3690       1.9292e+6 
           3710      2.30711e+6 
           3730      2.48898e+6 
           3750      2.75933e+6 
           3770      2.86214e+6 
           3790      3.20994e+6 
           3810      3.41302e+6 
           3830      2.45481e+6 
           3850      2.65954e+6 
           3870      2.61728e+6 
           3890      2.59467e+6 
           3910      1.80991e+6 
           3930          516741 
           3950          929503 
           3970          611075 
           3990      2.27977e+6 
           4010      3.78297e+6 
           4030      4.35071e+6 
           4050      4.31795e+6 
           4070      4.29381e+6 
           4090      5.24824e+6 
           4110      5.21646e+6 
           4130      5.10267e+6 
           4150      5.48235e+6 
           4170      5.07588e+6 
           4190      5.18826e+6 
           4210      5.27172e+6 
           4230      5.28009e+6 
           4250      5.45431e+6 
           4270      5.41098e+6 
           4290      5.09331e+6 
           4310       4.2897e+6 
           4330      5.89561e+6 
           4350       5.6928e+6 
           4370      6.27208e+6 
           4390      5.92927e+6 
           4410      5.96453e+6 
           4430      6.05323e+6 
           4450      6.16826e+6 
           4470      6.57324e+6 
           4490       6.7512e+6 
           4510      7.46009e+6 
           4530      6.70299e+6 
           4550      6.62145e+6 
           4570      7.27144e+6 
           4590      6.80427e+6 
           4610       7.3899e+6 
           4630      7.16786e+6 
           4650      7.45531e+6 
           4670      7.50336e+6 
           4690      7.32629e+6 
           4710       6.9964e+6 
           4730      7.47754e+6 
           4750      7.76067e+6 
           4770       7.8252e+6 
           4790      7.83487e+6 
           4810      7.62362e+6 
           4830      7.84661e+6 
           4850      7.36146e+6 
           4870      6.47465e+6 
           4890      7.68328e+6 
           4910      7.67895e+6 
           4930       7.3015e+6 
           4950      7.86654e+6 
           4970      7.83325e+6 
           4990       7.1483e+6 
           5010      6.74073e+6 
           5030      7.19587e+6 
           5050      7.46147e+6 
           5070      7.70668e+6 
           5090      7.43205e+6 
           5110        7.507e+6 
           5130       7.0542e+6 
           5150      7.02253e+6 
           5170      6.85611e+6 
           5190       6.8105e+6 
           5210      7.08697e+6 
           5230      7.12281e+6 
           5250      7.22692e+6 
           5270      6.48078e+6 
           5290      7.25024e+6 
           5310      7.22592e+6 
           5330      6.85579e+6 
           5350      7.37954e+6 
           5370      7.59484e+6 
           5390      7.31282e+6 
           5410      7.11623e+6 
           5430      7.23167e+6 
           5450      7.63593e+6 
           5470      7.31893e+6 
           5490      7.23196e+6 
           5510      7.21032e+6 
           5530      7.35549e+6 
           5550      7.41754e+6 
           5570      7.41938e+6 
           5590       7.1976e+6 
           5610      7.49518e+6 
           5630      7.39864e+6 
           5650      7.36488e+6 
           5670      7.11416e+6 
           5690      7.32023e+6 
           5710      7.07411e+6 
           5730      7.65543e+6 
           5750      7.32174e+6 
           5770      7.45981e+6 
           5790      7.16406e+6 
           5810      7.30969e+6 
           5830      7.47919e+6 
           5850      7.35747e+6 
           5870      7.37968e+6 
           5890      7.02397e+6 
           5910      7.29307e+6 
           5930       7.2641e+6 
           5950      7.23929e+6 
           5970      7.33748e+6 
           5990      7.18293e+6 
           6010      7.03477e+6 
           6030      7.12277e+6 
           6050      7.17538e+6 
           6070      7.26529e+6 
           6090      6.92267e+6 
           6110      6.79387e+6 
           6130       6.6288e+6 
           6150      6.63088e+6 
           6170      6.49048e+6 
           6190      6.88201e+6 
           6210      6.92626e+6 
           6230       6.6097e+6 
           6250      6.27042e+6 
           6270      6.74431e+6 
           6290      6.78471e+6 
           6310      6.43814e+6 
           6330      6.59384e+6 
           6350      6.59077e+6 
           6370      6.51621e+6 
           6390      6.59256e+6 
           6410      6.47566e+6 
           6430      6.53048e+6 
           6450      6.43689e+6 
           6470      6.50587e+6 
           6490      6.29151e+6 
           6510      6.44759e+6 
           6530      6.47715e+6 
           6550      6.28373e+6 
           6570      5.41299e+6 
           6590      6.31108e+6 
           6610      6.32227e+6 
           6630      6.36483e+6 
           6650       6.3076e+6 
           6670      6.23181e+6 
           6690      6.33526e+6 
           6710      6.19966e+6 
           6730      6.27748e+6 
           6750      6.11085e+6 
           6770      6.20023e+6 
           6790      6.07763e+6 
           6810      6.10844e+6 
           6830      6.08596e+6 
           6850      5.96705e+6 
           6870      6.04922e+6 
           6890      6.06089e+6 
           6910      6.00077e+6 
           6930      5.96304e+6 
           6950      5.90124e+6 
           6970       5.9245e+6 
           6990      5.88548e+6 
           7010      5.66327e+6 
           7030      5.76937e+6 
           7050      5.80801e+6 
           7070      5.72839e+6 
           7090      5.72932e+6 
           7110       5.6212e+6 
           7130      5.60942e+6 
           7150       5.6035e+6 
           7170      5.57434e+6 
           7190       5.3539e+6 
           7210      5.50019e+6 
           7230      5.46245e+6 
           7250      5.49013e+6 
           7270      5.48804e+6 
           7290      5.31081e+6 
           7310      5.33629e+6 
           7330      5.37732e+6 
           7350      5.35633e+6 
           7370      5.40324e+6 
           7390      5.25345e+6 
           7410      5.17463e+6 
           7430      5.15091e+6 
           7450      5.18865e+6 
           7470      5.21499e+6 
           7490      5.17186e+6 
           7510      5.17755e+6 
           7530      5.17759e+6 
           7550      5.23016e+6 
           7570      5.13557e+6 
           7590      5.14288e+6 
           7610      5.11861e+6 
           7630      5.14073e+6 
           7650      5.06799e+6 
           7670      4.94407e+6 
           7690      5.02776e+6 
           7710      4.94411e+6 
           7730      4.94516e+6 
           7750      4.91114e+6 
           7770      4.89406e+6 
           7790      4.96916e+6 
           7810      4.92584e+6 
           7830      4.84823e+6 
           7850       4.7873e+6 
           7870      4.85059e+6 
           7890      4.78597e+6 
           7910      4.69057e+6 
           7930      4.65406e+6 
           7950      4.62959e+6 
           7970      4.74244e+6 
           7990      4.70049e+6 
           8010      4.66202e+6 
           8030      4.61061e+6 
           8050      4.60714e+6 
           8070      4.59544e+6 
           8090       4.5214e+6 
           8110       4.5788e+6 
           8130      4.58269e+6 
           8150      4.53839e+6 
           8170        4.528e+6 
           8190      4.37224e+6 
           8210      4.35923e+6 
           8230      4.37322e+6 
           8250      4.35559e+6 
           8270      4.42868e+6 
           8290      4.39868e+6 
           8310      4.28326e+6 
           8330      4.23785e+6 
           8350      4.29787e+6 
           8370      4.25961e+6 
           8390      4.21465e+6 
           8410      4.25594e+6 
           8430      4.19415e+6 
           8450      4.16287e+6 
           8470      4.12922e+6 
           8490      3.81218e+6 
           8510       3.4753e+6 
           8530      3.44489e+6 
           8550       2.4181e+6 
           8570      4.04131e+6 
           8590      4.08649e+6 
           8610      4.06443e+6 
           8630      4.16504e+6 
           8650      3.68817e+6 
           8670      2.56387e+6 
           8690      3.88697e+6 
           8710      4.12354e+6 
           8730      4.12597e+6 
           8750      3.92163e+6 
           8770      4.15557e+6 
           8790      4.11426e+6 
           8810      4.04289e+6 
           8830      4.01937e+6 
           8850      4.01114e+6 
           8870      3.80814e+6 
           8890      4.01373e+6 
           8910      4.04509e+6 
           8930      3.94408e+6 
           8950      3.96061e+6 
           8970      3.94456e+6 
           8990      3.93179e+6 
           9010      3.68353e+6 
           9030      3.83919e+6 
           9050      3.95167e+6 
           9070       3.8076e+6 
           9090       3.6932e+6 
           9110      3.74482e+6 
           9130      3.84634e+6 
           9150      3.80754e+6 
           9170      3.75928e+6 
           9190      3.76854e+6 
           9210      3.64373e+6 
           9230      3.46868e+6 
           9250      3.56443e+6 
           9270      3.62977e+6 
           9290      3.66615e+6 
           9310      3.67588e+6 
           9330      3.64958e+6 
           9350      3.63959e+6 
           9370      3.62063e+6 
           9390       3.5904e+6 
           9410      3.40468e+6 
           9430      3.51679e+6 
           9450      3.47201e+6 
           9470       3.5431e+6 
           9490      3.55169e+6 
           9510      3.51419e+6 
           9530      3.48191e+6 
           9550      3.29501e+6 
           9570      3.42954e+6 
           9590      3.46879e+6 
           9610      3.40452e+6 
           9630      3.34989e+6 
           9650      3.35734e+6 
           9670      3.30117e+6 
           9690      3.30705e+6 
           9710      3.36876e+6 
           9730      3.34856e+6 
           9750      3.25831e+6 
           9770      3.31891e+6 
           9790      3.26932e+6 
           9810       3.3099e+6 
           9830      3.29009e+6 
           9850      3.24627e+6 
           9870      3.23985e+6 
           9890      3.21509e+6 
           9910      3.19288e+6 
           9930      3.22424e+6 
           9950      3.20029e+6 
           9970      3.20077e+6 
           9990      3.19034e+6 
          10025      3.13868e+6 
          10075      3.06084e+6 
          10125      3.06604e+6 
          10175       3.0275e+6 
          10225      3.01962e+6 
          10275      3.01553e+6 
          10325      2.93667e+6 
          10375      2.91988e+6 
          10425      2.90435e+6 
          10475      2.80534e+6 
          10525      2.81572e+6 
          10575      2.79822e+6 
          10625      2.76801e+6 
          10675      2.68233e+6 
          10725      2.68699e+6 
          10775      2.65565e+6 
          10825      2.60976e+6 
          10875      2.59401e+6 
          10925        2.519e+6 
          10975      2.50345e+6 
          11025      2.51625e+6 
          11075      2.50301e+6 
          11125      2.46111e+6 
          11175       2.4398e+6 
          11225      2.43474e+6 
          11275      2.35804e+6 
          11325      2.34505e+6 
          11375       2.3361e+6 
          11425      2.28625e+6 
          11475      2.33078e+6 
          11525      2.30943e+6 
          11575      2.26576e+6 
          11625      2.20598e+6 
          11675      2.18154e+6 
          11725      2.22356e+6 
          11775       2.1482e+6 
          11825      2.13926e+6 
          11875      2.09516e+6 
          11925      2.15103e+6 
          11975      2.06827e+6 
          12025      2.08623e+6 
          12075      2.05224e+6 
          12125      2.03799e+6 
          12175      2.03712e+6 
          12225      2.01162e+6 
          12275      1.99334e+6 
          12325      1.97291e+6 
          12375      1.95685e+6 
          12425      1.94003e+6 
          12475      1.92541e+6 
          12525      1.89023e+6 
          12575      1.86761e+6 
          12625      1.86126e+6 
          12675      1.84311e+6 
          12725      1.84024e+6 
          12775      1.82727e+6 
          12825      1.72049e+6 
          12875      1.78011e+6 
          12925      1.75134e+6 
          12975      1.74946e+6 
          13025       1.7278e+6 
          13075      1.72188e+6 
          13125      1.69343e+6 
          13175      1.67214e+6 
          13225      1.67055e+6 
          13275      1.64035e+6 
          13325      1.63649e+6 
          13375      1.62065e+6 
          13425      1.61046e+6 
          13475      1.59731e+6 
          13525      1.57833e+6 
          13575      1.54706e+6 
          13625       1.5434e+6 
          13675      1.52831e+6 
          13725      1.49731e+6 
          13775      1.49687e+6 
          13825      1.48856e+6 
          13875      1.48224e+6 
          13925      1.46098e+6 
          13975      1.45259e+6 
          14025      1.43113e+6 
          14075      1.42801e+6 
          14125      1.40115e+6 
          14175      1.39603e+6 
          14225      1.37074e+6 
          14275      1.35075e+6 
          14325      1.35544e+6 
          14375      1.35528e+6 
          14425      1.28884e+6 
          14475      1.32308e+6 
          14525      1.28242e+6 
          14570      1.29611e+6 
          14620       1.2754e+6 
          14675      1.27432e+6 
          14725      1.24546e+6 
          14775      1.23449e+6 
          14825      1.22828e+6 
          14875        1.211e+6 
          14925       1.2245e+6 
          14975      1.20247e+6 
          15025      1.18222e+6 
          15075      1.16514e+6 
          15125      1.16968e+6 
          15175      1.16655e+6 
          15225      1.15877e+6 
          15275      1.14326e+6 
          15325      1.13108e+6 
          15375      1.14195e+6 
          15425      1.10134e+6 
          15475      1.12071e+6 
          15525      1.11297e+6 
          15575      1.07347e+6 
          15625      1.10886e+6 
          15675      1.07966e+6 
          15725      1.05249e+6 
          15775      1.05473e+6 
          15825      1.06231e+6 
          15875          990423 
          15925       1.0416e+6 
          15975      1.04532e+6 
          16050      1.02481e+6 
          16150          988656 
          16250          997169 
          16350          971762 
          16450          930441 
          16550          937345 
          16650          922722 
          16750          901035 
          16850          861911 
          16950          873984 
          17050          842716 
          17150          836990 
          17250          808665 
          17350          772876 
          17450          775586 
          17550          764987 
          17650          749643 
          17750          735481 
          17850          722569 
          17950          714564 
          18050          694146 
          18150          669787 
          18250          668428 
          18350          659574 
          18450          644176 
          18550          632246 
          18650          619029 
          18750          589190 
          18850          597258 
          18950          573535 
          19050          580413 
          19150          567884 
          19250          558187 
          19350          544524 
          19450          522000 
          19550          528344 
          19650          518112 
          19750          506311 
          19850          499865 
          19950          491174 
          20050          484994 
          20150          478522 
          20250          466228 
          20350          455717 
          20450          453928 
          20550          444624 
          20650          435239 
          20750          428097 
          20850          421253 
          20950          412855 
          21050          408015 
          21150          399188 
          21250          392929 
          21350          387025 
          21450          382197 
          21550          376233 
          21650          359672 
          21750          361589 
          21850          356456 
          21950          352488 
          22050          343510 
          22150          339110 
          22250          334714 
          22350          329290 
          22450          324374 
          22550          316021 
          22650          312231 
          22750          309150 
          22850          303225 
          22950          291905 
          23050          292412 
          23150          288036 
          23250          276587 
          23350          276918 
          23450          274958 
          23550          262792 
          23650          264522 
          23750          261671 
          23850          250938 
          23950          251769 
          24050          248788 
          24150          241002 
          24250          241030 
          24350          236430 
          24450          231601 
          24550          229181 
          24650          228305 
          24750          223622 
          24850          219679 
          24950          215531 
          25050          216809 
          25150          211455 
          25250          207810 
          25350          207751 
          25450          204016 
          25550          200847 
          25650          195012 
          25750          196790 
          25850          191600 
          25950          191407 
          26050          189102 
          26150          183152 
          26250          179042 
          26350          181072 
          26450          178418 
          26550          175906 
          26650          172191 
          26750          169126 
          26850          170043 
          26950          167736 
          27050          165272 
          27150          163382 
          27250          161272 
          27350          159098 
          27450          157491 
          27550          152245 
          27650          152264 
          27750          150763 
          27850          148973 
          27950          147427 
          28050          145367 
          28150          143456 
          28250          141569 
          28350          140052 
          28450          137645 
          28550          136271 
          28650          134422 
          28750          130079 
          28850          130876 
          28950          129371 
          29050          127835 
          29150          125913 
          29250          124129 
          29350          123066 
          29450          121250 
          29550          119990 
          29650          118574 
          29750          117033 
          29850          115667 
          29950          113905 
          30050          112576 
          30150          111259 
          30250          109965 
          30350          106689 
          30450          107038 
          30550          105870 
          30650          104478 
          30750          103481 
          30850          101679 
          30950          100689 
          31050         99607.8 
          31150         97680.3 
          31250         97137.1 
          31350         95912.8 
          31450           94942 
          31550         93803.6 
          31650         92835.7 
          31750         91609.1 
          31850         90693.1 
          31950         89698.1 
          32100         88031.9 
          32300         86089.3 
          32500         84062.8 
          32700           82097 
          32900           79212 
          33100         78123.5 
          33300         76352.2 
          33500         74852.4 
          33700         72974.8 
          33900         71306.5 
          34100         69717.7 
          34300         68436.3 
          34500           67183 
          34700         65625.5 
          34900         64312.6 
          35100           62961 
          35300         61487.7 
          35500         60267.7 
          35700         58873.1 
          35900         57780.5 
          36100         56537.9 
          36300           55585 
          36500         54058.4 
          36700         53140.8 
          36900         51523.2 
          37100         50711.9 
          37300         49638.9 
          37500         47886.5 
          37700         47859.5 
          37900         46930.9 
          38100         45850.3 
          38300         45226.3 
          38500         44424.7 
          38700         43415.9 
          38900         42572.2 
          39100         41595.7 
          39300         41083.2 
          39500         40175.6 
          39700         39499.4 
          39900         38446.5 
          40100         37799.2 
          40300         37097.9 
          40500         36199.6 
          40700           35897 
          40900         35188.7 
          41100         34679.8 
          41300         34059.8 
          41500         33342.9 
          41700         32555.9 
          41900         32155.7 
          42100         31468.3 
          42300         31120.9 
          42500         30476.2 
          42700         29993.1 
          42900         28735.6 
          43100         27844.9 
          43300         27712.8 
          43500         26516.9 
          43700         25884.1 
          43900         25750.5 
          44100         24440.4 
          44300         24398.8 
          44500         24058.2 
          44700         22932.7 
          44900           23011 
          45100         22590.7 
          45300         21703.2 
          45500         21656.6 
          45700         21427.8 
          45900         20560.2 
          46100         20573.6 
          46300         20176.6 
          46500         19820.4 
          46700         19609.6 
          46900         19355.3 
          47100           19030 
          47300         18967.1 
          47500         18552.2 
          47700         18251.2 
          47900         18041.7 
          48100         17613.5 
          48300         17608.4 
          48500         17277.7 
          48700         16966.2 
          48900         16747.3 
          49100         16500.2 
          49300         16251.9 
          49500         16005.5 
          49700         15776.3 
          49900         15589.6 
          50100         15265.7 
          50300         15162.4 
          50500         14838.7 
          50700         14673.5 
          50900         14495.8 
          51100         14249.4 
          51300         14025.8 
          51500         13870.2 
          51700         13766.3 
          51900           13487 
          52100           13281 
          52300         13098.3 
          52500           12979 
          52700           12821 
          52900         12552.1 
          53100         12428.3 
          53300         12253.4 
          53500         12105.2 
          53700         11938.1 
          53900         11795.3 
          54100           11637 
          54300         11409.1 
          54500           11329 
          54700         11158.5 
          54900         10993.4 
          55100         10876.5 
          55300         10762.6 
          55500         10546.6 
          55700         10509.2 
          55900         10302.6 
          56100         10185.4 
          56300         10033.9 
          56500         9966.26 
          56700         9832.33 
          56900         9651.63 
          57100         9550.51 
          57300         9457.22 
          57500         9331.04 
          57700         9206.15 
          57900         9111.65 
          58100         8972.46 
          58300         8868.34 
          58500         8776.43 
          58700         8637.79 
          58900         8529.49 
          59100         8404.66 
          59300         8329.42 
          59500         8148.91 
          59700         8139.33 
          59900         8036.35 
          60100         7941.33 
          60300         7842.33 
          60500         7734.57 
          60700          7634.5 
          60900         7545.13 
          61100         7435.67 
          61300         7368.18 
          61500         7281.79 
          61700         7196.86 
          61900         7113.06 
          62100         7029.71 
          62300         6927.28 
          62500         6847.34 
          62700         6767.88 
          62900         6657.31 
          63100         6595.68 
          63300         6540.25 
          63500         6451.09 
          63700         6388.46 
          63900         6296.31 
          64200         6196.56 
          64600         6044.41 
          65000         5899.89 
          65400         5770.52 
          65800         5638.62 
          66200         5503.55 
          66600         5383.11 
          67000         5259.19 
          67400         5132.85 
          67800         5009.19 
          68200         4905.98 
          68600         4798.82 
          69000         4688.58 
          69400         4580.57 
          69800         4485.53 
          70200         4383.65 
          70600         4290.13 
          71000         4196.19 
          71400         4107.99 
          71800         4017.55 
          72200         3927.78 
          72600         3842.59 
          73000         3768.78 
          73400         3686.07 
          73800         3611.57 
          74200          3531.4 
          74600         3443.54 
          75000         3364.51 
          75400         3318.44 
          75800          3251.9 
          76200         3186.26 
          76600         3122.25 
          77000         3058.25 
          77400         2997.98 
          77800         2933.69 
          78200         2880.16 
          78600         2823.29 
          79000         2767.55 
          79400         2713.09 
          79800          2660.1 
          80200         2606.57 
          80600         2556.47 
          81000         2509.12 
          81400         2454.21 
          81800         2412.59 
          82200         2368.43 
          82600         2323.35 
          83000         2279.57 
          83400         2234.58 
          83800         2193.02 
          84200         2154.16 
          84600          2115.1 
          85000         2076.63 
          85400         2038.21 
          85800         2001.19 
          86200         1964.66 
          86600          1926.1 
          87000         1895.59 
          87400         1858.95 
          87800         1826.02 
          88200         1794.77 
          88600         1762.96 
          89000         1732.21 
          89400         1702.61 
          89800          1671.4 
          90200          1643.6 
          90600         1615.99 
          91000         1586.44 
          91400         1559.82 
          91800         1534.46 
          92200         1508.81 
          92600         1482.53 
          93000         1458.53 
          93400         1433.58 
          93800         1406.61 
          94200         1386.45 
          94600         1363.21 
          95000          1340.7 
          95400         1317.72 
          95800         1297.42 
          96200         1275.83 
          96600          1255.6 
          97000         1235.65 
          97400         1214.09 
          97800         1195.35 
          98200         1176.69 
          98600         1157.43 
          99000         1140.11 
          99400         1121.42 
          99800         1104.05 
         100200         1086.81 
         200000         70.0651 
         400000         4.36912 
         600000        0.855657 
         800000        0.268532 
         1.0e+6        0.109206 
         1.2e+6       0.0523366 
         1.4e+6       0.0280952 
         1.6e+6       0.0163892 
