# Kurucz ODFNEW /NOVER (2003)
# teff = 38000 K (value for the effective temperature for the model. Temperatures are given in K)
# logg = 4.5 log(cm/s2) (value for Log(G) for the model.)
# meta = 0.5  (value for the Metallicity for the model.)
# lh = 1.25  (l/Hp where l is the  mixing length of the convective element and Hp is the pressure scale height)
# vtur = 2 km/s (Microturbulence velocity)
# alpha = 0  (Alpha)
#
# column 1: WAVELENGTH (ANGSTROM), Wavelength in Angstrom
# column 2: FLUX (ERG/CM2/S/A), Flux in erg/cm2/s/A
          147.2      0.00524309 
            151       0.0119881 
          155.2       0.0278898 
          158.8       0.0556158 
            162       0.0993458 
            166        0.203308 
          170.3        0.416139 
          173.4        0.688141 
          176.8           1.183 
          180.2         1.96926 
          181.7         2.46658 
          186.1         4.63183 
            191         9.01895 
          193.9         13.2516 
          198.4         23.4407 
          201.8         35.0834 
            205          51.081 
          210.5         94.6877 
          216.2         171.502 
          219.8         250.568 
            223         342.783 
          226.8         511.671 
            230          209266 
            234          458810 
            240          633710 
          246.5          901302 
          252.4      1.45315e+6 
          256.8      2.10141e+6 
            260      2.81159e+6 
            264      6.81449e+6 
          268.5       1.0606e+7 
          273.5       1.2958e+7 
          278.5      1.28005e+7 
            284      2.59576e+7 
            290       3.4824e+7 
            296      3.88485e+7 
            301      9.30628e+7 
            308      3.09055e+8 
            318      3.14478e+8 
            328      4.96754e+8 
            338      7.48684e+8 
            348      1.00811e+9 
            357      2.33568e+9 
            366      5.73604e+9 
            375      7.59674e+9 
            385       8.1156e+9 
            395      1.6904e+10 
            405     3.03428e+10 
            414     2.64332e+10 
            422     2.72937e+10 
            430     2.52627e+10 
            441      3.1106e+10 
            451     3.15736e+10 
            460     2.44037e+10 
            470     2.79827e+10 
            480     3.42752e+10 
            490     2.22743e+10 
            500     3.42884e+10 
            506     2.59186e+10 
            512     6.90789e+10 
            520     6.41415e+10 
            530     5.67428e+10 
            540       4.821e+10 
            550     4.35611e+10 
            560     6.29893e+10 
            570     7.91735e+10 
            580      7.5235e+10 
            590      7.5439e+10 
            600     5.10803e+10 
            610     5.56104e+10 
            620     7.70923e+10 
            630     7.13261e+10 
            640     7.92852e+10 
            650     7.25015e+10 
            658     5.48696e+10 
            665     7.25849e+10 
            675     8.27172e+10 
            685     6.06982e+10 
            695     7.97174e+10 
            705     5.67908e+10 
            716     8.28185e+10 
            726     8.20394e+10 
            735     8.22253e+10 
            745     7.26274e+10 
            755     7.20513e+10 
            765     6.45344e+10 
            775     7.18365e+10 
            785     6.33053e+10 
            795     7.15817e+10 
            805     6.91865e+10 
            815     6.87015e+10 
            825     7.06937e+10 
            835     5.41408e+10 
            845     6.59992e+10 
            855     6.25628e+10 
            865     6.59179e+10 
            875     6.54925e+10 
            885     6.44874e+10 
            895     6.34776e+10 
            905     6.08498e+10 
            915     4.98121e+10 
            925     8.64128e+10 
            935     1.23759e+11 
            945     1.40306e+11 
            955     1.53554e+11 
            965     1.66615e+11 
            975     1.01674e+11 
            985     1.37886e+11 
            995     1.19542e+11 
           1005     1.19174e+11 
           1015     1.26864e+11 
           1025     1.13859e+11 
           1035     1.29834e+11 
           1045     1.40077e+11 
           1055      1.3323e+11 
           1065     1.21051e+11 
           1075     1.22076e+11 
           1085     1.11279e+11 
           1095     1.16256e+11 
           1105     1.11656e+11 
           1115      1.0985e+11 
           1125      9.7934e+10 
           1135     1.05752e+11 
           1145     1.05655e+11 
           1155     9.64144e+10 
           1165     9.12939e+10 
           1175     6.96115e+10 
           1185     8.46244e+10 
           1195     8.00404e+10 
           1205     7.84424e+10 
           1215     6.65735e+10 
           1225      7.3758e+10 
           1235     7.62931e+10 
           1245      7.3969e+10 
           1255       7.379e+10 
           1265     7.56555e+10 
           1275     7.82763e+10 
           1285     7.77312e+10 
           1295     7.55896e+10 
           1305     7.31747e+10 
           1315     7.52794e+10 
           1325     7.35058e+10 
           1335     7.11912e+10 
           1345     7.08862e+10 
           1355     6.76934e+10 
           1365     6.54476e+10 
           1375     6.24327e+10 
           1385     6.14598e+10 
           1395     5.55272e+10 
           1405     5.31747e+10 
           1415     6.04524e+10 
           1425     5.35923e+10 
           1435     5.73027e+10 
           1442     5.45483e+10 
           1447     5.46919e+10 
           1455     5.21133e+10 
           1465     5.14903e+10 
           1475     5.17642e+10 
           1485     5.20756e+10 
           1495      5.0112e+10 
           1505     4.95049e+10 
           1512     4.90212e+10 
           1517     4.87951e+10 
           1525     4.72494e+10 
           1535     4.17433e+10 
           1545     3.24659e+10 
           1555     3.36046e+10 
           1565       3.904e+10 
           1575      4.0719e+10 
           1585     4.04498e+10 
           1595     4.06816e+10 
           1605     3.80894e+10 
           1615     3.64723e+10 
           1625     3.74215e+10 
           1635     3.74161e+10 
           1645      3.6854e+10 
           1655      3.7033e+10 
           1665     3.62172e+10 
           1672     3.34027e+10 
           1677     3.87723e+10 
           1685     3.71684e+10 
           1695     3.62053e+10 
           1705     3.54942e+10 
           1715     3.34112e+10 
           1725     3.25692e+10 
           1735     3.36891e+10 
           1745     3.34352e+10 
           1755     3.26773e+10 
           1765     3.21122e+10 
           1775      3.0918e+10 
           1785     3.14002e+10 
           1795     3.03194e+10 
           1805     2.99462e+10 
           1815     2.93586e+10 
           1825     2.85514e+10 
           1835     2.85499e+10 
           1845     2.81704e+10 
           1855     2.81948e+10 
           1865     2.80005e+10 
           1875       2.702e+10 
           1885      2.6292e+10 
           1895     2.64894e+10 
           1905     2.63927e+10 
           1915     2.59051e+10 
           1925     2.43313e+10 
           1935     2.54307e+10 
           1945     2.52665e+10 
           1955     2.34089e+10 
           1967     2.41086e+10 
           1976     2.39522e+10 
           1984     2.37785e+10 
           1995     2.31384e+10 
           2005     2.33411e+10 
           2015     2.29922e+10 
           2025     2.27133e+10 
           2035     2.20904e+10 
           2045     2.16397e+10 
           2055     1.61146e+10 
           2065     1.54156e+10 
           2074     1.59757e+10 
           2078     1.62039e+10 
           2085     1.75607e+10 
           2095      1.9263e+10 
           2105     1.95718e+10 
           2115     1.97501e+10 
           2125      1.9241e+10 
           2135     1.91603e+10 
           2145     1.88331e+10 
           2155     1.87601e+10 
           2165     1.76332e+10 
           2175     1.83347e+10 
           2185     1.75115e+10 
           2195     1.80107e+10 
           2205     1.77074e+10 
           2215      1.6787e+10 
           2225     1.71424e+10 
           2235     1.69004e+10 
           2245     1.65334e+10 
           2255      1.5887e+10 
           2265     1.61164e+10 
           2275     1.60165e+10 
           2285     1.54957e+10 
           2295     1.45148e+10 
           2305     1.46812e+10 
           2315     1.47093e+10 
           2325     1.47322e+10 
           2335     1.45172e+10 
           2345      1.4173e+10 
           2355     1.37921e+10 
           2365     1.35262e+10 
           2375     1.31587e+10 
           2385     1.24585e+10 
           2395     1.27238e+10 
           2405     1.26696e+10 
           2415     1.25933e+10 
           2425     1.25807e+10 
           2435     1.23517e+10 
           2445     1.21967e+10 
           2455     1.19875e+10 
           2465     1.18502e+10 
           2475     1.17737e+10 
           2485     1.13515e+10 
           2495      8.86597e+9 
           2505     1.09164e+10 
           2513     1.03912e+10 
           2518     1.06715e+10 
           2525     1.08287e+10 
           2535     1.08132e+10 
           2545     1.06777e+10 
           2555     1.05089e+10 
           2565     1.03756e+10 
           2575      1.0227e+10 
           2585     1.01029e+10 
           2595      9.80198e+9 
           2605      9.85733e+9 
           2615      9.60414e+9 
           2625      9.60108e+9 
           2635      9.52129e+9 
           2645      9.31535e+9 
           2655      9.24798e+9 
           2665      9.09013e+9 
           2675       8.7959e+9 
           2685      8.84808e+9 
           2695      8.69073e+9 
           2705      8.68426e+9 
           2715      8.52075e+9 
           2725      8.43194e+9 
           2735      8.11958e+9 
           2745      8.26802e+9 
           2755      8.13117e+9 
           2765       8.0222e+9 
           2775      7.94345e+9 
           2785      7.76557e+9 
           2795      7.57025e+9 
           2805      7.60064e+9 
           2815      7.53533e+9 
           2825      7.43298e+9 
           2835      7.34126e+9 
           2845      7.29067e+9 
           2855      7.18654e+9 
           2865      7.02585e+9 
           2875      6.95472e+9 
           2885      6.90524e+9 
           2895      6.81896e+9 
           2910      6.67143e+9 
           2930      6.56004e+9 
           2950       6.3939e+9 
           2970      6.21924e+9 
           2990      6.01875e+9 
           3010      5.86294e+9 
           3030      5.68362e+9 
           3050      5.61054e+9 
           3070      5.47573e+9 
           3090      5.37943e+9 
           3110      5.28358e+9 
           3130      5.15091e+9 
           3150      5.06596e+9 
           3170      4.93888e+9 
           3190      4.84642e+9 
           3210      4.65277e+9 
           3230       4.6253e+9 
           3250       4.5418e+9 
           3270      4.38529e+9 
           3290      4.32657e+9 
           3310      4.22287e+9 
           3330      4.12711e+9 
           3350      3.99707e+9 
           3370      3.93783e+9 
           3390      3.87774e+9 
           3410      3.79221e+9 
           3430       3.7353e+9 
           3450      3.62059e+9 
           3470      3.57553e+9 
           3490      3.50807e+9 
           3510      3.44313e+9 
           3530      3.36281e+9 
           3550      3.29513e+9 
           3570       3.2323e+9 
           3590       3.1654e+9 
           3610      3.08764e+9 
           3630       3.0317e+9 
           3640      2.95962e+9 
           3650      2.68511e+9 
           3670      2.63724e+9 
           3690      2.58961e+9 
           3710      2.53335e+9 
           3730      2.53699e+9 
           3750      2.54834e+9 
           3770      2.53948e+9 
           3790      2.59242e+9 
           3810      2.61575e+9 
           3830      2.44345e+9 
           3850      2.57566e+9 
           3870       2.5142e+9 
           3890      2.28461e+9 
           3910      2.48219e+9 
           3930      2.40357e+9 
           3950      2.35476e+9 
           3970      2.10039e+9 
           3990      2.29848e+9 
           4010      2.25399e+9 
           4030      2.17496e+9 
           4050      2.18045e+9 
           4070      2.11263e+9 
           4090      2.01133e+9 
           4110      1.88152e+9 
           4130      2.00275e+9 
           4150      1.97564e+9 
           4170      1.95728e+9 
           4190      1.91567e+9 
           4210      1.86236e+9 
           4230      1.86279e+9 
           4250      1.82054e+9 
           4270      1.78803e+9 
           4290      1.75644e+9 
           4310      1.71269e+9 
           4330      1.62821e+9 
           4350      1.53931e+9 
           4370      1.63077e+9 
           4390      1.58993e+9 
           4410      1.56388e+9 
           4430      1.55417e+9 
           4450      1.52528e+9 
           4470      1.48956e+9 
           4490      1.48049e+9 
           4510      1.43679e+9 
           4530        1.418e+9 
           4550      1.37428e+9 
           4570      1.38165e+9 
           4590      1.35329e+9 
           4610       1.3378e+9 
           4630      1.30653e+9 
           4650      1.24123e+9 
           4670      1.26785e+9 
           4690      1.22234e+9 
           4710      1.23418e+9 
           4730       1.2304e+9 
           4750      1.21176e+9 
           4770      1.19326e+9 
           4790      1.17371e+9 
           4810      1.15508e+9 
           4830      1.13499e+9 
           4850      1.09037e+9 
           4870      1.00782e+9 
           4890      1.08052e+9 
           4910      1.06532e+9 
           4930      1.04355e+9 
           4950      1.03373e+9 
           4970      1.02213e+9 
           4990      1.00747e+9 
           5010      9.81699e+8 
           5030      9.72925e+8 
           5050      9.58852e+8 
           5070      9.47931e+8 
           5090      9.34186e+8 
           5110      9.20237e+8 
           5130       9.0586e+8 
           5150       8.9273e+8 
           5170      8.79748e+8 
           5190      8.67288e+8 
           5210      8.54911e+8 
           5230       8.4333e+8 
           5250      8.27445e+8 
           5270      8.15493e+8 
           5290      8.07642e+8 
           5310      7.95864e+8 
           5330      7.84426e+8 
           5350      7.73913e+8 
           5370      7.62776e+8 
           5390      7.51861e+8 
           5410      7.27275e+8 
           5430      7.31395e+8 
           5450      7.21281e+8 
           5470      7.10867e+8 
           5490      7.01384e+8 
           5510      6.90544e+8 
           5530      6.82245e+8 
           5550      6.73251e+8 
           5570      6.63022e+8 
           5590      6.51691e+8 
           5610      6.46287e+8 
           5630      6.37531e+8 
           5650      6.28825e+8 
           5670      6.20166e+8 
           5690      6.00384e+8 
           5710      5.65647e+8 
           5730      5.58504e+8 
           5750      5.50979e+8 
           5770      5.44677e+8 
           5790      5.37898e+8 
           5810      5.28085e+8 
           5830      5.24933e+8 
           5850      5.21879e+8 
           5870      5.10948e+8 
           5890      5.13305e+8 
           5910      5.09826e+8 
           5930      5.06468e+8 
           5950      5.03803e+8 
           5970      5.01564e+8 
           5990      4.98777e+8 
           6010      4.94659e+8 
           6030      4.88835e+8 
           6050      4.83797e+8 
           6070      4.77812e+8 
           6090      4.72607e+8 
           6110      4.65905e+8 
           6130      4.60354e+8 
           6150      4.54745e+8 
           6170      4.48229e+8 
           6190      4.44551e+8 
           6210      4.39406e+8 
           6230       4.3227e+8 
           6250      4.28071e+8 
           6270      4.23428e+8 
           6290      4.18282e+8 
           6310        4.108e+8 
           6330      4.08218e+8 
           6350      4.03137e+8 
           6370      3.98679e+8 
           6390      3.93659e+8 
           6410      3.86502e+8 
           6430       3.8463e+8 
           6450      3.79351e+8 
           6470      3.74606e+8 
           6490      3.70629e+8 
           6510      3.65466e+8 
           6530      3.58566e+8 
           6550      3.52261e+8 
           6570      3.23116e+8 
           6590      3.48622e+8 
           6610      3.45791e+8 
           6630      3.41986e+8 
           6650      3.37972e+8 
           6670      3.31029e+8 
           6690      3.24785e+8 
           6710      3.25496e+8 
           6730      3.21659e+8 
           6750      3.18226e+8 
           6770      3.15321e+8 
           6790      3.11939e+8 
           6810      3.08541e+8 
           6830      3.05073e+8 
           6850      3.01512e+8 
           6870      2.97883e+8 
           6890      2.90871e+8 
           6910      2.91147e+8 
           6930      2.88535e+8 
           6950      2.85278e+8 
           6970      2.82216e+8 
           6990      2.79046e+8 
           7010      2.75631e+8 
           7030      2.72022e+8 
           7050      2.69503e+8 
           7070      2.64514e+8 
           7090       2.6423e+8 
           7110      2.61196e+8 
           7130      2.58391e+8 
           7150       2.5582e+8 
           7170      2.50658e+8 
           7190      2.49054e+8 
           7210      2.47696e+8 
           7230      2.44691e+8 
           7250      2.42397e+8 
           7270      2.39903e+8 
           7290      2.36476e+8 
           7310       2.3455e+8 
           7330      2.32381e+8 
           7350      2.29974e+8 
           7370      2.27396e+8 
           7390      2.25125e+8 
           7410      2.22711e+8 
           7430      2.20572e+8 
           7450      2.17896e+8 
           7470      2.15765e+8 
           7490       2.1264e+8 
           7510      2.11396e+8 
           7530      2.09284e+8 
           7550      2.07159e+8 
           7570      2.04902e+8 
           7590       1.9971e+8 
           7610      2.00386e+8 
           7630      1.98754e+8 
           7650      1.96841e+8 
           7670      1.94919e+8 
           7690      1.92308e+8 
           7710      1.90716e+8 
           7730      1.88356e+8 
           7750      1.86958e+8 
           7770      1.85491e+8 
           7790       1.8346e+8 
           7810       1.8183e+8 
           7830      1.80011e+8 
           7850      1.77536e+8 
           7870      1.76191e+8 
           7890      1.74657e+8 
           7910      1.73125e+8 
           7930      1.71462e+8 
           7950      1.69837e+8 
           7970      1.67913e+8 
           7990      1.66536e+8 
           8010      1.64954e+8 
           8030      1.63117e+8 
           8050      1.61842e+8 
           8070      1.60277e+8 
           8090      1.58732e+8 
           8110      1.57096e+8 
           8130      1.55749e+8 
           8150       1.5422e+8 
           8170      1.52596e+8 
           8190       1.5065e+8 
           8210      1.44322e+8 
           8230      1.42009e+8 
           8250      1.41498e+8 
           8270      1.40209e+8 
           8290      1.39138e+8 
           8310      1.37984e+8 
           8330      1.36236e+8 
           8350      1.34925e+8 
           8370      1.34093e+8 
           8390      1.33112e+8 
           8410      1.31941e+8 
           8430      1.30855e+8 
           8450      1.29592e+8 
           8470      1.28687e+8 
           8490      1.27648e+8 
           8510      1.26091e+8 
           8530      1.25692e+8 
           8550      1.24471e+8 
           8570      1.23906e+8 
           8590      1.22283e+8 
           8610      1.21568e+8 
           8630      1.21537e+8 
           8650      1.20064e+8 
           8670      1.17476e+8 
           8690      1.18936e+8 
           8710       1.1848e+8 
           8730      1.16969e+8 
           8750      1.12631e+8 
           8770      1.14753e+8 
           8790      1.15397e+8 
           8810      1.14777e+8 
           8830      1.13678e+8 
           8850      1.10245e+8 
           8870      1.05865e+8 
           8890       1.1038e+8 
           8910      1.10217e+8 
           8930      1.09266e+8 
           8950      1.08369e+8 
           8970      1.07507e+8 
           8990      1.05677e+8 
           9010      9.89946e+7 
           9030       1.0107e+8 
           9050      1.03549e+8 
           9070       1.0269e+8 
           9090      1.02175e+8 
           9110      1.01318e+8 
           9130      1.00662e+8 
           9150      9.98897e+7 
           9170      9.88138e+7 
           9190       9.7782e+7 
           9210       9.5257e+7 
           9230      8.80966e+7 
           9250      9.35059e+7 
           9270      9.44663e+7 
           9290      9.39465e+7 
           9310      9.31478e+7 
           9330       9.2407e+7 
           9350      8.98617e+7 
           9370      9.04998e+7 
           9390      9.01745e+7 
           9410       8.9264e+7 
           9430      8.86358e+7 
           9450      8.79826e+7 
           9470      8.71283e+7 
           9490      8.64561e+7 
           9510      8.51556e+7 
           9530      8.28614e+7 
           9550      7.66161e+7 
           9570      8.23347e+7 
           9590      8.28191e+7 
           9610       8.2283e+7 
           9630       8.1511e+7 
           9650      8.11209e+7 
           9670      8.05157e+7 
           9690      7.98427e+7 
           9710      7.74603e+7 
           9730      7.82723e+7 
           9750      7.78604e+7 
           9770      7.69302e+7 
           9790      7.67105e+7 
           9810      7.61005e+7 
           9830      7.54442e+7 
           9850      7.48935e+7 
           9870      7.43119e+7 
           9890      7.36727e+7 
           9910      7.30227e+7 
           9930      7.25798e+7 
           9950       7.2022e+7 
           9970      7.14339e+7 
           9990      7.08537e+7 
          10025      6.81183e+7 
          10075      6.60446e+7 
          10125      6.60113e+7 
          10175      6.59864e+7 
          10225      6.47048e+7 
          10275       6.3445e+7 
          10325      6.21359e+7 
          10375      6.11359e+7 
          10425       5.9771e+7 
          10475      5.88927e+7 
          10525      5.77904e+7 
          10575      5.67331e+7 
          10625      5.56965e+7 
          10675      5.46603e+7 
          10725      5.36933e+7 
          10775      5.27191e+7 
          10825      5.14295e+7 
          10875      5.07665e+7 
          10925      4.72981e+7 
          10975      4.83787e+7 
          11025      4.80959e+7 
          11075       4.7334e+7 
          11125      4.65046e+7 
          11175      4.57244e+7 
          11225      4.49113e+7 
          11275      4.41345e+7 
          11325      4.33609e+7 
          11375      4.26282e+7 
          11425      4.19096e+7 
          11475       4.1199e+7 
          11525      4.05105e+7 
          11575      3.97844e+7 
          11625      3.87739e+7 
          11675      3.82325e+7 
          11725       3.7855e+7 
          11775      3.72353e+7 
          11825      3.65735e+7 
          11875      3.60044e+7 
          11925      3.54143e+7 
          11975      3.45833e+7 
          12025      3.42859e+7 
          12075      3.37131e+7 
          12125      3.31512e+7 
          12175      3.26508e+7 
          12225      3.21195e+7 
          12275      3.16209e+7 
          12325      3.11119e+7 
          12375      3.06248e+7 
          12425      3.01446e+7 
          12475       2.9671e+7 
          12525      2.91753e+7 
          12575      2.87388e+7 
          12625       2.8306e+7 
          12675      2.78721e+7 
          12725      2.74394e+7 
          12775       2.6738e+7 
          12825      2.51213e+7 
          12875      2.61243e+7 
          12925      2.58098e+7 
          12975      2.53539e+7 
          13025      2.50264e+7 
          13075      2.46635e+7 
          13125      2.42944e+7 
          13175      2.39324e+7 
          13225      2.35794e+7 
          13275      2.32311e+7 
          13325      2.28874e+7 
          13375      2.25502e+7 
          13425      2.22153e+7 
          13475      2.18972e+7 
          13525      2.15791e+7 
          13575      2.12712e+7 
          13625      2.09611e+7 
          13675      2.06631e+7 
          13725      2.03548e+7 
          13775      2.00783e+7 
          13825      1.97953e+7 
          13875      1.95144e+7 
          13925      1.92338e+7 
          13975      1.89693e+7 
          14025      1.86976e+7 
          14075      1.84432e+7 
          14125      1.81853e+7 
          14175      1.79312e+7 
          14225      1.76875e+7 
          14275      1.74431e+7 
          14325      1.72024e+7 
          14375      1.69677e+7 
          14425       1.6739e+7 
          14475      1.65119e+7 
          14525      1.62882e+7 
          14570      1.60903e+7 
          14620      1.58784e+7 
          14675      1.56448e+7 
          14725      1.54307e+7 
          14775      1.51106e+7 
          14825      1.50287e+7 
          14875       1.4832e+7 
          14925      1.46372e+7 
          14975      1.44452e+7 
          15025      1.42554e+7 
          15075      1.40606e+7 
          15125      1.38879e+7 
          15175       1.3708e+7 
          15225      1.35312e+7 
          15275      1.33556e+7 
          15325      1.31832e+7 
          15375      1.30158e+7 
          15425      1.28436e+7 
          15475       1.2686e+7 
          15525      1.25233e+7 
          15575      1.23525e+7 
          15625      1.22177e+7 
          15675      1.20442e+7 
          15725       1.1881e+7 
          15775       1.1769e+7 
          15825      1.16178e+7 
          15875      1.14007e+7 
          15925      1.13151e+7 
          15975      1.12055e+7 
          16050      1.09764e+7 
          16150      1.06577e+7 
          16250      1.04974e+7 
          16350      1.01899e+7 
          16450      9.86574e+6 
          16550      9.76173e+6 
          16650      9.52918e+6 
          16750      9.24413e+6 
          16850      8.93663e+6 
          16950      8.87857e+6 
          17050      8.64915e+6 
          17150      8.47877e+6 
          17250      8.28036e+6 
          17350      7.89008e+6 
          17450      7.89307e+6 
          17550      7.73794e+6 
          17650      7.56561e+6 
          17750      7.39714e+6 
          17850      7.23421e+6 
          17950      7.07619e+6 
          18050      6.92053e+6 
          18150      6.58465e+6 
          18250       6.5913e+6 
          18350      6.48341e+6 
          18450      6.34459e+6 
          18550      6.20608e+6 
          18650      5.99381e+6 
          18750      5.75067e+6 
          18850       5.8234e+6 
          18950      5.70514e+6 
          19050      5.57657e+6 
          19150      5.47339e+6 
          19250      5.36136e+6 
          19350      5.24512e+6 
          19450      4.96895e+6 
          19550       5.0314e+6 
          19650      4.94061e+6 
          19750      4.84203e+6 
          19850      4.74528e+6 
          19950      4.65135e+6 
          20050      4.56037e+6 
          20150      4.47105e+6 
          20250      4.38391e+6 
          20350       4.2989e+6 
          20450      4.21525e+6 
          20550      4.13071e+6 
          20650      4.05581e+6 
          20750      3.97674e+6 
          20850      3.90307e+6 
          20950      3.82959e+6 
          21050      3.75758e+6 
          21150      3.68011e+6 
          21250      3.61902e+6 
          21350      3.55189e+6 
          21450       3.4861e+6 
          21550       3.4187e+6 
          21650      3.23367e+6 
          21750      3.29001e+6 
          21850      3.23835e+6 
          21950      3.18099e+6 
          22050      3.12392e+6 
          22150      3.06814e+6 
          22250      3.01345e+6 
          22350       2.9603e+6 
          22450      2.90805e+6 
          22550      2.85705e+6 
          22650      2.80721e+6 
          22750      2.75842e+6 
          22850       2.7155e+6 
          22950      2.66885e+6 
          23050      2.62234e+6 
          23150      2.57795e+6 
          23250      2.53421e+6 
          23350      2.49107e+6 
          23450      2.44904e+6 
          23550      2.40784e+6 
          23650      2.36751e+6 
          23750      2.32805e+6 
          23850      2.28956e+6 
          23950       2.2515e+6 
          24050      2.21438e+6 
          24150      2.17806e+6 
          24250      2.14117e+6 
          24350      2.10761e+6 
          24450      2.07345e+6 
          24550      2.04016e+6 
          24650      2.00615e+6 
          24750       1.9722e+6 
          24850      1.94367e+6 
          24950      1.90924e+6 
          25050       1.8825e+6 
          25150      1.85279e+6 
          25250      1.81858e+6 
          25350      1.79412e+6 
          25450       1.7672e+6 
          25550      1.73821e+6 
          25650       1.7059e+6 
          25750      1.68546e+6 
          25850      1.66061e+6 
          25950      1.63519e+6 
          26050      1.60595e+6 
          26150      1.57066e+6 
          26250      1.49781e+6 
          26350      1.53264e+6 
          26450       1.5151e+6 
          26550      1.49184e+6 
          26650      1.46751e+6 
          26750      1.43318e+6 
          26850      1.42378e+6 
          26950      1.40608e+6 
          27050      1.38546e+6 
          27150       1.3652e+6 
          27250      1.34531e+6 
          27350      1.32577e+6 
          27450      1.30512e+6 
          27550      1.26921e+6 
          27650      1.26079e+6 
          27750      1.25103e+6 
          27850      1.23313e+6 
          27950      1.21569e+6 
          28050      1.19842e+6 
          28150      1.18155e+6 
          28250      1.16489e+6 
          28350      1.14858e+6 
          28450      1.13256e+6 
          28550      1.11646e+6 
          28650      1.09491e+6 
          28750      1.06278e+6 
          28850      1.06914e+6 
          28950      1.05638e+6 
          29050      1.04193e+6 
          29150       1.0277e+6 
          29250      1.01373e+6 
          29350      1.00001e+6 
          29450          986496 
          29550          973229 
          29650          960162 
          29750          947333 
          29850          934697 
          29950          922292 
          30050          910072 
          30150          898036 
          30250          885357 
          30350          855361 
          30450          852149 
          30550          851423 
          30650          840824 
          30750          829945 
          30850          819111 
          30950          808792 
          31050          798394 
          31150          788190 
          31250          778177 
          31350          768276 
          31450          758561 
          31550          748991 
          31650          739565 
          31750          730279 
          31850          721170 
          31950          712160 
          32100          698939 
          32300          681788 
          32500          665148 
          32700          649004 
          32900          620185 
          33100          615498 
          33300          603948 
          33500          589709 
          33700          575830 
          33900          562336 
          34100          549247 
          34300          536552 
          34500          524209 
          34700          512207 
          34900          500539 
          35100          489224 
          35300          478194 
          35500          467500 
          35700          457104 
          35900          446997 
          36100          437144 
          36300          427566 
          36500          418255 
          36700          409206 
          36900          400383 
          37100          391425 
          37300          379034 
          37500          368813 
          37700          367402 
          37900          359705 
          38100          351942 
          38300          344655 
          38500          337754 
          38700          330801 
          38900          324022 
          39100          316650 
          39300          311020 
          39500          304740 
          39700          298641 
          39900          292673 
          40100          286224 
          40300          279841 
          40500          269275 
          40700          270160 
          40900          265024 
          41100          259886 
          41300          254747 
          41500          249870 
          41700          243297 
          41900          240358 
          42100          235975 
          42300          231538 
          42500          227154 
          42700          222964 
          42900          218618 
          43100          214769 
          43300          210820 
          43500          206935 
          43700          201060 
          43900          198783 
          44100          195880 
          44300          192349 
          44500          188904 
          44700          185634 
          44900          182335 
          45100          179099 
          45300          175955 
          45500          172871 
          45700          169853 
          45900          166901 
          46100          163983 
          46300          161036 
          46500          153582 
          46700          152805 
          46900          152515 
          47100          150465 
          47300          147928 
          47500          145432 
          47700          143006 
          47900          140623 
          48100          138288 
          48300          136002 
          48500          133763 
          48700          131569 
          48900          129419 
          49100          127314 
          49300          125250 
          49500          123229 
          49700          121248 
          49900          119306 
          50100          117403 
          50300          115537 
          50500          113709 
          50700          111916 
          50900          110157 
          51100          108149 
          51300          104367 
          51500          104903 
          51700          103462 
          51900          101869 
          52100          100305 
          52300         98771.1 
          52500         97266.9 
          52700         95790.8 
          52900         94342.2 
          53100         92922.1 
          53300         91527.2 
          53500         90158.4 
          53700           88814 
          53900         87496.1 
          54100         86202.9 
          54300           84934 
          54500         83686.5 
          54700         82462.5 
          54900         81260.3 
          55100         80078.3 
          55300         78871.9 
          55500         77782.2 
          55700         76666.1 
          55900         75567.5 
          56100         74489.8 
          56300         73431.4 
          56500         72390.8 
          56700         71367.8 
          56900         70363.1 
          57100           69202 
          57300         68406.6 
          57500         67455.2 
          57700         66519.9 
          57900         65599.3 
          58100         64695.4 
          58300         63806.7 
          58500           62955 
          58700         62094.9 
          58900           61031 
          59100         58684.8 
          59300         59415.5 
          59500         58510.2 
          59700         57865.2 
          59900         57237.9 
          60100         56474.8 
          60300         55721.6 
          60500         54986.4 
          60700         54261.7 
          60900         53547.3 
          61100         52845.1 
          61300           52155 
          61500         51475.6 
          61700           50807 
          61900         50148.9 
          62100           49502 
          62300         48864.4 
          62500         48237.8 
          62700         47557.7 
          62900         46582.6 
          63100         46311.4 
          63300         45829.3 
          63500         45250.5 
          63700         44681.8 
          63900         44121.1 
          64200         43296.6 
          64600         42226.7 
          65000         41189.7 
          65400         40184.4 
          65800         39209.2 
          66200         38263.2 
          66600         37346.3 
          67000         36455.2 
          67400         35550.3 
          67800         34444.4 
          68200         33938.7 
          68600         33148.6 
          69000         32381.6 
          69400         31635.6 
          69800         30911.4 
          70200         30207.7 
          70600           29524 
          71000         28858.9 
          71400         28213.5 
          71800         27585.1 
          72200         26974.6 
          72600         26380.1 
          73000         25802.7 
          73400         25240.4 
          73800         24692.9 
          74200         24126.4 
          74600         23112.2 
          75000         22478.5 
          75400         22587.2 
          75800         22170.5 
          76200         21704.7 
          76600           21252 
          77000         20810.7 
          77400         20379.8 
          77800         19952.9 
          78200         19552.2 
          78600         19154.3 
          79000         18766.4 
          79400         18388.4 
          79800         18019.4 
          80200         17659.7 
          80600         17309.1 
          81000         16966.9 
          81400         16608.9 
          81800         16300.5 
          82200         15990.1 
          82600         15679.8 
          83000         15377.6 
          83400           15082 
          83800         14793.6 
          84200         14512.5 
          84600         14237.7 
          85000         13969.5 
          85400         13707.2 
          85800         13451.3 
          86200           13201 
          86600         12902.5 
          87000         12712.9 
          87400         12361.1 
          87800         12136.8 
          88200         12034.2 
          88600         11816.9 
          89000         11603.9 
          89400         11396.1 
          89800         11192.5 
          90200         10993.4 
          90600         10799.3 
          91000           10609 
          91400         10422.6 
          91800         10240.7 
          92200         10062.6 
          92600         9888.38 
          93000         9717.69 
          93400         9550.86 
          93800         9322.28 
          94200         9208.04 
          94600          9071.4 
          95000         8917.95 
          95400         8767.98 
          95800         8621.44 
          96200         8477.84 
          96600         8336.72 
          97000         8198.84 
          97400         8063.73 
          97800         7931.73 
          98200         7802.01 
          98600          7674.9 
          99000         7550.73 
          99400          7428.7 
          99800         7309.13 
         100200         7191.98 
         200000         440.076 
         400000         26.6206 
         600000         5.15753 
         800000         1.60905 
         1.0e+6        0.651817 
         1.2e+6        0.311482 
         1.4e+6        0.166816 
         1.6e+6       0.0971197 
