# Kurucz ODFNEW /NOVER (2003)
# teff = 6750 K (value for the effective temperature for the model. Temperatures are given in K)
# logg = 1 log(cm/s2) (value for Log(G) for the model.)
# meta = 0.5  (value for the Metallicity for the model.)
# lh = 1.25  (l/Hp where l is the  mixing length of the convective element and Hp is the pressure scale height)
# vtur = 2 km/s (Microturbulence velocity)
# alpha = 0.4  (Alpha)
#
# column 1: WAVELENGTH (ANGSTROM), Wavelength in Angstrom
# column 2: FLUX (ERG/CM2/S/A), Flux in erg/cm2/s/A
          193.9     8.60159e-68 
          198.4     5.27846e-66 
          201.8      1.0473e-64 
            205     1.59109e-63 
          210.5     1.39638e-61 
          216.2     1.12819e-59 
          219.8     1.60285e-58 
            223      1.5724e-57 
          226.8     2.17462e-56 
            230     1.85602e-55 
            234     2.48229e-54 
            240     1.02835e-52 
          246.5     4.71273e-51 
          252.4     1.27379e-49 
          256.8     1.34551e-48 
            260     7.09711e-48 
            264      5.3517e-47 
          268.5     4.81712e-46 
          273.5     5.07008e-45 
          278.5     4.89792e-44 
            284     5.39293e-43 
            290     6.63151e-42 
            296      7.3294e-41 
            301     5.03797e-40 
            308     6.71738e-39 
            318     2.21242e-37 
            328     5.84228e-36 
            338     1.26044e-34 
            348     2.26444e-33 
            357     2.63577e-32 
            366     2.70971e-31 
            375     2.47617e-30 
            385     2.54923e-29 
            395     2.31804e-28 
            405     1.88053e-27 
            414     1.13059e-26 
            422     5.20318e-26 
            430     2.25569e-25 
            441     1.54722e-24 
            451     8.17114e-24 
            460     3.42315e-23 
            470      1.5714e-22 
            480     6.74303e-22 
            490     2.71807e-21 
            500     1.03173e-20 
            506     2.95544e-20 
            512     7.05764e-20 
            520     1.86958e-19 
            530     6.08386e-19 
            540     1.85807e-18 
            550     5.51507e-18 
            560     1.56002e-17 
            570     4.24131e-17 
            580     1.09826e-16 
            590     2.80875e-16 
            600     6.86464e-16 
            610     1.63114e-15 
            620      3.7476e-15 
            630     8.37243e-15 
            640      1.8189e-14 
            650     3.85789e-14 
            658     6.90995e-14 
            665     1.12842e-13 
            675     2.25736e-13 
            685     4.42481e-13 
            695      8.4631e-13 
            705     1.56346e-12 
            716     3.09177e-12 
            726       5.569e-12 
            735      9.3111e-12 
            745     1.61688e-11 
            755     2.77029e-11 
            765     4.68471e-11 
            775     7.78705e-11 
            785     1.28304e-10 
            795     2.04117e-10 
            805     3.25771e-10 
            815     5.19983e-10 
            825      8.1094e-10 
            835      1.24794e-9 
            845      1.89851e-9 
            855      2.85784e-9 
            865       4.2536e-9 
            875      6.19645e-9 
            885      9.13799e-9 
            895      1.32091e-8 
            905      1.87752e-8 
            915      7.52446e-6 
            925      2.57772e-5 
            935      3.71819e-5 
            945      5.33059e-5 
            955      7.92349e-5 
            965     0.000112231 
            975     0.000156878 
            985     0.000217719 
            995     0.000299443 
           1005     0.000420919 
           1015     0.000574076 
           1025     0.000739636 
           1035      0.00102976 
           1045      0.00139852 
           1055      0.00186116 
           1065      0.00241909 
           1075      0.00323633 
           1085      0.00423956 
           1095      0.00549969 
           1105       0.0195457 
           1115       0.0704384 
           1125        0.107084 
           1135        0.156982 
           1145        0.211321 
           1155        0.243678 
           1165        0.357653 
           1175        0.447505 
           1185        0.486316 
           1195        0.264682 
           1205        0.417612 
           1215        0.129459 
           1225        0.562499 
           1235          1.0821 
           1245         2.47981 
           1255         5.64081 
           1265         4.38569 
           1275         9.02019 
           1285          13.588 
           1295         16.9085 
           1305         9.65723 
           1315         21.9167 
           1325          27.205 
           1335         31.1344 
           1345         39.4259 
           1355         41.9444 
           1365         46.5729 
           1375         51.1505 
           1385         58.5276 
           1395         68.9158 
           1405         79.5397 
           1415         84.0264 
           1425         94.0179 
           1435         99.5617 
           1442          121.25 
           1447         123.199 
           1455         142.273 
           1465         152.837 
           1475         165.587 
           1485         189.695 
           1495         232.895 
           1505         265.803 
           1512         254.054 
           1517          283.06 
           1525           323.9 
           1535         731.626 
           1545         1284.45 
           1555         1371.46 
           1565         1255.48 
           1575         2103.53 
           1585         2504.76 
           1595         3248.22 
           1605         3108.43 
           1615         3138.08 
           1625         3090.88 
           1635         3652.69 
           1645          4533.8 
           1655         2437.23 
           1665         4311.52 
           1672         2445.33 
           1677         5632.06 
           1685         10087.7 
           1695         15525.4 
           1705         16771.9 
           1715         31510.4 
           1725         49087.3 
           1735         77545.4 
           1745         50680.5 
           1755         94971.7 
           1765         78744.7 
           1775          109972 
           1785         83392.5 
           1795          172836 
           1805         73548.4 
           1815         89598.1 
           1825         69593.6 
           1835         99235.3 
           1845          101270 
           1855          157840 
           1865          210275 
           1875          190346 
           1885          215739 
           1895          260037 
           1905          201672 
           1915          225757 
           1925          178817 
           1935           98794 
           1945          294490 
           1955          324959 
           1967          397879 
           1976          338543 
           1984          339925 
           1995          408219 
           2005          422112 
           2015          358922 
           2025          318812 
           2035          492605 
           2045          577090 
           2055          401929 
           2065          381242 
           2074          591271 
           2078          865414 
           2085          844716 
           2095          883408 
           2105          919755 
           2115          938028 
           2125          807466 
           2135          630639 
           2145          921635 
           2155      1.03267e+6 
           2165          711307 
           2175          841437 
           2185          946672 
           2195      1.17467e+6 
           2205          979708 
           2215          604029 
           2225          629135 
           2235      1.09974e+6 
           2245          961403 
           2255          590332 
           2265          501557 
           2275          844063 
           2285          911082 
           2295          886851 
           2305          973195 
           2315          820489 
           2325          716644 
           2335          293529 
           2345          204970 
           2355          431321 
           2365          208341 
           2375          311141 
           2385          157673 
           2395          221735 
           2405          214678 
           2415          371728 
           2425          923337 
           2435          937118 
           2445      1.12073e+6 
           2455      1.15319e+6 
           2465      1.00497e+6 
           2475          911623 
           2485          878495 
           2495          912438 
           2505      1.35364e+6 
           2513          790067 
           2518          792993 
           2525          610330 
           2535          702840 
           2545          834420 
           2555      1.32097e+6 
           2565          775078 
           2575          998665 
           2585          703088 
           2595          553131 
           2605          426886 
           2615          407117 
           2625          569362 
           2635      1.16032e+6 
           2645      2.45013e+6 
           2655      2.86445e+6 
           2665      1.80864e+6 
           2675      2.12377e+6 
           2685      2.19269e+6 
           2695      1.91953e+6 
           2705      2.20965e+6 
           2715      1.44856e+6 
           2725      1.41603e+6 
           2735      1.36218e+6 
           2745          596165 
           2755          768148 
           2765          917133 
           2775          918852 
           2785          570955 
           2795          195839 
           2805          249307 
           2815          745593 
           2825      1.23716e+6 
           2835      1.55089e+6 
           2845      1.79274e+6 
           2855      1.42538e+6 
           2865      2.24678e+6 
           2875      2.48996e+6 
           2885      2.67506e+6 
           2895      2.74008e+6 
           2910      3.70581e+6 
           2930      3.31833e+6 
           2950      3.29518e+6 
           2970      4.12558e+6 
           2990      4.10833e+6 
           3010      4.69659e+6 
           3030      4.70948e+6 
           3050      4.76941e+6 
           3070      4.31734e+6 
           3090      5.09613e+6 
           3110      4.96653e+6 
           3130      4.91018e+6 
           3150      5.13582e+6 
           3170      4.85378e+6 
           3190      4.40624e+6 
           3210      5.08602e+6 
           3230      3.91755e+6 
           3250      4.96445e+6 
           3270      5.74594e+6 
           3290      5.72502e+6 
           3310      6.04013e+6 
           3330      5.57064e+6 
           3350      5.34722e+6 
           3370      5.21296e+6 
           3390      5.63647e+6 
           3410      6.28493e+6 
           3430      6.45873e+6 
           3450      6.49294e+6 
           3470      6.30224e+6 
           3490      6.25279e+6 
           3510      6.70126e+6 
           3530      6.70203e+6 
           3550      7.43504e+6 
           3570      6.58432e+6 
           3590      6.70145e+6 
           3610      6.77252e+6 
           3630      6.99829e+6 
           3640      6.84588e+6 
           3650      7.37454e+6 
           3670      7.34529e+6 
           3690      7.86046e+6 
           3710      9.81011e+6 
           3730      1.18814e+7 
           3750      1.63974e+7 
           3770      1.77719e+7 
           3790      2.20615e+7 
           3810      2.55897e+7 
           3830      1.96055e+7 
           3850      2.45633e+7 
           3870      2.70733e+7 
           3890      1.84704e+7 
           3910      1.73677e+7 
           3930      4.06783e+6 
           3950       8.3268e+6 
           3970      4.38497e+6 
           3990      1.91021e+7 
           4010       2.5729e+7 
           4030      2.63719e+7 
           4050      2.63533e+7 
           4070      2.61017e+7 
           4090      2.75609e+7 
           4110      2.36402e+7 
           4130      2.74713e+7 
           4150      2.93159e+7 
           4170      2.77723e+7 
           4190      2.82073e+7 
           4210      2.78061e+7 
           4230      2.68195e+7 
           4250      2.78232e+7 
           4270      2.65983e+7 
           4290      2.63938e+7 
           4310      2.44135e+7 
           4330      2.51248e+7 
           4350      2.20513e+7 
           4370      2.79634e+7 
           4390      2.67005e+7 
           4410      2.59436e+7 
           4430      2.53912e+7 
           4450      2.57761e+7 
           4470       2.6681e+7 
           4490       2.6584e+7 
           4510      2.83175e+7 
           4530      2.56778e+7 
           4550      2.56982e+7 
           4570      2.73209e+7 
           4590       2.5558e+7 
           4610      2.71892e+7 
           4630      2.60849e+7 
           4650      2.68088e+7 
           4670      2.68768e+7 
           4690      2.55468e+7 
           4710      2.46272e+7 
           4730      2.58827e+7 
           4750       2.6318e+7 
           4770      2.57534e+7 
           4790      2.58015e+7 
           4810      2.51526e+7 
           4830      2.55164e+7 
           4850      2.22746e+7 
           4870      1.83005e+7 
           4890      2.42954e+7 
           4910      2.43026e+7 
           4930      2.32967e+7 
           4950       2.4508e+7 
           4970      2.46406e+7 
           4990      2.25537e+7 
           5010      2.09467e+7 
           5030      2.20178e+7 
           5050      2.22943e+7 
           5070      2.30802e+7 
           5090      2.25749e+7 
           5110      2.27044e+7 
           5130      2.15199e+7 
           5150      2.10946e+7 
           5170       2.0747e+7 
           5190      2.03231e+7 
           5210      2.07031e+7 
           5230      2.07021e+7 
           5250      2.09028e+7 
           5270      1.86649e+7 
           5290      2.05434e+7 
           5310      2.00616e+7 
           5330       1.9174e+7 
           5350      2.02747e+7 
           5370        2.061e+7 
           5390      1.99373e+7 
           5410      1.94015e+7 
           5430      1.95655e+7 
           5450      2.02567e+7 
           5470      1.97034e+7 
           5490      1.93151e+7 
           5510      1.90461e+7 
           5530      1.94186e+7 
           5550      1.93266e+7 
           5570      1.91213e+7 
           5590      1.88111e+7 
           5610      1.91357e+7 
           5630      1.90843e+7 
           5650       1.8671e+7 
           5670      1.80286e+7 
           5690      1.83873e+7 
           5710      1.81397e+7 
           5730      1.89415e+7 
           5750      1.82277e+7 
           5770      1.83845e+7 
           5790      1.78307e+7 
           5810      1.79157e+7 
           5830       1.8018e+7 
           5850        1.784e+7 
           5870      1.77328e+7 
           5890      1.70598e+7 
           5910      1.74116e+7 
           5930      1.72419e+7 
           5950      1.70921e+7 
           5970      1.71522e+7 
           5990       1.6747e+7 
           6010      1.63551e+7 
           6030      1.65898e+7 
           6050      1.63588e+7 
           6070      1.65835e+7 
           6090       1.6101e+7 
           6110      1.57535e+7 
           6130      1.53983e+7 
           6150      1.50313e+7 
           6170      1.49172e+7 
           6190      1.56597e+7 
           6210       1.5558e+7 
           6230      1.50603e+7 
           6250      1.42803e+7 
           6270      1.52798e+7 
           6290      1.52438e+7 
           6310      1.45124e+7 
           6330      1.46427e+7 
           6350      1.43227e+7 
           6370      1.42867e+7 
           6390      1.45176e+7 
           6410      1.41154e+7 
           6430      1.42947e+7 
           6450      1.37416e+7 
           6470      1.40852e+7 
           6490        1.363e+7 
           6510       1.3798e+7 
           6530      1.37118e+7 
           6550       1.2823e+7 
           6570      1.03353e+7 
           6590      1.32967e+7 
           6610      1.33759e+7 
           6630      1.34599e+7 
           6650      1.33543e+7 
           6670      1.31439e+7 
           6690      1.31673e+7 
           6710      1.30563e+7 
           6730      1.29738e+7 
           6750      1.26201e+7 
           6770      1.28695e+7 
           6790      1.26254e+7 
           6810      1.26359e+7 
           6830      1.24982e+7 
           6850       1.2341e+7 
           6870      1.24313e+7 
           6890      1.23386e+7 
           6910      1.22278e+7 
           6930      1.20962e+7 
           6950      1.20493e+7 
           6970      1.19314e+7 
           6990       1.1884e+7 
           7010      1.14038e+7 
           7030      1.16767e+7 
           7050       1.1628e+7 
           7070      1.15502e+7 
           7090      1.14912e+7 
           7110      1.10734e+7 
           7130       1.1161e+7 
           7150      1.11178e+7 
           7170      1.09599e+7 
           7190      1.07686e+7 
           7210      1.08589e+7 
           7230      1.07211e+7 
           7250      1.05739e+7 
           7270      1.07325e+7 
           7290      1.04482e+7 
           7310      1.04835e+7 
           7330       1.0467e+7 
           7350      1.04276e+7 
           7370      1.04557e+7 
           7390      1.02281e+7 
           7410      1.00433e+7 
           7430      9.87121e+6 
           7450      9.89837e+6 
           7470      9.89203e+6 
           7490      9.87822e+6 
           7510      9.87043e+6 
           7530      9.83069e+6 
           7550      9.89697e+6 
           7570      9.67777e+6 
           7590      9.71708e+6 
           7610      9.64525e+6 
           7630      9.63617e+6 
           7650      9.46161e+6 
           7670      9.25095e+6 
           7690      9.26596e+6 
           7710      9.26041e+6 
           7730      9.22517e+6 
           7750       9.1381e+6 
           7770      8.90267e+6 
           7790      9.17424e+6 
           7810      9.02973e+6 
           7830       8.8921e+6 
           7850      8.73742e+6 
           7870      8.82384e+6 
           7890      8.68839e+6 
           7910      8.56985e+6 
           7930      8.47036e+6 
           7950      8.40872e+6 
           7970      8.61507e+6 
           7990       8.3985e+6 
           8010      8.46231e+6 
           8030      8.31329e+6 
           8050       8.3261e+6 
           8070         8.26e+6 
           8090      8.20597e+6 
           8110      8.24689e+6 
           8130      8.23828e+6 
           8150      8.15366e+6 
           8170      8.10588e+6 
           8190       7.8209e+6 
           8210      7.70348e+6 
           8230      7.72615e+6 
           8250      7.72693e+6 
           8270      7.87028e+6 
           8290      7.78411e+6 
           8310      7.61575e+6 
           8330      7.50159e+6 
           8350      7.58727e+6 
           8370      7.46555e+6 
           8390      7.42197e+6 
           8410      7.41335e+6 
           8430        7.436e+6 
           8450      7.21565e+6 
           8470      7.15115e+6 
           8490      7.04642e+6 
           8510      6.28714e+6 
           8530      6.61236e+6 
           8550      4.68705e+6 
           8570      7.56691e+6 
           8590      7.36017e+6 
           8610      7.19694e+6 
           8630      7.85611e+6 
           8650      7.08723e+6 
           8670      4.87465e+6 
           8690      7.29502e+6 
           8710      7.88477e+6 
           8730      7.73499e+6 
           8750      6.59206e+6 
           8770      7.70672e+6 
           8790      7.82186e+6 
           8810      7.72572e+6 
           8830      7.49459e+6 
           8850      7.26162e+6 
           8870      6.38186e+6 
           8890      7.41474e+6 
           8910      7.52291e+6 
           8930      7.36783e+6 
           8950      7.47462e+6 
           8970      7.33739e+6 
           8990      7.25257e+6 
           9010      6.26165e+6 
           9030      6.76387e+6 
           9050      7.23998e+6 
           9070      6.97773e+6 
           9090      6.83536e+6 
           9110      6.93021e+6 
           9130      7.06349e+6 
           9150      7.09924e+6 
           9170      7.00021e+6 
           9190      6.91803e+6 
           9210      6.63397e+6 
           9230      5.62621e+6 
           9250       6.3645e+6 
           9270      6.50716e+6 
           9290       6.7712e+6 
           9310      6.74779e+6 
           9330      6.64792e+6 
           9350      6.67467e+6 
           9370      6.66809e+6 
           9390      6.52008e+6 
           9410       6.1482e+6 
           9430      6.34669e+6 
           9450      6.31352e+6 
           9470      6.42047e+6 
           9490      6.42188e+6 
           9510      6.30867e+6 
           9530      6.13787e+6 
           9550      5.23772e+6 
           9570      6.06733e+6 
           9590        6.176e+6 
           9610      6.03447e+6 
           9630      5.88715e+6 
           9650      5.97403e+6 
           9670      5.83412e+6 
           9690      5.74586e+6 
           9710      5.98034e+6 
           9730      5.93071e+6 
           9750      5.71539e+6 
           9770      5.87356e+6 
           9790      5.79653e+6 
           9810      5.80854e+6 
           9830      5.72021e+6 
           9850      5.63643e+6 
           9870      5.62946e+6 
           9890      5.55164e+6 
           9910      5.50509e+6 
           9930       5.5731e+6 
           9950       5.5081e+6 
           9970      5.50725e+6 
           9990      5.47239e+6 
          10025      5.27305e+6 
          10075      5.03787e+6 
          10125       5.1955e+6 
          10175      5.15621e+6 
          10225      5.12644e+6 
          10275      5.09451e+6 
          10325      4.95836e+6 
          10375      4.91033e+6 
          10425      4.84671e+6 
          10475      4.61892e+6 
          10525      4.64588e+6 
          10575      4.61586e+6 
          10625      4.56051e+6 
          10675      4.38565e+6 
          10725      4.39038e+6 
          10775      4.32117e+6 
          10825      4.24437e+6 
          10875      4.21435e+6 
          10925      3.88422e+6 
          10975      4.04063e+6 
          11025      4.11378e+6 
          11075      4.07457e+6 
          11125      3.97989e+6 
          11175      3.93772e+6 
          11225      3.90182e+6 
          11275      3.73038e+6 
          11325      3.69252e+6 
          11375      3.70555e+6 
          11425      3.59209e+6 
          11475      3.66242e+6 
          11525      3.61057e+6 
          11575      3.54008e+6 
          11625      3.42105e+6 
          11675      3.36417e+6 
          11725      3.42734e+6 
          11775      3.29586e+6 
          11825      3.26212e+6 
          11875      3.20612e+6 
          11925      3.27943e+6 
          11975      3.14728e+6 
          12025      3.15477e+6 
          12075      3.09718e+6 
          12125      3.06297e+6 
          12175      3.04854e+6 
          12225      3.00046e+6 
          12275      2.96432e+6 
          12325      2.93089e+6 
          12375      2.89643e+6 
          12425      2.86804e+6 
          12475      2.82452e+6 
          12525      2.77224e+6 
          12575      2.72784e+6 
          12625      2.72046e+6 
          12675      2.69153e+6 
          12725      2.67601e+6 
          12775      2.63317e+6 
          12825      2.38478e+6 
          12875      2.56334e+6 
          12925      2.52347e+6 
          12975      2.50921e+6 
          13025       2.4771e+6 
          13075      2.45797e+6 
          13125      2.41435e+6 
          13175      2.36893e+6 
          13225      2.36957e+6 
          13275      2.32846e+6 
          13325      2.30889e+6 
          13375       2.2845e+6 
          13425      2.25017e+6 
          13475      2.23246e+6 
          13525      2.19704e+6 
          13575      2.15962e+6 
          13625      2.14766e+6 
          13675      2.11224e+6 
          13725      2.06328e+6 
          13775      2.06143e+6 
          13825      2.04517e+6 
          13875      2.03926e+6 
          13925       1.9922e+6 
          13975      1.97527e+6 
          14025      1.95374e+6 
          14075      1.94216e+6 
          14125      1.90805e+6 
          14175      1.89198e+6 
          14225      1.86344e+6 
          14275      1.83407e+6 
          14325       1.8269e+6 
          14375       1.8185e+6 
          14425      1.73352e+6 
          14475      1.76692e+6 
          14525      1.71464e+6 
          14570      1.72591e+6 
          14620      1.69706e+6 
          14675      1.69402e+6 
          14725      1.65637e+6 
          14775      1.63338e+6 
          14825      1.62546e+6 
          14875       1.5962e+6 
          14925      1.60788e+6 
          14975      1.57813e+6 
          15025      1.54681e+6 
          15075      1.52414e+6 
          15125       1.5231e+6 
          15175      1.51447e+6 
          15225      1.50482e+6 
          15275      1.47123e+6 
          15325      1.45451e+6 
          15375      1.47063e+6 
          15425      1.39722e+6 
          15475      1.44078e+6 
          15525      1.43684e+6 
          15575      1.35838e+6 
          15625      1.42842e+6 
          15675       1.3847e+6 
          15725      1.32175e+6 
          15775      1.36328e+6 
          15825      1.36966e+6 
          15875      1.24029e+6 
          15925      1.33794e+6 
          15975      1.34021e+6 
          16050      1.31126e+6 
          16150      1.24054e+6 
          16250      1.27427e+6 
          16350       1.2318e+6 
          16450      1.16238e+6 
          16550      1.18984e+6 
          16650      1.16972e+6 
          16750       1.1357e+6 
          16850      1.07234e+6 
          16950      1.10138e+6 
          17050      1.06696e+6 
          17150      1.05606e+6 
          17250      1.02146e+6 
          17350          952666 
          17450          973451 
          17550          963013 
          17650          942312 
          17750          925375 
          17850          907445 
          17950          897877 
          18050          869466 
          18150          821155 
          18250          833807 
          18350          827026 
          18450          809420 
          18550          790119 
          18650          776372 
          18750          723674 
          18850          745608 
          18950          720858 
          19050          725051 
          19150          709342 
          19250          696949 
          19350          680859 
          19450          637707 
          19550          658562 
          19650          647008 
          19750          631278 
          19850          623299 
          19950          611330 
          20050          602398 
          20150          593075 
          20250          579928 
          20350          566501 
          20450          562604 
          20550          551308 
          20650          539709 
          20750          530451 
          20850          521371 
          20950          512165 
          21050          504871 
          21150          493370 
          21250          485834 
          21350          476988 
          21450          471577 
          21550          463998 
          21650          434910 
          21750          445692 
          21850          439839 
          21950          434691 
          22050          423768 
          22150          417701 
          22250          413056 
          22350          406178 
          22450          399839 
          22550          388922 
          22650          384453 
          22750          380221 
          22850          373387 
          22950          365770 
          23050          363043 
          23150          356700 
          23250          352043 
          23350          346125 
          23450          340946 
          23550          335713 
          23650          330731 
          23750          324506 
          23850          319307 
          23950          314492 
          24050          308820 
          24150          304059 
          24250          301672 
          24350          293481 
          24450          290096 
          24550          287150 
          24650          282822 
          24750          278309 
          24850          275616 
          24950          265216 
          25050          269227 
          25150          265280 
          25250          254443 
          25350          257921 
          25450          254060 
          25550          249415 
          25650          237688 
          25750          243351 
          25850          238833 
          25950          237617 
          26050          233398 
          26150          221975 
          26250          216756 
          26350          223800 
          26450          220851 
          26550          217716 
          26650          213194 
          26750          203732 
          26850          209382 
          26950          207198 
          27050          203661 
          27150          201356 
          27250          198622 
          27350          195893 
          27450          193624 
          27550          183351 
          27650          185861 
          27750          185448 
          27850          183060 
          27950          181058 
          28050          178515 
          28150          176060 
          28250          173579 
          28350          171659 
          28450          168750 
          28550          167080 
          28650          164291 
          28750          155822 
          28850          160197 
          28950          158068 
          29050          156517 
          29150          153933 
          29250          151795 
          29350          150513 
          29450          148433 
          29550          146826 
          29650          144958 
          29750          143002 
          29850          141365 
          29950          139201 
          30050          137437 
          30150          135773 
          30250          134288 
          30350          128263 
          30450          129608 
          30550          129205 
          30650          127557 
          30750          126191 
          30850          123961 
          30950          122910 
          31050          121432 
          31150          119147 
          31250          118455 
          31350          116792 
          31450          115742 
          31550          114438 
          31650          113212 
          31750          111603 
          31850          110565 
          31950          109254 
          32100          107256 
          32300          104949 
          32500          102449 
          32700          100041 
          32900         95166.5 
          33100         94659.5 
          33300         92764.8 
          33500           90885 
          33700         88588.8 
          33900         86618.8 
          34100         84672.7 
          34300         83073.3 
          34500         81631.8 
          34700         79645.4 
          34900         78073.3 
          35100         76418.6 
          35300         74699.5 
          35500         73127.8 
          35700         71403.3 
          35900         70186.1 
          36100         68442.1 
          36300         67472.7 
          36500         65437.4 
          36700         64507.9 
          36900         62396.7 
          37100         61818.9 
          37300         60090.8 
          37500         57589.7 
          37700         58212.8 
          37900         57114.9 
          38100           55432 
          38300         54751.9 
          38500         53963.4 
          38700         52808.4 
          38900         51649.3 
          39100         50015.9 
          39300           49952 
          39500         48841.4 
          39700         48075.7 
          39900         46870.8 
          40100         45755.5 
          40300         44727.2 
          40500         43549.3 
          40700         43636.3 
          40900         42748.9 
          41100         42159.9 
          41300         41383.7 
          41500         40493.6 
          41700         39048.9 
          41900           39059 
          42100         38246.6 
          42300         37799.5 
          42500         37075.4 
          42700         36447.9 
          42900         35795.7 
          43100         35125.5 
          43300         34434.1 
          43500         33841.4 
          43700         32571.7 
          43900         32611.8 
          44100         31977.7 
          44300         31499.5 
          44500         30954.5 
          44700         30472.6 
          44900         29917.7 
          45100           29427 
          45300         28910.7 
          45500         28447.8 
          45700           27927 
          45900         27464.2 
          46100         27065.1 
          46300         26605.1 
          46500         25585.7 
          46700         25204.7 
          46900         25305.3 
          47100         24910.8 
          47300           24539 
          47500           24094 
          47700         23706.9 
          47900         23368.2 
          48100         22978.8 
          48300         22630.7 
          48500         22253.8 
          48700         21922.1 
          48900         21560.4 
          49100         21214.8 
          49300         20878.7 
          49500           20575 
          49700         20214.5 
          49900         19981.7 
          50100         19669.4 
          50300         19292.9 
          50500         19081.3 
          50700           18805 
          50900         18397.3 
          51100         18190.1 
          51300         17590.4 
          51500         17684.2 
          51700         17299.5 
          51900           17186 
          52100         16908.6 
          52300         16663.9 
          52500         16422.3 
          52700         16059.2 
          52900         15966.2 
          53100           15734 
          53300         15504.7 
          53500           15285 
          53700         14928.4 
          53900         14760.8 
          54100         14641.5 
          54300         14408.7 
          54500         14220.7 
          54700         13993.5 
          54900         13821.7 
          55100         13627.2 
          55300         13251.7 
          55500         13245.6 
          55700         13066.9 
          55900         12831.3 
          56100         12711.2 
          56300         12530.7 
          56500         12378.5 
          56700         12199.9 
          56900         12032.8 
          57100           11676 
          57300         11716.2 
          57500           11562 
          57700         11402.7 
          57900         11239.8 
          58100         11101.7 
          58300         10954.9 
          58500         10822.5 
          58700         10671.4 
          58900         10493.6 
          59100         10179.5 
          59300         10233.6 
          59500         9870.78 
          59700         9958.45 
          59900         9859.93 
          60100         9733.92 
          60300          9618.9 
          60500         9494.79 
          60700          9363.1 
          60900         9240.86 
          61100          9107.4 
          61300         9018.89 
          61500         8908.93 
          61700         8794.76 
          61900         8672.54 
          62100         8579.26 
          62300         8445.45 
          62500         8361.87 
          62700         8250.83 
          62900         7989.24 
          63100         8020.81 
          63300         7955.35 
          63500         7856.36 
          63700         7766.62 
          63900         7665.86 
          64200         7536.98 
          64600         7346.17 
          65000         7163.65 
          65400         7009.27 
          65800         6837.29 
          66200         6673.17 
          66600         6526.75 
          67000         6374.02 
          67400          6216.9 
          67800         6020.09 
          68200         5938.02 
          68600          5811.9 
          69000            5675 
          69400         5533.19 
          69800         5428.28 
          70200         5305.51 
          70600         5190.31 
          71000          5067.8 
          71400          4969.2 
          71800         4859.04 
          72200          4747.6 
          72600         4633.25 
          73000            4559 
          73400         4459.03 
          73800         4368.49 
          74200         4269.86 
          74600         4132.67 
          75000         4001.64 
          75400         4010.85 
          75800         3931.38 
          76200         3852.65 
          76600         3774.83 
          77000          3697.4 
          77400         3624.82 
          77800         3527.21 
          78200         3483.46 
          78600         3414.31 
          79000         3346.98 
          79400          3280.3 
          79800         3216.02 
          80200         3150.87 
          80600          3090.1 
          81000         3033.82 
          81400         2948.81 
          81800         2913.57 
          82200         2863.42 
          82600         2808.98 
          83000         2754.84 
          83400          2699.4 
          83800         2648.85 
          84200         2602.38 
          84600         2556.35 
          85000         2509.77 
          85400         2462.56 
          85800         2417.54 
          86200         2373.51 
          86600         2309.24 
          87000         2290.34 
          87400         2236.58 
          87800         2197.92 
          88200         2168.15 
          88600         2128.32 
          89000         2092.77 
          89400          2057.4 
          89800         2019.02 
          90200         1985.23 
          90600         1950.57 
          91000         1916.99 
          91400         1884.51 
          91800         1854.09 
          92200         1822.79 
          92600          1787.7 
          93000         1762.03 
          93400         1731.86 
          93800         1685.22 
          94200         1673.53 
          94600         1646.78 
          95000         1617.29 
          95400          1588.6 
          95800          1567.4 
          96200         1540.51 
          96600         1516.92 
          97000         1492.34 
          97400         1466.45 
          97800         1443.85 
          98200         1420.31 
          98600         1393.23 
          99000         1377.04 
          99400         1354.46 
          99800         1332.73 
         100200         1311.87 
         200000         84.2668 
         400000         5.23889 
         600000         1.02504 
         800000        0.321592 
         1.0e+6        0.130774 
         1.2e+6       0.0626757 
         1.4e+6         0.03365 
         1.6e+6       0.0196326 
