# Kurucz ODFNEW /NOVER (2003)
# teff = 11250 K (value for the effective temperature for the model. Temperatures are given in K)
# logg = 4.5 log(cm/s2) (value for Log(G) for the model.)
# meta = 0  (value for the Metallicity for the model.)
# lh = 1.25  (l/Hp where l is the  mixing length of the convective element and Hp is the pressure scale height)
# vtur = 2 km/s (Microturbulence velocity)
# alpha = 0  (Alpha)
#
# column 1: WAVELENGTH (ANGSTROM), Wavelength in Angstrom
# column 2: FLUX (ERG/CM2/S/A), Flux in erg/cm2/s/A
            230     1.02308e-23 
            234     8.23691e-23 
            240     5.43877e-22 
          246.5     3.62765e-21 
          252.4     1.86408e-20 
          256.8     6.03715e-20 
            260     1.38699e-19 
            264     3.82173e-19 
          268.5     1.15027e-18 
          273.5     3.75902e-18 
          278.5     1.18752e-17 
            284     4.02017e-17 
            290     1.44626e-16 
            296     4.93572e-16 
            301     1.33405e-15 
            308     5.09076e-15 
            318     3.12868e-14 
            328     1.73482e-13 
            338     8.73003e-13 
            348     4.03096e-12 
            357     1.50072e-11 
            366     5.22026e-11 
            375     1.70945e-10 
            385     6.01471e-10 
            395      1.98439e-9 
            405      6.20062e-9 
            414      1.65083e-8 
            422      3.80592e-8 
            430      8.47488e-8 
            441      2.45586e-7 
            451      6.15396e-7 
            460      1.35979e-6 
            470      3.16494e-6 
            480      7.11469e-6 
            490      1.54854e-5 
            500      3.26142e-5 
            506      8.85852e-5 
            512     0.000159533 
            520     0.000267876 
            530     0.000503804 
            540     0.000912897 
            550      0.00165201 
            560      0.00289623 
            570      0.00497969 
            580      0.00828626 
            590       0.0138863 
            600       0.0225954 
            610       0.0362616 
            620       0.0571778 
            630       0.0889011 
            640         0.13593 
            650        0.205966 
            658        0.284093 
            665        0.373548 
            675         0.54722 
            685        0.792864 
            695         1.13707 
            705         1.60947 
            716          2.3378 
            726         3.24584 
            735         4.32424 
            745          5.8966 
            755         7.97243 
            765         10.6879 
            775         14.2218 
            785         18.7776 
            795           24.53 
            805         31.9603 
            815         41.3111 
            825         53.0025 
            835          67.395 
            845         85.6423 
            855         107.831 
            865         135.048 
            875         167.958 
            885         208.229 
            895         256.511 
            905         313.426 
            915         3364.28 
            925         23002.5 
            935         38574.2 
            945         69024.3 
            955          113549 
            965          152261 
            975          107916 
            985          263389 
            995          373775 
           1005          419241 
           1015          322421 
           1025          168007 
           1035          367858 
           1045          656053 
           1055      1.04054e+6 
           1065      1.17577e+6 
           1075       1.5551e+6 
           1085      1.84421e+6 
           1095      2.02622e+6 
           1105      7.18733e+6 
           1115      6.60597e+7 
           1125      8.77004e+7 
           1135      1.09329e+8 
           1145      9.36518e+7 
           1155      1.10998e+8 
           1165       1.1582e+8 
           1175      9.27235e+7 
           1185      5.72489e+7 
           1195      3.20162e+6 
           1205      1.84719e+6 
           1215          479951 
           1225      1.70567e+6 
           1235      1.01813e+7 
           1245      5.73033e+7 
           1255      1.45863e+8 
           1265      1.28553e+8 
           1275      2.26783e+8 
           1285      3.00955e+8 
           1295      2.65998e+8 
           1305      1.49157e+8 
           1315      2.82064e+8 
           1325      3.19902e+8 
           1335      2.92024e+8 
           1345      3.53733e+8 
           1355      3.27151e+8 
           1365      2.88083e+8 
           1375      3.26371e+8 
           1385      3.19947e+8 
           1395      3.30186e+8 
           1405      3.33117e+8 
           1415      3.15236e+8 
           1425      3.40195e+8 
           1435      3.05632e+8 
           1442      3.47621e+8 
           1447      3.71528e+8 
           1455      3.65834e+8 
           1465      3.34475e+8 
           1475      3.14284e+8 
           1485       3.2802e+8 
           1495      3.54678e+8 
           1505      3.51444e+8 
           1512      3.20052e+8 
           1517      3.53191e+8 
           1525      3.23106e+8 
           1535      3.05192e+8 
           1545      3.46313e+8 
           1555      2.93123e+8 
           1565      2.61041e+8 
           1575      2.92924e+8 
           1585       3.2346e+8 
           1595      3.36728e+8 
           1605      3.17043e+8 
           1615       3.1817e+8 
           1625      2.86675e+8 
           1635      2.96017e+8 
           1645      3.11739e+8 
           1655      2.66266e+8 
           1665      3.02569e+8 
           1672      2.39076e+8 
           1677      2.86948e+8 
           1685      3.15305e+8 
           1695      2.90104e+8 
           1705      2.76344e+8 
           1715      2.67456e+8 
           1725      2.63174e+8 
           1735      2.77195e+8 
           1745      2.73148e+8 
           1755      2.95963e+8 
           1765      2.55117e+8 
           1775      2.81642e+8 
           1785       2.8151e+8 
           1795      3.00902e+8 
           1805      2.87586e+8 
           1815      2.83534e+8 
           1825      2.73355e+8 
           1835      2.63816e+8 
           1845      2.45702e+8 
           1855      2.54633e+8 
           1865      2.54953e+8 
           1875      2.69386e+8 
           1885      2.62899e+8 
           1895      2.57792e+8 
           1905      2.50639e+8 
           1915      2.55527e+8 
           1925      2.55868e+8 
           1935       2.5314e+8 
           1945      2.60522e+8 
           1955      2.54217e+8 
           1967       2.6349e+8 
           1976      2.62543e+8 
           1984      2.53434e+8 
           1995      2.44428e+8 
           2005      2.44685e+8 
           2015      2.29106e+8 
           2025      2.37248e+8 
           2035      2.36332e+8 
           2045      2.41747e+8 
           2055      2.30354e+8 
           2065      2.28164e+8 
           2074      2.34736e+8 
           2078      2.39076e+8 
           2085      2.38349e+8 
           2095      2.28671e+8 
           2105      2.24982e+8 
           2115      2.23904e+8 
           2125      2.25039e+8 
           2135      1.99149e+8 
           2145      2.16923e+8 
           2155      2.18606e+8 
           2165      2.08063e+8 
           2175      2.04251e+8 
           2185      2.02559e+8 
           2195      2.12361e+8 
           2205      2.03326e+8 
           2215      1.89063e+8 
           2225      1.83752e+8 
           2235      2.00702e+8 
           2245      1.82376e+8 
           2255      1.79051e+8 
           2265      1.81388e+8 
           2275      1.90133e+8 
           2285      1.94057e+8 
           2295      1.84087e+8 
           2305      1.77891e+8 
           2315      1.71493e+8 
           2325      1.71261e+8 
           2335      1.62923e+8 
           2345      1.53678e+8 
           2355      1.67381e+8 
           2365      1.52572e+8 
           2375      1.58556e+8 
           2385      1.43354e+8 
           2395       1.5628e+8 
           2405      1.48327e+8 
           2415      1.51674e+8 
           2425      1.57735e+8 
           2435      1.49981e+8 
           2445       1.5993e+8 
           2455      1.53423e+8 
           2465      1.53358e+8 
           2475      1.47097e+8 
           2485      1.55579e+8 
           2495      1.50134e+8 
           2505      1.61408e+8 
           2513      1.48689e+8 
           2518      1.51094e+8 
           2525      1.41766e+8 
           2535      1.41172e+8 
           2545      1.40227e+8 
           2555      1.47194e+8 
           2565      1.45716e+8 
           2575      1.54098e+8 
           2585      1.53348e+8 
           2595      1.51631e+8 
           2605       1.4529e+8 
           2615      1.44566e+8 
           2625      1.48786e+8 
           2635      1.49379e+8 
           2645      1.60109e+8 
           2655      1.57302e+8 
           2665      1.46767e+8 
           2675      1.51995e+8 
           2685       1.5065e+8 
           2695      1.45567e+8 
           2705      1.48143e+8 
           2715      1.41943e+8 
           2725      1.42643e+8 
           2735      1.50733e+8 
           2745      1.33552e+8 
           2755      1.32957e+8 
           2765      1.36481e+8 
           2775      1.43043e+8 
           2785      1.41012e+8 
           2795      1.18111e+8 
           2805      1.29035e+8 
           2815      1.43675e+8 
           2825      1.44005e+8 
           2835      1.38482e+8 
           2845      1.33689e+8 
           2855      1.31497e+8 
           2865      1.37144e+8 
           2875      1.33443e+8 
           2885      1.35792e+8 
           2895      1.32023e+8 
           2910       1.4088e+8 
           2930      1.35181e+8 
           2950      1.34614e+8 
           2970      1.34584e+8 
           2990      1.33969e+8 
           3010      1.35318e+8 
           3030      1.33443e+8 
           3050       1.3135e+8 
           3070      1.29301e+8 
           3090      1.29522e+8 
           3110      1.26518e+8 
           3130      1.25252e+8 
           3150      1.25303e+8 
           3170      1.23708e+8 
           3190      1.19785e+8 
           3210       1.2086e+8 
           3230      1.18635e+8 
           3250      1.18328e+8 
           3270      1.17917e+8 
           3290      1.17441e+8 
           3310      1.16876e+8 
           3330      1.14545e+8 
           3350      1.12547e+8 
           3370      1.11982e+8 
           3390      1.10448e+8 
           3410      1.10886e+8 
           3430      1.09795e+8 
           3450      1.08852e+8 
           3470      1.07329e+8 
           3490      1.06374e+8 
           3510       1.0607e+8 
           3530      1.05458e+8 
           3550      1.04575e+8 
           3570      1.03114e+8 
           3590      1.02147e+8 
           3610      1.01218e+8 
           3630      1.00208e+8 
           3640      9.97922e+7 
           3650      1.01506e+8 
           3670      1.00777e+8 
           3690      9.80386e+7 
           3710      9.61551e+7 
           3730      9.36672e+7 
           3750      1.11721e+8 
           3770      1.17926e+8 
           3790      1.43942e+8 
           3810      1.67339e+8 
           3830      1.33568e+8 
           3850      1.82261e+8 
           3870       2.0618e+8 
           3890      1.15294e+8 
           3910      2.03831e+8 
           3930       2.1497e+8 
           3950      2.01723e+8 
           3970      1.09671e+8 
           3990      1.91184e+8 
           4010      2.10379e+8 
           4030      2.08006e+8 
           4050      2.06938e+8 
           4070       1.9764e+8 
           4090      1.52864e+8 
           4110      1.17099e+8 
           4130      1.84141e+8 
           4150      1.92198e+8 
           4170      1.90571e+8 
           4190      1.88632e+8 
           4210      1.86344e+8 
           4230      1.82932e+8 
           4250       1.8019e+8 
           4270      1.76694e+8 
           4290      1.73961e+8 
           4310      1.64839e+8 
           4330      1.23018e+8 
           4350      1.04762e+8 
           4370      1.57205e+8 
           4390      1.59935e+8 
           4410      1.60551e+8 
           4430      1.58379e+8 
           4450      1.57504e+8 
           4470      1.54422e+8 
           4490      1.51001e+8 
           4510      1.50793e+8 
           4530      1.48567e+8 
           4550      1.45515e+8 
           4570      1.45241e+8 
           4590      1.42398e+8 
           4610       1.4195e+8 
           4630      1.38644e+8 
           4650      1.38135e+8 
           4670      1.36047e+8 
           4690      1.33821e+8 
           4710      1.30294e+8 
           4730       1.3074e+8 
           4750      1.28752e+8 
           4770      1.27141e+8 
           4790      1.25088e+8 
           4810      1.22215e+8 
           4830      1.16525e+8 
           4850      9.05512e+7 
           4870      7.38753e+7 
           4890      1.09611e+8 
           4910      1.14129e+8 
           4930      1.13201e+8 
           4950      1.12958e+8 
           4970      1.11912e+8 
           4990      1.10472e+8 
           5010      1.08011e+8 
           5030      1.07403e+8 
           5050      1.05254e+8 
           5070      1.05057e+8 
           5090      1.03772e+8 
           5110      1.02341e+8 
           5130      1.01307e+8 
           5150      9.97301e+7 
           5170      9.78762e+7 
           5190      9.69848e+7 
           5210      9.61278e+7 
           5230      9.46227e+7 
           5250      9.40399e+7 
           5270      9.21921e+7 
           5290      9.19459e+7 
           5310      9.03127e+7 
           5330      8.94969e+7 
           5350      8.87672e+7 
           5370      8.76486e+7 
           5390      8.66078e+7 
           5410      8.53971e+7 
           5430       8.4552e+7 
           5450      8.37068e+7 
           5470      8.26639e+7 
           5490      8.17478e+7 
           5510      8.07844e+7 
           5530      7.99067e+7 
           5550      7.90358e+7 
           5570      7.81268e+7 
           5590      7.72674e+7 
           5610      7.64673e+7 
           5630      7.55957e+7 
           5650      7.46284e+7 
           5670       7.3811e+7 
           5690       7.3058e+7 
           5710      7.22594e+7 
           5730      7.14713e+7 
           5750      7.06502e+7 
           5770      6.98784e+7 
           5790      6.90537e+7 
           5810       6.8328e+7 
           5830      6.75896e+7 
           5850      6.68618e+7 
           5870      6.59062e+7 
           5890       6.5189e+7 
           5910      6.46849e+7 
           5930      6.40179e+7 
           5950      6.31765e+7 
           5970      6.25858e+7 
           5990      6.18252e+7 
           6010      6.12716e+7 
           6030      6.06513e+7 
           6050      5.99772e+7 
           6070      5.93546e+7 
           6090      5.87307e+7 
           6110      5.81229e+7 
           6130      5.74956e+7 
           6150      5.64947e+7 
           6170      5.62805e+7 
           6190      5.57325e+7 
           6210      5.51543e+7 
           6230      5.45513e+7 
           6250      5.38073e+7 
           6270      5.34608e+7 
           6290       5.2909e+7 
           6310      5.23187e+7 
           6330      5.18184e+7 
           6350       5.0845e+7 
           6370      5.05003e+7 
           6390      5.02409e+7 
           6410      4.96968e+7 
           6430      4.92223e+7 
           6450      4.84829e+7 
           6470      4.81107e+7 
           6490       4.7439e+7 
           6510      4.66839e+7 
           6530      4.51642e+7 
           6550      3.90555e+7 
           6570      3.18717e+7 
           6590      4.24926e+7 
           6610      4.41724e+7 
           6630      4.42105e+7 
           6650      4.39535e+7 
           6670      4.35667e+7 
           6690      4.32317e+7 
           6710      4.28589e+7 
           6730      4.24124e+7 
           6750        4.203e+7 
           6770      4.16406e+7 
           6790       4.1229e+7 
           6810       4.0841e+7 
           6830      4.04317e+7 
           6850      4.00555e+7 
           6870      3.96797e+7 
           6890      3.93084e+7 
           6910      3.89305e+7 
           6930      3.85492e+7 
           6950      3.82013e+7 
           6970      3.78459e+7 
           6990      3.75009e+7 
           7010      3.70902e+7 
           7030      3.67956e+7 
           7050      3.64219e+7 
           7070      3.60993e+7 
           7090      3.57895e+7 
           7110      3.53656e+7 
           7130      3.51075e+7 
           7150      3.47831e+7 
           7170      3.44846e+7 
           7190      3.41698e+7 
           7210      3.38609e+7 
           7230      3.35405e+7 
           7250      3.32203e+7 
           7270      3.29472e+7 
           7290      3.26412e+7 
           7310      3.23472e+7 
           7330      3.20637e+7 
           7350      3.17834e+7 
           7370      3.15002e+7 
           7390      3.12147e+7 
           7410      3.09298e+7 
           7430      3.05956e+7 
           7450      3.03556e+7 
           7470      3.00467e+7 
           7490       2.9822e+7 
           7510      2.95679e+7 
           7530      2.93313e+7 
           7550      2.90776e+7 
           7570      2.88236e+7 
           7590      2.85718e+7 
           7610      2.83288e+7 
           7630      2.80789e+7 
           7650      2.78286e+7 
           7670      2.75883e+7 
           7690      2.73526e+7 
           7710       2.7112e+7 
           7730       2.6888e+7 
           7750      2.66579e+7 
           7770      2.59979e+7 
           7790      2.62054e+7 
           7810       2.5988e+7 
           7830      2.57601e+7 
           7850      2.55129e+7 
           7870      2.52277e+7 
           7890      2.49601e+7 
           7910      2.48865e+7 
           7930      2.46946e+7 
           7950      2.43982e+7 
           7970      2.42878e+7 
           7990      2.38825e+7 
           8010      2.38826e+7 
           8030      2.36831e+7 
           8050      2.34889e+7 
           8070      2.32922e+7 
           8090      2.31012e+7 
           8110      2.29083e+7 
           8130      2.27274e+7 
           8150      2.25417e+7 
           8170      2.23586e+7 
           8190      2.21226e+7 
           8210      2.20429e+7 
           8230      2.18375e+7 
           8250      2.17588e+7 
           8270      2.16559e+7 
           8290      2.14655e+7 
           8310      2.13274e+7 
           8330       2.1123e+7 
           8350       2.1002e+7 
           8370      2.08463e+7 
           8390      2.06775e+7 
           8410       2.0485e+7 
           8430      2.02951e+7 
           8450       1.9928e+7 
           8470      1.98214e+7 
           8490      1.97809e+7 
           8510      1.92214e+7 
           8530      1.95508e+7 
           8550      1.83834e+7 
           8570      1.95231e+7 
           8590      1.83764e+7 
           8610      1.80274e+7 
           8630      1.94817e+7 
           8650      1.85886e+7 
           8670      1.61108e+7 
           8690      1.88828e+7 
           8710      1.95744e+7 
           8730      1.86301e+7 
           8750      1.50549e+7 
           8770      1.76215e+7 
           8790      1.93699e+7 
           8810       1.9583e+7 
           8830      1.89532e+7 
           8850      1.65699e+7 
           8870      1.42744e+7 
           8890      1.77906e+7 
           8910      1.88431e+7 
           8930      1.89851e+7 
           8950       1.8937e+7 
           8970      1.85207e+7 
           8990       1.7342e+7 
           9010      1.38069e+7 
           9030       1.4917e+7 
           9050      1.73626e+7 
           9070      1.78082e+7 
           9090      1.78152e+7 
           9110      1.79041e+7 
           9130      1.78135e+7 
           9150      1.76723e+7 
           9170      1.73816e+7 
           9190      1.68051e+7 
           9210      1.53007e+7 
           9230      1.20634e+7 
           9250      1.46425e+7 
           9270      1.59411e+7 
           9290      1.65832e+7 
           9310      1.66337e+7 
           9330      1.65564e+7 
           9350      1.64731e+7 
           9370      1.63664e+7 
           9390        1.619e+7 
           9410      1.59476e+7 
           9430      1.59686e+7 
           9450      1.58323e+7 
           9470      1.56454e+7 
           9490      1.53741e+7 
           9510      1.48267e+7 
           9530      1.32688e+7 
           9550      1.08245e+7 
           9570         1.34e+7 
           9590      1.44993e+7 
           9610      1.47282e+7 
           9630      1.46143e+7 
           9650      1.47079e+7 
           9670      1.45706e+7 
           9690       1.4527e+7 
           9710      1.44632e+7 
           9730      1.43584e+7 
           9750      1.42488e+7 
           9770      1.41546e+7 
           9790      1.40481e+7 
           9810      1.39428e+7 
           9830      1.38221e+7 
           9850      1.37307e+7 
           9870      1.36276e+7 
           9890      1.34793e+7 
           9910      1.34096e+7 
           9930      1.32953e+7 
           9950      1.31795e+7 
           9970      1.30403e+7 
           9990      1.28341e+7 
          10025      1.14589e+7 
          10075      1.08711e+7 
          10125      1.22321e+7 
          10175      1.21879e+7 
          10225      1.20232e+7 
          10275      1.18187e+7 
          10325      1.16109e+7 
          10375      1.14138e+7 
          10425      1.12211e+7 
          10475      1.10139e+7 
          10525      1.08249e+7 
          10575       1.0651e+7 
          10625      1.04782e+7 
          10675      1.02276e+7 
          10725      1.01036e+7 
          10775      9.93736e+6 
          10825       9.7355e+6 
          10875      9.42671e+6 
          10925      7.88364e+6 
          10975      8.56824e+6 
          11025      9.06718e+6 
          11075      8.99656e+6 
          11125      8.87813e+6 
          11175      8.74033e+6 
          11225      8.60135e+6 
          11275      8.40047e+6 
          11325      8.28328e+6 
          11375       8.1949e+6 
          11425      8.06387e+6 
          11475      7.94425e+6 
          11525      7.82158e+6 
          11575      7.69933e+6 
          11625      7.56299e+6 
          11675      7.43616e+6 
          11725      7.34849e+6 
          11775      7.19437e+6 
          11825      7.11318e+6 
          11875      7.00105e+6 
          11925      6.91279e+6 
          11975      6.79896e+6 
          12025      6.70398e+6 
          12075      6.60104e+6 
          12125      6.50366e+6 
          12175      6.40968e+6 
          12225        6.314e+6 
          12275      6.21817e+6 
          12325      6.12863e+6 
          12375      6.03985e+6 
          12425      5.95498e+6 
          12475      5.85577e+6 
          12525      5.78246e+6 
          12575      5.68868e+6 
          12625       5.6092e+6 
          12675      5.51907e+6 
          12725      5.40832e+6 
          12775      5.13961e+6 
          12825      4.42348e+6 
          12875       5.0519e+6 
          12925      5.11798e+6 
          12975        5.071e+6 
          13025       5.0146e+6 
          13075      4.94569e+6 
          13125      4.87725e+6 
          13175      4.80145e+6 
          13225       4.7441e+6 
          13275      4.67936e+6 
          13325      4.61545e+6 
          13375      4.55279e+6 
          13425      4.49051e+6 
          13475      4.42924e+6 
          13525       4.3671e+6 
          13575      4.31025e+6 
          13625       4.2529e+6 
          13675      4.19487e+6 
          13725      4.13756e+6 
          13775      4.08673e+6 
          13825      4.03298e+6 
          13875      3.98068e+6 
          13925      3.92708e+6 
          13975      3.87685e+6 
          14025      3.82665e+6 
          14075      3.77708e+6 
          14125      3.72791e+6 
          14175       3.6801e+6 
          14225      3.63286e+6 
          14275      3.58657e+6 
          14325      3.54046e+6 
          14375      3.49582e+6 
          14425      3.44013e+6 
          14475      3.40759e+6 
          14525      3.35989e+6 
          14570      3.32674e+6 
          14620      3.29151e+6 
          14675      3.24922e+6 
          14725      3.20929e+6 
          14775      3.16673e+6 
          14825      3.13152e+6 
          14875      3.09075e+6 
          14925      3.05773e+6 
          14975       3.0192e+6 
          15025      2.98245e+6 
          15075      2.94646e+6 
          15125      2.91268e+6 
          15175      2.87716e+6 
          15225      2.84237e+6 
          15275      2.80667e+6 
          15325      2.77106e+6 
          15375      2.74032e+6 
          15425      2.69757e+6 
          15475      2.67308e+6 
          15525      2.63761e+6 
          15575      2.58622e+6 
          15625      2.59315e+6 
          15675       2.5265e+6 
          15725      2.47755e+6 
          15775      2.51137e+6 
          15825      2.47462e+6 
          15875      2.33229e+6 
          15925      2.38808e+6 
          15975      2.41537e+6 
          16050      2.33538e+6 
          16150      2.21685e+6 
          16250      2.29037e+6 
          16350      2.17027e+6 
          16450      2.04888e+6 
          16550      2.15129e+6 
          16650      2.10786e+6 
          16750      1.97628e+6 
          16850      1.86081e+6 
          16950      1.96899e+6 
          17050      1.93508e+6 
          17150      1.89273e+6 
          17250      1.83451e+6 
          17350      1.62845e+6 
          17450      1.73096e+6 
          17550      1.73306e+6 
          17650      1.70187e+6 
          17750      1.66661e+6 
          17850      1.63191e+6 
          17950      1.59624e+6 
          18050      1.54842e+6 
          18150      1.38742e+6 
          18250      1.44612e+6 
          18350      1.46453e+6 
          18450      1.43895e+6 
          18550      1.40739e+6 
          18650      1.36645e+6 
          18750      1.22193e+6 
          18850      1.30771e+6 
          18950      1.29887e+6 
          19050      1.27769e+6 
          19150      1.25257e+6 
          19250      1.22424e+6 
          19350      1.18385e+6 
          19450      1.05878e+6 
          19550      1.13836e+6 
          19650      1.13324e+6 
          19750      1.11465e+6 
          19850      1.09379e+6 
          19950       1.0732e+6 
          20050      1.05306e+6 
          20150      1.03344e+6 
          20250      1.01426e+6 
          20350          995490 
          20450          977221 
          20550          959258 
          20650          941686 
          20750          924669 
          20850          908021 
          20950          891648 
          21050          875630 
          21150          859705 
          21250          844374 
          21350          829293 
          21450          812817 
          21550          789335 
          21650          710969 
          21750          755406 
          21850          757014 
          21950          746887 
          22050          734169 
          22150          721527 
          22250          709471 
          22350          697472 
          22450          685734 
          22550          674176 
          22650          662985 
          22750          651951 
          22850          641762 
          22950          631232 
          23050          621001 
          23150          610917 
          23250          601060 
          23350          591376 
          23450          581904 
          23550          572611 
          23650          563502 
          23750          554566 
          23850          545792 
          23950          537192 
          24050          528624 
          24150          520367 
          24250          512317 
          24350          504261 
          24450          496269 
          24550          488740 
          24650          480839 
          24750          473499 
          24850          466707 
          24950          457708 
          25050          452770 
          25150          445919 
          25250          435539 
          25350          432139 
          25450          427162 
          25550          418764 
          25650          406904 
          25750          407057 
          25850          402848 
          25950          396443 
          26050          385400 
          26150          369842 
          26250          345559 
          26350          366278 
          26450          368425 
          26550          363859 
          26650          355038 
          26750          336294 
          26850          344904 
          26950          344419 
          27050          340440 
          27150          335923 
          27250          331179 
          27350          326022 
          27450          318672 
          27550          298504 
          27650          302193 
          27750          307161 
          27850          304522 
          27950          301170 
          28050          297059 
          28150          293012 
          28250          289025 
          28350          285134 
          28450          280605 
          28550          275509 
          28650          265016 
          28750          249995 
          28850          262151 
          28950          261754 
          29050          259344 
          29150          256056 
          29250          252771 
          29350          249464 
          29450          246226 
          29550          243036 
          29650          239886 
          29750          236791 
          29850          233748 
          29950          230745 
          30050          227697 
          30150          224059 
          30250          219279 
          30350          204846 
          30450          205998 
          30550          211627 
          30650          210416 
          30750          208381 
          30850          205718 
          30950          203262 
          31050          200743 
          31150          198257 
          31250          195813 
          31350          193424 
          31450          191042 
          31550          188739 
          31650          186442 
          31750          184171 
          31850          181962 
          31950          179765 
          32100          176539 
          32300          172352 
          32500          168286 
          32700          163690 
          32900          151822 
          33100          153427 
          33300          152613 
          33500          149349 
          33700          145973 
          33900          142718 
          34100          139529 
          34300          136427 
          34500          133413 
          34700          130469 
          34900          127608 
          35100          124824 
          35300          122114 
          35500          119474 
          35700          116898 
          35900          114409 
          36100          111945 
          36300          109600 
          36500          107232 
          36700          105040 
          36900          102656 
          37100          100469 
          37300         95741.4 
          37500         92866.3 
          37700         94425.5 
          37900         92765.4 
          38100         90556.1 
          38300           88791 
          38500         87382.9 
          38700         85664.6 
          38900         83710.5 
          39100           81395 
          39300         80600.4 
          39500         79175.4 
          39700         77664.9 
          39900         76062.4 
          40100         73799.1 
          40300         72015.4 
          40500         68441.8 
          40700           70070 
          40900         69174.7 
          41100         67925.5 
          41300         66624.3 
          41500         65058.4 
          41700           62213 
          41900           62599 
          42100         61882.4 
          42300         60841.7 
          42500         59732.3 
          42700         58649.3 
          42900         57587.9 
          43100         56551.7 
          43300         55518.1 
          43500         54262.2 
          43700         51632.1 
          43900         51676.9 
          44100         51569.5 
          44300         50801.6 
          44500         49916.1 
          44700         49108.4 
          44900         48191.6 
          45100         47365.1 
          45300         46547.5 
          45500         45753.4 
          45700         44967.8 
          45900           44187 
          46100         43389.6 
          46300         42419.8 
          46500         39729.7 
          46700         39277.9 
          46900           40086 
          47100         39865.1 
          47300         39289.6 
          47500         38667.3 
          47700           38049 
          47900         37439.6 
          48100         36837.5 
          48300         36245.6 
          48500           35667 
          48700         35098.2 
          48900         34540.7 
          49100         33992.7 
          49300         33455.5 
          49500         32930.5 
          49700         32411.3 
          49900         31908.4 
          50100         31409.5 
          50300           30916 
          50500         30439.7 
          50700         29955.3 
          50900         29439.7 
          51100         28711.9 
          51300         27187.3 
          51500         27928.2 
          51700           27697 
          51900         27334.3 
          52100         26944.4 
          52300         26544.6 
          52500         26130.8 
          52700         25732.1 
          52900         25383.1 
          53100         25026.6 
          53300           24676 
          53500         24285.2 
          53700         23889.1 
          53900         23543.6 
          54100         23247.5 
          54300         22965.4 
          54500         22636.1 
          54700         22312.2 
          54900         21956.2 
          55100         21587.4 
          55300         21229.5 
          55500         21013.2 
          55700         20772.7 
          55900         20489.3 
          56100         20204.6 
          56300         19924.6 
          56500         19649.3 
          56700         19356.2 
          56900         19027.2 
          57100         18634.2 
          57300           18494 
          57500         18309.8 
          57700         18090.3 
          57900         17846.4 
          58100         17606.5 
          58300         17356.3 
          58500         17104.6 
          58700         16843.9 
          58900         16438.7 
          59100         15572.6 
          59300         16035.6 
          59500           15746 
          59700         15642.8 
          59900         15562.6 
          60100         15388.3 
          60300         15198.3 
          60500         15005.4 
          60700         14814.6 
          60900           14625 
          61100         14438.6 
          61300         14254.3 
          61500         14073.1 
          61700           13895 
          61900         13717.8 
          62100         13542.6 
          62300         13366.5 
          62500         13180.8 
          62700         12941.6 
          62900         12513.8 
          63100         12586.9 
          63300         12530.1 
          63500           12398 
          63700         12253.5 
          63900         12127.1 
          64200         11906.1 
          64600         11618.3 
          65000         11339.3 
          65400           11068 
          65800         10804.2 
          66200         10548.6 
          66600         10302.5 
          67000           10043 
          67400         9750.04 
          67800         9345.21 
          68200         9344.45 
          68600         9161.34 
          69000          8958.9 
          69400          8755.8 
          69800         8560.63 
          70200         8370.08 
          70600         8184.05 
          71000         7999.43 
          71400         7828.02 
          71800         7657.01 
          72200         7490.74 
          72600         7316.93 
          73000         7166.27 
          73400         7019.15 
          73800         6860.27 
          74200         6683.79 
          74600          6328.8 
          75000         6132.55 
          75400         6238.76 
          75800          6160.3 
          76200         6041.29 
          76600         5928.93 
          77000         5808.27 
          77400         5677.58 
          77800         5546.47 
          78200         5451.92 
          78600         5357.18 
          79000         5250.85 
          79400         5147.11 
          79800         5045.94 
          80200         4947.24 
          80600         4850.88 
          81000         4749.11 
          81400         4630.85 
          81800         4552.68 
          82200         4484.56 
          82600         4402.91 
          83000         4319.67 
          83400         4238.26 
          83800         4158.62 
          84200         4081.21 
          84600          4005.5 
          85000         3931.44 
          85400         3859.05 
          85800         3787.69 
          86200         3706.28 
          86600         3599.68 
          87000         3563.38 
          87400         3441.47 
          87800         3380.42 
          88200          3387.6 
          88600         3336.26 
          89000         3277.32 
          89400         3219.68 
          89800         3163.27 
          90200          3108.1 
          90600         3054.09 
          91000         3001.23 
          91400         2949.59 
          91800         2898.99 
          92200         2849.48 
          92600         2798.82 
          93000         2749.48 
          93400         2696.66 
          93800         2607.52 
          94200         2591.74 
          94600         2566.59 
          95000         2527.03 
          95400         2486.59 
          95800         2448.22 
          96200         2408.12 
          96600         2368.84 
          97000         2330.33 
          97400         2292.64 
          97800         2255.65 
          98200         2217.66 
          98600         2180.48 
          99000         2149.18 
          99400          2115.1 
          99800         2081.65 
         100200         2048.89 
         200000         130.377 
         400000          8.0719 
         600000         1.57766 
         800000        0.494669 
         1.0e+6        0.201076 
         1.2e+6       0.0963381 
         1.4e+6       0.0517042 
         1.6e+6        0.030156 
