# Kurucz ODFNEW /NOVER (2003)
# teff = 10750 K (value for the effective temperature for the model. Temperatures are given in K)
# logg = 4 log(cm/s2) (value for Log(G) for the model.)
# meta = 0.5  (value for the Metallicity for the model.)
# lh = 1.25  (l/Hp where l is the  mixing length of the convective element and Hp is the pressure scale height)
# vtur = 2 km/s (Microturbulence velocity)
# alpha = 0  (Alpha)
#
# column 1: WAVELENGTH (ANGSTROM), Wavelength in Angstrom
# column 2: FLUX (ERG/CM2/S/A), Flux in erg/cm2/s/A
          252.4     3.23917e-23 
          256.8     1.34065e-22 
            260     3.33902e-22 
            264     9.97066e-22 
          268.5     3.25193e-21 
          273.5     1.15408e-20 
          278.5     3.94228e-20 
            284     1.44739e-19 
            290       5.659e-19 
            296     2.08875e-18 
            301     5.99476e-18 
            308     2.48613e-17 
            318     1.70565e-16 
            328     1.04719e-15 
            338     5.79221e-15 
            348     2.92642e-14 
            357     1.19585e-13 
            366     4.47049e-13 
            375     1.56548e-12 
            385     5.93846e-12 
            395     2.09966e-11 
            405     7.03825e-11 
            414     1.99071e-10 
            422     4.84059e-10 
            430      1.13084e-9 
            441      3.52862e-9 
            451      9.41263e-9 
            460       2.1986e-8 
            470      5.42838e-8 
            480      1.29568e-7 
            490      2.98795e-7 
            500      6.66525e-7 
            506      1.93032e-6 
            512      3.61361e-6 
            520      6.31607e-6 
            530      1.24344e-5 
            540      2.36632e-5 
            550      4.48875e-5 
            560      8.25633e-5 
            570     0.000148651 
            580     0.000258335 
            590     0.000452216 
            600     0.000767492 
            610      0.00128702 
            620      0.00211347 
            630      0.00342341 
            640      0.00543802 
            650      0.00858506 
            658       0.0122147 
            665       0.0164629 
            675       0.0250425 
            685       0.0376637 
            695       0.0560549 
            705       0.0820198 
            716        0.124169 
            726         0.17846 
            735        0.245044 
            745        0.345293 
            755        0.482325 
            765         0.66781 
            775         0.91726 
            785         1.24984 
            795         1.68121 
            805         2.25657 
            815         3.01055 
            825         3.97704 
            835         5.20416 
            845           6.802 
            855         8.80259 
            865         11.3232 
            875         14.4438 
            885         18.4068 
            895         23.2756 
            905         29.1839 
            915         973.834 
            925         7112.12 
            935         10771.1 
            945         16509.4 
            955         24562.7 
            965         31659.1 
            975         28466.8 
            985         41151.1 
            995         43334.2 
           1005         54027.6 
           1015         62969.6 
           1025         52617.5 
           1035         78509.3 
           1045         93183.2 
           1055          106917 
           1065          113159 
           1075          132863 
           1085          149879 
           1095          157227 
           1105          258596 
           1115      2.98762e+6 
           1125      4.93555e+6 
           1135      8.08072e+6 
           1145      7.20025e+6 
           1155      1.03006e+7 
           1165      1.19784e+7 
           1175      1.07035e+7 
           1185      7.45665e+6 
           1195          573289 
           1205          736166 
           1215          164079 
           1225          714609 
           1235      2.77627e+6 
           1245      1.50867e+7 
           1255      6.48754e+7 
           1265      4.65431e+7 
           1275      1.06069e+8 
           1285      1.58841e+8 
           1295      1.26545e+8 
           1305       4.4364e+7 
           1315      1.35028e+8 
           1325       1.7524e+8 
           1335       1.3952e+8 
           1345      2.01101e+8 
           1355       1.9025e+8 
           1365      1.58879e+8 
           1375      1.84795e+8 
           1385      1.76258e+8 
           1395      1.85075e+8 
           1405      1.84565e+8 
           1415      1.75754e+8 
           1425      2.08028e+8 
           1435      1.80966e+8 
           1442      2.15725e+8 
           1447      2.38671e+8 
           1455      2.33669e+8 
           1465      2.08917e+8 
           1475      1.97124e+8 
           1485      2.22171e+8 
           1495      2.50577e+8 
           1505      2.47142e+8 
           1512      2.03184e+8 
           1517      2.28547e+8 
           1525      1.96025e+8 
           1535      1.73141e+8 
           1545      2.25167e+8 
           1555      1.75416e+8 
           1565      1.52364e+8 
           1575      1.84171e+8 
           1585       2.1597e+8 
           1595      2.31322e+8 
           1605      2.14906e+8 
           1615      2.14579e+8 
           1625      1.87678e+8 
           1635      1.97044e+8 
           1645       2.1377e+8 
           1655      1.76754e+8 
           1665      2.06763e+8 
           1672      1.25381e+8 
           1677       1.9855e+8 
           1685      2.27692e+8 
           1695      2.06498e+8 
           1705      1.89283e+8 
           1715      1.78616e+8 
           1725      1.75449e+8 
           1735      1.94358e+8 
           1745      1.92854e+8 
           1755      2.21816e+8 
           1765      1.75037e+8 
           1775      1.96817e+8 
           1785       2.0001e+8 
           1795      2.31274e+8 
           1805      2.16739e+8 
           1815      2.11121e+8 
           1825      2.02038e+8 
           1835      1.93074e+8 
           1845      1.73478e+8 
           1855      1.84827e+8 
           1865       1.8728e+8 
           1875      2.02112e+8 
           1885      1.92891e+8 
           1895      1.92497e+8 
           1905       1.8282e+8 
           1915      1.92103e+8 
           1925      1.95541e+8 
           1935       1.9112e+8 
           1945      1.98571e+8 
           1955      1.93657e+8 
           1967      2.09908e+8 
           1976      2.12757e+8 
           1984      1.99981e+8 
           1995      1.90843e+8 
           2005      1.91119e+8 
           2015      1.74984e+8 
           2025       1.8513e+8 
           2035      1.83415e+8 
           2045      1.93615e+8 
           2055      1.80647e+8 
           2065      1.77992e+8 
           2074      1.91637e+8 
           2078       1.9473e+8 
           2085      1.91553e+8 
           2095       1.8142e+8 
           2105      1.75177e+8 
           2115      1.74678e+8 
           2125      1.78845e+8 
           2135      1.48048e+8 
           2145      1.66846e+8 
           2155      1.72959e+8 
           2165      1.62049e+8 
           2175      1.58158e+8 
           2185      1.56666e+8 
           2195      1.67229e+8 
           2205      1.57804e+8 
           2215      1.42699e+8 
           2225      1.36435e+8 
           2235      1.54116e+8 
           2245      1.36885e+8 
           2255       1.3014e+8 
           2265      1.35756e+8 
           2275      1.43817e+8 
           2285      1.48946e+8 
           2295       1.4037e+8 
           2305      1.32461e+8 
           2315      1.24536e+8 
           2325      1.23278e+8 
           2335      1.12351e+8 
           2345      1.04249e+8 
           2355       1.2227e+8 
           2365      1.02972e+8 
           2375      1.10609e+8 
           2385      9.54171e+7 
           2395      1.09235e+8 
           2405      1.01868e+8 
           2415      1.06859e+8 
           2425      1.16415e+8 
           2435      1.10162e+8 
           2445      1.19957e+8 
           2455        1.145e+8 
           2465       1.1441e+8 
           2475       1.0917e+8 
           2485      1.16907e+8 
           2495      1.11657e+8 
           2505      1.26124e+8 
           2513      1.08977e+8 
           2518      1.12817e+8 
           2525      1.02951e+8 
           2535      1.03418e+8 
           2545      1.01601e+8 
           2555      1.10202e+8 
           2565      1.07615e+8 
           2575      1.17553e+8 
           2585      1.15986e+8 
           2595      1.12174e+8 
           2605      1.06318e+8 
           2615      1.05324e+8 
           2625      1.13621e+8 
           2635      1.14052e+8 
           2645        1.292e+8 
           2655      1.26647e+8 
           2665      1.12145e+8 
           2675      1.19685e+8 
           2685      1.15837e+8 
           2695        1.125e+8 
           2705      1.16762e+8 
           2715      1.09918e+8 
           2725      1.11614e+8 
           2735      1.21205e+8 
           2745      9.88093e+7 
           2755      9.93838e+7 
           2765      1.02569e+8 
           2775      1.12564e+8 
           2785      1.09708e+8 
           2795      7.90734e+7 
           2805      9.19891e+7 
           2815       1.1419e+8 
           2825      1.17896e+8 
           2835      1.10808e+8 
           2845      1.06311e+8 
           2855       1.0291e+8 
           2865      1.11565e+8 
           2875      1.07021e+8 
           2885      1.08983e+8 
           2895       1.0312e+8 
           2910      1.16385e+8 
           2930       1.1055e+8 
           2950      1.10237e+8 
           2970      1.12106e+8 
           2990      1.12487e+8 
           3010      1.14718e+8 
           3030      1.12224e+8 
           3050      1.10194e+8 
           3070      1.08527e+8 
           3090      1.10019e+8 
           3110      1.06162e+8 
           3130      1.05252e+8 
           3150      1.06711e+8 
           3170      1.05256e+8 
           3190      1.00801e+8 
           3210      1.02715e+8 
           3230      1.00241e+8 
           3250      1.00701e+8 
           3270       1.0034e+8 
           3290      1.00645e+8 
           3310      1.00608e+8 
           3330      9.79118e+7 
           3350      9.61889e+7 
           3370      9.56942e+7 
           3390      9.45749e+7 
           3410      9.58954e+7 
           3430      9.51166e+7 
           3450      9.40803e+7 
           3470       9.2442e+7 
           3490      9.15835e+7 
           3510       9.2194e+7 
           3530      9.20562e+7 
           3550      9.16227e+7 
           3570      8.97152e+7 
           3590      8.89405e+7 
           3610      8.82498e+7 
           3630      8.74973e+7 
           3640       8.6966e+7 
           3650      8.90153e+7 
           3670      8.82296e+7 
           3690      8.48244e+7 
           3710      8.56941e+7 
           3730      8.71252e+7 
           3750      1.11445e+8 
           3770      1.18936e+8 
           3790      1.47874e+8 
           3810      1.70197e+8 
           3830      1.33622e+8 
           3850      1.81997e+8 
           3870      2.03081e+8 
           3890      1.17445e+8 
           3910      1.99093e+8 
           3930      2.02555e+8 
           3950      1.97744e+8 
           3970      1.10744e+8 
           3990      1.89483e+8 
           4010      2.00635e+8 
           4030      1.97167e+8 
           4050      1.96754e+8 
           4070      1.89116e+8 
           4090      1.54362e+8 
           4110      1.17606e+8 
           4130      1.77161e+8 
           4150      1.83252e+8 
           4170      1.80189e+8 
           4190      1.78201e+8 
           4210       1.7625e+8 
           4230      1.72893e+8 
           4250      1.69653e+8 
           4270      1.65786e+8 
           4290      1.65429e+8 
           4310      1.57442e+8 
           4330      1.23046e+8 
           4350      1.04471e+8 
           4370      1.52018e+8 
           4390      1.51275e+8 
           4410      1.51495e+8 
           4430       1.4893e+8 
           4450      1.49136e+8 
           4470      1.46307e+8 
           4490      1.42394e+8 
           4510      1.42893e+8 
           4530      1.40265e+8 
           4550      1.36765e+8 
           4570      1.37781e+8 
           4590      1.34197e+8 
           4610      1.35191e+8 
           4630      1.30526e+8 
           4650      1.31441e+8 
           4670      1.29029e+8 
           4690      1.26571e+8 
           4710      1.22569e+8 
           4730      1.24257e+8 
           4750      1.22412e+8 
           4770      1.21277e+8 
           4790      1.19465e+8 
           4810      1.16742e+8 
           4830      1.12545e+8 
           4850       9.0178e+7 
           4870      7.28651e+7 
           4890      1.06735e+8 
           4910       1.0918e+8 
           4930      1.07492e+8 
           4950      1.07329e+8 
           4970      1.06624e+8 
           4990       1.0475e+8 
           5010      1.01521e+8 
           5030      1.01145e+8 
           5050      9.90391e+7 
           5070      9.92647e+7 
           5090      9.80383e+7 
           5110      9.65106e+7 
           5130      9.57309e+7 
           5150      9.36082e+7 
           5170      9.19523e+7 
           5190      9.11708e+7 
           5210      9.02848e+7 
           5230      8.85806e+7 
           5250       8.8727e+7 
           5270      8.61612e+7 
           5290      8.69891e+7 
           5310      8.47625e+7 
           5330      8.40599e+7 
           5350      8.40736e+7 
           5370      8.28567e+7 
           5390      8.18488e+7 
           5410      8.04171e+7 
           5430      7.98104e+7 
           5450      7.92993e+7 
           5470      7.82307e+7 
           5490      7.74543e+7 
           5510      7.64537e+7 
           5530      7.57095e+7 
           5550      7.49655e+7 
           5570      7.40723e+7 
           5590      7.33492e+7 
           5610      7.27457e+7 
           5630      7.19124e+7 
           5650      7.07386e+7 
           5670      7.00588e+7 
           5690      6.94706e+7 
           5710      6.87468e+7 
           5730      6.80222e+7 
           5750      6.71772e+7 
           5770      6.64713e+7 
           5790      6.55836e+7 
           5810      6.49621e+7 
           5830      6.42733e+7 
           5850      6.36199e+7 
           5870      6.26995e+7 
           5890      6.17749e+7 
           5910      6.15107e+7 
           5930      6.09293e+7 
           5950      5.99085e+7 
           5970      5.94761e+7 
           5990      5.86774e+7 
           6010      5.82323e+7 
           6030      5.77088e+7 
           6050      5.69944e+7 
           6070      5.64508e+7 
           6090      5.58561e+7 
           6110      5.52892e+7 
           6130      5.46583e+7 
           6150      5.32576e+7 
           6170      5.34928e+7 
           6190      5.30287e+7 
           6210      5.24806e+7 
           6230       5.1852e+7 
           6250      5.08417e+7 
           6270      5.08734e+7 
           6290      5.03428e+7 
           6310      4.96751e+7 
           6330      4.92855e+7 
           6350      4.80833e+7 
           6370      4.78579e+7 
           6390      4.77544e+7 
           6410      4.71791e+7 
           6430      4.68004e+7 
           6450      4.58758e+7 
           6470      4.58365e+7 
           6490      4.50697e+7 
           6510      4.45114e+7 
           6530      4.33769e+7 
           6550      3.80378e+7 
           6570       3.0663e+7 
           6590      4.11272e+7 
           6610       4.2272e+7 
           6630      4.21365e+7 
           6650      4.18655e+7 
           6670       4.1476e+7 
           6690      4.11215e+7 
           6710      4.07713e+7 
           6730      4.02856e+7 
           6750      3.99579e+7 
           6770      3.96186e+7 
           6790      3.92082e+7 
           6810      3.88467e+7 
           6830      3.84208e+7 
           6850      3.80828e+7 
           6870      3.77377e+7 
           6890      3.73975e+7 
           6910      3.70243e+7 
           6930      3.66321e+7 
           6950      3.63373e+7 
           6970      3.59926e+7 
           6990      3.56898e+7 
           7010      3.52012e+7 
           7030      3.50088e+7 
           7050      3.46142e+7 
           7070      3.43447e+7 
           7090      3.40628e+7 
           7110      3.35085e+7 
           7130      3.33616e+7 
           7150      3.30639e+7 
           7170      3.27947e+7 
           7190       3.2501e+7 
           7210       3.2218e+7 
           7230      3.18779e+7 
           7250      3.15539e+7 
           7270       3.1347e+7 
           7290      3.10384e+7 
           7310      3.07504e+7 
           7330      3.05022e+7 
           7350      3.02527e+7 
           7370      2.99868e+7 
           7390       2.9704e+7 
           7410      2.94142e+7 
           7430      2.90063e+7 
           7450       2.8825e+7 
           7470      2.84669e+7 
           7490      2.83205e+7 
           7510      2.80837e+7 
           7530      2.79068e+7 
           7550      2.76745e+7 
           7570      2.74299e+7 
           7590      2.71835e+7 
           7610      2.69744e+7 
           7630      2.67238e+7 
           7650      2.64646e+7 
           7670      2.62396e+7 
           7690      2.60167e+7 
           7710      2.57779e+7 
           7730       2.5588e+7 
           7750      2.53676e+7 
           7770      2.46082e+7 
           7790      2.49396e+7 
           7810      2.47453e+7 
           7830      2.45097e+7 
           7850      2.42229e+7 
           7870      2.39497e+7 
           7890      2.36681e+7 
           7910      2.36473e+7 
           7930      2.34988e+7 
           7950      2.31065e+7 
           7970      2.31212e+7 
           7990      2.25677e+7 
           8010      2.27317e+7 
           8030      2.25339e+7 
           8050      2.23529e+7 
           8070      2.21636e+7 
           8090      2.19839e+7 
           8110      2.17908e+7 
           8130      2.16353e+7 
           8150      2.14623e+7 
           8170      2.12902e+7 
           8190      2.09797e+7 
           8210      2.08586e+7 
           8230      2.06194e+7 
           8250       2.0643e+7 
           8270      2.06165e+7 
           8290       2.0396e+7 
           8310      2.02925e+7 
           8330      2.00535e+7 
           8350      1.99716e+7 
           8370      1.98294e+7 
           8390      1.96547e+7 
           8410      1.94378e+7 
           8430      1.92359e+7 
           8450      1.88152e+7 
           8470      1.86545e+7 
           8490        1.885e+7 
           8510      1.79771e+7 
           8530         1.88e+7 
           8550      1.70105e+7 
           8570      1.89163e+7 
           8590      1.74717e+7 
           8610      1.70375e+7 
           8630      1.90062e+7 
           8650      1.81128e+7 
           8670      1.50333e+7 
           8690      1.84239e+7 
           8710      1.92074e+7 
           8730      1.83286e+7 
           8750      1.43045e+7 
           8770      1.73487e+7 
           8790        1.905e+7 
           8810      1.91311e+7 
           8830         1.85e+7 
           8850      1.63212e+7 
           8870      1.37295e+7 
           8890      1.75828e+7 
           8910      1.83572e+7 
           8930      1.83813e+7 
           8950      1.83924e+7 
           8970      1.80637e+7 
           8990      1.71248e+7 
           9010      1.34143e+7 
           9030      1.46989e+7 
           9050      1.70489e+7 
           9070      1.71648e+7 
           9090      1.71103e+7 
           9110        1.724e+7 
           9130      1.71776e+7 
           9150      1.70999e+7 
           9170      1.68319e+7 
           9190      1.63367e+7 
           9210      1.50875e+7 
           9230      1.16168e+7 
           9250        1.444e+7 
           9270      1.54317e+7 
           9290      1.60633e+7 
           9310       1.6083e+7 
           9330      1.59509e+7 
           9350      1.58897e+7 
           9370      1.57923e+7 
           9390      1.55593e+7 
           9410      1.52465e+7 
           9430      1.53831e+7 
           9450      1.52885e+7 
           9470      1.51215e+7 
           9490      1.49161e+7 
           9510      1.45093e+7 
           9530      1.31414e+7 
           9550      1.04688e+7 
           9570      1.32622e+7 
           9590      1.41708e+7 
           9610      1.42485e+7 
           9630      1.40123e+7 
           9650      1.41917e+7 
           9670      1.40186e+7 
           9690      1.39929e+7 
           9710      1.39501e+7 
           9730      1.38355e+7 
           9750      1.37222e+7 
           9770      1.36443e+7 
           9790      1.35364e+7 
           9810      1.34252e+7 
           9830       1.3281e+7 
           9850      1.32069e+7 
           9870      1.31047e+7 
           9890      1.29486e+7 
           9910      1.29232e+7 
           9930      1.28127e+7 
           9950      1.27126e+7 
           9970      1.26067e+7 
           9990      1.24494e+7 
          10025      1.12332e+7 
          10075      1.06146e+7 
          10125      1.17625e+7 
          10175      1.17381e+7 
          10225      1.15879e+7 
          10275      1.13855e+7 
          10325      1.11787e+7 
          10375      1.09889e+7 
          10425      1.08089e+7 
          10475      1.05806e+7 
          10525       1.0395e+7 
          10575       1.0244e+7 
          10625      1.00891e+7 
          10675      9.80275e+6 
          10725      9.71123e+6 
          10775      9.56842e+6 
          10825      9.38829e+6 
          10875      9.14161e+6 
          10925      7.68637e+6 
          10975       8.3884e+6 
          11025      8.77429e+6 
          11075      8.68419e+6 
          11125      8.55578e+6 
          11175      8.42026e+6 
          11225      8.28771e+6 
          11275      8.04219e+6 
          11325      7.93932e+6 
          11375      7.88831e+6 
          11425      7.75852e+6 
          11475        7.655e+6 
          11525      7.53824e+6 
          11575      7.41814e+6 
          11625      7.26136e+6 
          11675      7.13573e+6 
          11725      7.08021e+6 
          11775      6.90147e+6 
          11825      6.84053e+6 
          11875      6.72428e+6 
          11925      6.66324e+6 
          11975      6.54046e+6 
          12025      6.45622e+6 
          12075      6.35299e+6 
          12125      6.25971e+6 
          12175      6.17383e+6 
          12225      6.07983e+6 
          12275      5.98264e+6 
          12325      5.89923e+6 
          12375      5.81549e+6 
          12425      5.73877e+6 
          12475      5.62943e+6 
          12525      5.57041e+6 
          12575      5.46616e+6 
          12625      5.40145e+6 
          12675      5.32749e+6 
          12725       5.2301e+6 
          12775      5.01288e+6 
          12825      4.30461e+6 
          12875      4.91782e+6 
          12925      4.94592e+6 
          12975      4.89579e+6 
          13025       4.8334e+6 
          13075      4.76675e+6 
          13125      4.70054e+6 
          13175      4.61849e+6 
          13225      4.57243e+6 
          13275      4.51005e+6 
          13325      4.44868e+6 
          13375      4.38811e+6 
          13425       4.3258e+6 
          13475      4.26658e+6 
          13525      4.20337e+6 
          13575      4.14998e+6 
          13625      4.09583e+6 
          13675      4.03673e+6 
          13725      3.97977e+6 
          13775      3.93743e+6 
          13825      3.88594e+6 
          13875      3.83685e+6 
          13925      3.78234e+6 
          13975      3.73584e+6 
          14025      3.68837e+6 
          14075      3.64073e+6 
          14125      3.59234e+6 
          14175      3.54698e+6 
          14225      3.50124e+6 
          14275       3.4566e+6 
          14325      3.41214e+6 
          14375      3.36911e+6 
          14425      3.30289e+6 
          14475      3.28371e+6 
          14525      3.23185e+6 
          14570      3.20607e+6 
          14620      3.16937e+6 
          14675      3.13114e+6 
          14725      3.09167e+6 
          14775      3.04627e+6 
          14825       3.0165e+6 
          14875      2.97327e+6 
          14925      2.94763e+6 
          14975      2.90765e+6 
          15025      2.87181e+6 
          15075      2.83572e+6 
          15125      2.80531e+6 
          15175      2.77066e+6 
          15225      2.73803e+6 
          15275      2.70108e+6 
          15325      2.66535e+6 
          15375      2.63928e+6 
          15425      2.58768e+6 
          15475      2.57524e+6 
          15525      2.54258e+6 
          15575      2.47301e+6 
          15625      2.51106e+6 
          15675       2.4299e+6 
          15725      2.36679e+6 
          15775      2.43356e+6 
          15825      2.40121e+6 
          15875        2.213e+6 
          15925      2.31128e+6 
          15975      2.34614e+6 
          16050       2.2665e+6 
          16150       2.1351e+6 
          16250      2.22617e+6 
          16350      2.11221e+6 
          16450      1.98289e+6 
          16550      2.08774e+6 
          16650      2.04358e+6 
          16750      1.92646e+6 
          16850      1.80521e+6 
          16950      1.90881e+6 
          17050      1.87404e+6 
          17150      1.83381e+6 
          17250      1.77956e+6 
          17350       1.5824e+6 
          17450      1.68259e+6 
          17550      1.67643e+6 
          17650      1.64382e+6 
          17750      1.61029e+6 
          17850      1.57669e+6 
          17950      1.54572e+6 
          18050      1.50032e+6 
          18150      1.35014e+6 
          18250      1.40823e+6 
          18350      1.41854e+6 
          18450      1.39369e+6 
          18550      1.36141e+6 
          18650      1.32594e+6 
          18750      1.19021e+6 
          18850      1.26965e+6 
          18950      1.25701e+6 
          19050      1.23576e+6 
          19150      1.21148e+6 
          19250      1.18612e+6 
          19350      1.15125e+6 
          19450      1.03139e+6 
          19550      1.10712e+6 
          19650      1.09793e+6 
          19750      1.07785e+6 
          19850      1.05794e+6 
          19950      1.03799e+6 
          20050      1.01857e+6 
          20150          999577 
          20250          981001 
          20350          962741 
          20450          945151 
          20550          927857 
          20650          910676 
          20750          894220 
          20850          878210 
          20950          862378 
          21050          846833 
          21150          830767 
          21250          816151 
          21350          801391 
          21450          787124 
          21550          767002 
          21650          691615 
          21750          735170 
          21850          733388 
          21950          722514 
          22050          709979 
          22150          697539 
          22250          686246 
          22350          674598 
          22450          663287 
          22550          651957 
          22650          641256 
          22750          630573 
          22850          620736 
          22950          610482 
          23050          600687 
          23150          590904 
          23250          581420 
          23350          572029 
          23450          562886 
          23550          553897 
          23650          545094 
          23750          536439 
          23850          527924 
          23950          519590 
          24050          511071 
          24150          503094 
          24250          495449 
          24350          487550 
          24450          479669 
          24550          472607 
          24650          464651 
          24750          457583 
          24850          451583 
          24950          441077 
          25050          438337 
          25150          431815 
          25250          418982 
          25350          418286 
          25450          414005 
          25550          405340 
          25650          390396 
          25750          394313 
          25850          390529 
          25950          384633 
          26050          373525 
          26150          356052 
          26250          335756 
          26350          357011 
          26450          357806 
          26550          353127 
          26650          344610 
          26750          322206 
          26850          334829 
          26950          334154 
          27050          330328 
          27150          326141 
          27250          321515 
          27350          316272 
          27450          309647 
          27550          287738 
          27650          293175 
          27750          298218 
          27850          295469 
          27950          291675 
          28050          287689 
          28150          283742 
          28250          279863 
          28350          276120 
          28450          272185 
          28550          267472 
          28650          257948 
          28750          241344 
          28850          254972 
          28950          253749 
          29050          251335 
          29150          247823 
          29250          244757 
          29350          241553 
          29450          238421 
          29550          235352 
          29650          232288 
          29750          229291 
          29850          226353 
          29950          223437 
          30050          220530 
          30150          217346 
          30250          213136 
          30350          198507 
          30450          200326 
          30550          205519 
          30650          204128 
          30750          201767 
          30850          199004 
          30950          196800 
          31050          194358 
          31150          191921 
          31250          189568 
          31350          187264 
          31450          184936 
          31550          182748 
          31650          180519 
          31750          178296 
          31850          176194 
          31950          174052 
          32100          170931 
          32300          166888 
          32500          162950 
          32700          158772 
          32900          147290 
          33100          149061 
          33300          147819 
          33500          144599 
          33700          141259 
          33900          138132 
          34100          135045 
          34300          132063 
          34500          129163 
          34700          126308 
          34900          123537 
          35100          120843 
          35300          118217 
          35500          115654 
          35700          113150 
          35900          110764 
          36100          108338 
          36300          106118 
          36500          103756 
          36700          101720 
          36900         99275.3 
          37100         97378.5 
          37300         93022.8 
          37500         89989.1 
          37700         91544.3 
          37900         89893.6 
          38100         87532.7 
          38300         85863.3 
          38500         84665.9 
          38700         82980.6 
          38900         81049.1 
          39100           78438 
          39300         78105.1 
          39500         76695.6 
          39700         75260.3 
          39900         73705.5 
          40100         71346.2 
          40300         69568.1 
          40500         66461.9 
          40700         68023.2 
          40900         67073.6 
          41100         65922.8 
          41300         64636.5 
          41500         63096.3 
          41700         59884.1 
          41900         60708.5 
          42100         59977.9 
          42300         58927.9 
          42500         57853.1 
          42700         56802.1 
          42900         55776.3 
          43100         54771.1 
          43300         53786.1 
          43500         52641.6 
          43700         49850.8 
          43900         50138.5 
          44100         50006.3 
          44300         49196.8 
          44500         48338.9 
          44700         47569.8 
          44900         46674.2 
          45100         45874.1 
          45300         45075.2 
          45500           44314 
          45700         43551.8 
          45900         42804.8 
          46100           42053 
          46300         41172.1 
          46500         38541.5 
          46700         37959.9 
          46900         38931.6 
          47100         38645.8 
          47300         38063.8 
          47500         37443.4 
          47700         36846.9 
          47900         36257.4 
          48100         35673.2 
          48300         35100.6 
          48500         34537.9 
          48700         33986.3 
          48900         33445.8 
          49100         32914.5 
          49300         32393.7 
          49500         31886.5 
          49700         31380.3 
          49900         30896.2 
          50100         30411.4 
          50300         29928.8 
          50500         29479.5 
          50700         29014.4 
          50900         28516.3 
          51100           27878 
          51300         26292.6 
          51500         27105.8 
          51700         26816.1 
          51900         26472.8 
          52100         26096.4 
          52300         25707.2 
          52500         25290.2 
          52700         24885.7 
          52900         24580.8 
          53100         24247.6 
          53300         23902.9 
          53500         23517.9 
          53700         23098.7 
          53900         22765.5 
          54100         22512.6 
          54300         22237.1 
          54500         21920.8 
          54700         21607.1 
          54900         21267.5 
          55100         20883.8 
          55300         20490.4 
          55500         20346.6 
          55700         20119.4 
          55900         19838.3 
          56100         19561.8 
          56300         19293.5 
          56500         19026.2 
          56700         18751.6 
          56900         18422.2 
          57100           17949 
          57300         17899.7 
          57500         17738.9 
          57700         17516.6 
          57900         17278.9 
          58100         17047.4 
          58300         16805.4 
          58500         16569.6 
          58700         16326.8 
          58900           15962 
          59100         15065.7 
          59300         15564.2 
          59500           15166 
          59700         15122.7 
          59900         15076.5 
          60100         14904.3 
          60300         14718.6 
          60500         14530.9 
          60700         14344.3 
          60900         14160.8 
          61100         13979.5 
          61300         13802.2 
          61500         13626.9 
          61700         13453.6 
          61900         13282.2 
          62100         13113.8 
          62300         12944.3 
          62500         12768.1 
          62700         12537.2 
          62900         12024.4 
          63100         12188.6 
          63300           12138 
          63500         12006.6 
          63700         11863.5 
          63900         11740.5 
          64200         11526.8 
          64600         11248.2 
          65000         10977.3 
          65400         10715.7 
          65800         10459.7 
          66200         10210.7 
          66600         9972.09 
          67000         9724.97 
          67400         9448.17 
          67800         9024.77 
          68200         9048.82 
          68600         8867.55 
          69000         8670.87 
          69400         8463.26 
          69800         8285.35 
          70200         8100.99 
          70600         7918.76 
          71000         7731.14 
          71400         7574.55 
          71800         7410.74 
          72200         7248.63 
          72600         7072.77 
          73000         6932.98 
          73400         6792.87 
          73800         6640.24 
          74200         6474.61 
          74600         6131.61 
          75000         5922.25 
          75400         6047.65 
          75800         5963.86 
          76200         5846.58 
          76600         5736.05 
          77000         5619.36 
          77400         5492.95 
          77800         5354.45 
          78200          5274.5 
          78600         5183.69 
          79000         5080.75 
          79400         4980.26 
          79800         4882.07 
          80200         4786.69 
          80600         4693.43 
          81000         4595.86 
          81400         4468.19 
          81800         4400.67 
          82200         4338.87 
          82600         4259.79 
          83000         4179.13 
          83400         4100.09 
          83800         4023.01 
          84200         3948.05 
          84600         3875.01 
          85000         3803.32 
          85400         3733.27 
          85800         3664.57 
          86200         3586.12 
          86600         3466.42 
          87000          3448.6 
          87400         3330.65 
          87800         3271.44 
          88200         3279.66 
          88600         3226.93 
          89000         3170.07 
          89400         3114.29 
          89800         3059.65 
          90200         3006.23 
          90600         2953.99 
          91000         2902.83 
          91400         2852.81 
          91800         2803.87 
          92200         2755.48 
          92600         2702.82 
          93000         2658.58 
          93400         2609.04 
          93800         2511.13 
          94200         2506.32 
          94600         2482.73 
          95000         2442.21 
          95400         2402.36 
          95800         2367.56 
          96200         2328.74 
          96600         2290.72 
          97000         2253.49 
          97400         2216.99 
          97800         2181.21 
          98200         2142.46 
          98600         2105.54 
          99000         2078.14 
          99400         2045.17 
          99800         2012.81 
         100200         1981.12 
         200000         125.724 
         400000          7.7578 
         600000         1.51309 
         800000        0.473731 
         1.0e+6        0.192362 
         1.2e+6        0.092092 
         1.4e+6       0.0493996 
         1.6e+6       0.0288007 
