# Kurucz ODFNEW /NOVER (2003)
# teff = 4750 K (value for the effective temperature for the model. Temperatures are given in K)
# logg = 1.5 log(cm/s2) (value for Log(G) for the model.)
# meta = 0.5  (value for the Metallicity for the model.)
# lh = 1.25  (l/Hp where l is the  mixing length of the convective element and Hp is the pressure scale height)
# vtur = 2 km/s (Microturbulence velocity)
# alpha = 0  (Alpha)
#
# column 1: WAVELENGTH (ANGSTROM), Wavelength in Angstrom
# column 2: FLUX (ERG/CM2/S/A), Flux in erg/cm2/s/A
          147.2    1.23233e-154 
            151    1.82987e-150 
          155.2    4.29875e-146 
          158.8    1.56145e-142 
            162    1.67507e-139 
            166    7.01767e-136 
          170.3    3.53373e-132 
          173.4    1.26422e-129 
          176.8    6.28689e-127 
          180.2    2.46698e-124 
          181.7     3.2003e-123 
          186.1    4.63085e-120 
            191    1.02712e-116 
          193.9    8.13515e-115 
          198.4    5.56673e-112 
          201.8    6.36235e-110 
            205    4.76414e-108 
          210.5     5.7917e-105 
          216.2    6.19596e-102 
          219.8    4.20054e-100 
            223     1.58437e-98 
          226.8     1.03253e-96 
            230     3.12465e-95 
            234      1.9369e-93 
            240     7.27624e-91 
          246.5     3.22062e-88 
          252.4     6.16491e-86 
          256.8      2.6448e-84 
            260     3.75269e-83 
            264     9.42634e-82 
          268.5     3.14752e-80 
          273.5     1.35165e-78 
          278.5     5.06598e-77 
            284     2.34582e-75 
            290      1.2992e-73 
            296     6.08505e-72 
            301     1.33372e-70 
            308     8.46474e-69 
            318     2.29959e-66 
            328     4.40552e-64 
            338      6.1345e-62 
            348     6.39175e-60 
            357     3.32778e-58 
            366     1.42164e-56 
            375     5.04262e-55 
            385     2.17544e-53 
            395     7.70964e-52 
            405     2.27967e-50 
            414     4.16148e-49 
            422     4.94023e-48 
            430     5.33391e-47 
            441     1.21536e-45 
            451     1.81709e-44 
            460     1.86869e-43 
            470     2.23514e-42 
            480       2.401e-41 
            490     2.33412e-40 
            500     2.06297e-39 
            506     9.76607e-39 
            512     3.74755e-38 
            520     1.84826e-37 
            530     1.27346e-36 
            540     8.03767e-36 
            550     4.78091e-35 
            560      2.6478e-34 
            570     1.37717e-33 
            580      6.6818e-33 
            590     3.12758e-32 
            600     1.37339e-31 
            610     5.73254e-31 
            620     2.27851e-30 
            630     8.65111e-30 
            640     3.14554e-29 
            650     1.09693e-28 
            658     2.89488e-28 
            665     6.62246e-28 
            675     2.09794e-27 
            685     6.41947e-27 
            695      1.8965e-26 
            705     5.39871e-26 
            716     1.66225e-25 
            726     4.45992e-25 
            735     1.05824e-24 
            745     2.69183e-24 
            755     6.67377e-24 
            765       1.615e-23 
            775     3.80753e-23 
            785     8.78755e-23 
            795      1.9619e-22 
            805     4.34914e-22 
            815     9.44057e-22 
            825     2.00125e-21 
            835     4.16003e-21 
            845     8.48931e-21 
            855     1.70161e-20 
            865     3.35193e-20 
            875     6.47642e-20 
            885     1.23847e-19 
            895     2.32511e-19 
            905     4.30015e-19 
            915     1.10635e-15 
            925     4.48399e-15 
            935     7.02329e-15 
            945     1.39631e-14 
            955     2.43207e-14 
            965     4.31698e-14 
            975     6.65937e-14 
            985     1.12861e-13 
            995     2.03044e-13 
           1005     3.41059e-13 
           1015     5.63801e-13 
           1025     9.16378e-13 
           1035     1.50752e-12 
           1045     2.43178e-12 
           1055     3.78752e-12 
           1065     6.05803e-12 
           1075     9.89073e-12 
           1085     1.52833e-11 
           1095     2.23802e-11 
           1105     3.38895e-11 
           1115     5.18356e-11 
           1125     8.27264e-11 
           1135      1.2815e-10 
           1145     1.90792e-10 
           1155      2.8218e-10 
           1165     4.13362e-10 
           1175     6.11499e-10 
           1185     8.87184e-10 
           1195      1.25347e-9 
           1205      1.78347e-9 
           1215      1.59708e-9 
           1225      3.59577e-9 
           1235       5.0783e-9 
           1245      7.07292e-9 
           1255      9.57858e-9 
           1265      1.36691e-8 
           1275      1.82589e-8 
           1285      2.49278e-8 
           1295      3.23237e-8 
           1305      4.38553e-8 
           1315      6.23211e-8 
           1325      7.97824e-8 
           1335      1.06306e-7 
           1345      1.27653e-7 
           1355      1.88292e-7 
           1365      2.22492e-7 
           1375      2.91221e-7 
           1385      3.36856e-7 
           1395      4.36466e-7 
           1405      6.42608e-7 
           1415      7.37061e-7 
           1425      9.45318e-7 
           1435      1.21702e-6 
           1442      1.63143e-6 
           1447      1.61289e-6 
           1455      2.21604e-6 
           1465        2.825e-6 
           1475      3.14665e-6 
           1485      3.95995e-6 
           1495      5.68762e-6 
           1505      7.90973e-6 
           1512      6.26508e-6 
           1517      9.18983e-6 
           1525      1.22748e-5 
           1535      1.83166e-5 
           1545      1.74143e-5 
           1555      2.55263e-5 
           1565      2.62333e-5 
           1575      5.60502e-5 
           1585      6.32165e-5 
           1595      6.11617e-5 
           1605      7.56289e-5 
           1615      8.62272e-5 
           1625      9.13467e-5 
           1635     0.000128131 
           1645     0.000175109 
           1655     0.000175159 
           1665      0.00023651 
           1672     0.000238698 
           1677     0.000301804 
           1685     0.000411212 
           1695     0.000581165 
           1705     0.000715637 
           1715     0.000791033 
           1725      0.00113329 
           1735      0.00138541 
           1745      0.00192508 
           1755      0.00188999 
           1765      0.00290043 
           1775      0.00225562 
           1785      0.00583617 
           1795      0.00408705 
           1805       0.0104539 
           1815      0.00546026 
           1825       0.0105065 
           1835      0.00853766 
           1845       0.0134488 
           1855      0.00791553 
           1865       0.0217521 
           1875       0.0173147 
           1885       0.0257873 
           1895       0.0325468 
           1905        0.034139 
           1915       0.0541935 
           1925       0.0375649 
           1935       0.0268856 
           1945       0.0614325 
           1955         0.10116 
           1967        0.103075 
           1976        0.128835 
           1984        0.189214 
           1995        0.145674 
           2005        0.172217 
           2015        0.192121 
           2025        0.158156 
           2035        0.202482 
           2045        0.206984 
           2055        0.273674 
           2065        0.227051 
           2074        0.181451 
           2078        0.302599 
           2085        0.434451 
           2095         1.02898 
           2105         1.19437 
           2115        0.713493 
           2125         0.59757 
           2135         1.79438 
           2145          1.1893 
           2155         2.07492 
           2165         1.61358 
           2175         2.22998 
           2185         1.58946 
           2195         5.03758 
           2205         3.14632 
           2215          4.7883 
           2225         4.25407 
           2235         15.0504 
           2245         13.6893 
           2255         19.0342 
           2265         4.16866 
           2275         17.7394 
           2285          14.054 
           2295         29.8135 
           2305         4.24554 
           2315         40.7953 
           2325         17.9604 
           2335         51.5114 
           2345         26.5045 
           2355         13.8097 
           2365          24.996 
           2375         23.6839 
           2385         49.9809 
           2395         46.3147 
           2405         100.936 
           2415         45.0604 
           2425         101.206 
           2435         150.343 
           2445         252.669 
           2455         295.288 
           2465          105.06 
           2475         167.091 
           2485         14.9869 
           2495         44.7456 
           2505         146.501 
           2513         64.0154 
           2518         35.6977 
           2525         50.6558 
           2535         382.438 
           2545         503.869 
           2555         1500.39 
           2565         528.754 
           2575         1197.52 
           2585         666.442 
           2595         807.162 
           2605         1043.86 
           2615         851.883 
           2625         1642.48 
           2635          4516.7 
           2645         5363.85 
           2655         12062.4 
           2665         6377.46 
           2675         5304.81 
           2685         9137.06 
           2695         4058.48 
           2705         8341.87 
           2715         4832.22 
           2725         2251.41 
           2735          3658.7 
           2745         3240.26 
           2755         4400.22 
           2765         7154.45 
           2775         8729.14 
           2785         3730.71 
           2795         1304.76 
           2805         1718.02 
           2815         6603.99 
           2825          8851.5 
           2835         5831.01 
           2845         1653.85 
           2855         282.109 
           2865         3708.17 
           2875         9855.75 
           2885         16937.7 
           2895         29042.8 
           2910         44476.1 
           2930         43642.3 
           2950         36678.6 
           2970         40922.6 
           2990         36798.6 
           3010         30349.7 
           3030           49643 
           3050         51970.6 
           3070         76102.1 
           3090          102712 
           3110          145529 
           3130          126875 
           3150          162317 
           3170          190830 
           3190          156069 
           3210          181285 
           3230          113941 
           3250          205515 
           3270          285856 
           3290          295659 
           3310          262226 
           3330          260706 
           3350          236551 
           3370          185155 
           3390          200781 
           3410          243654 
           3430          283749 
           3450          278057 
           3470          301721 
           3490          342580 
           3510          353793 
           3530          268251 
           3550          317466 
           3570          143377 
           3590          204487 
           3610          327872 
           3630          436371 
           3640          452373 
           3650          505831 
           3670          579153 
           3690          530726 
           3710          568566 
           3730          267433 
           3750          299374 
           3770          419221 
           3790          420054 
           3810          332192 
           3830          137153 
           3850          160431 
           3870          208768 
           3890          485523 
           3910          509966 
           3930          148834 
           3950          331372 
           3970          195876 
           3990          755300 
           4010      1.02712e+6 
           4030      1.06225e+6 
           4050          943334 
           4070          844570 
           4090       1.1411e+6 
           4110      1.18105e+6 
           4130          905353 
           4150          788458 
           4170          822401 
           4190          930402 
           4210      1.13788e+6 
           4230      1.26899e+6 
           4250      1.39147e+6 
           4270      1.29123e+6 
           4290      1.17917e+6 
           4310          969035 
           4330       1.5448e+6 
           4350      1.55753e+6 
           4370      1.69185e+6 
           4390      1.49868e+6 
           4410      1.63544e+6 
           4430      1.73974e+6 
           4450      1.78488e+6 
           4470      1.96407e+6 
           4490      2.03425e+6 
           4510      2.41354e+6 
           4530      2.04695e+6 
           4550      2.09669e+6 
           4570      2.34427e+6 
           4590      2.29867e+6 
           4610      2.39718e+6 
           4630      2.24823e+6 
           4650      2.33103e+6 
           4670      2.38193e+6 
           4690      2.30685e+6 
           4710      2.28051e+6 
           4730       2.4741e+6 
           4750      2.77757e+6 
           4770      2.88281e+6 
           4790      2.83712e+6 
           4810      2.76896e+6 
           4830      2.94874e+6 
           4850      2.71915e+6 
           4870      2.50132e+6 
           4890      2.86122e+6 
           4910      2.82718e+6 
           4930      2.77127e+6 
           4950      3.04935e+6 
           4970      2.89659e+6 
           4990       2.6197e+6 
           5010       2.4714e+6 
           5030      2.64907e+6 
           5050      2.74454e+6 
           5070      2.87696e+6 
           5090      2.56852e+6 
           5110      2.70167e+6 
           5130      2.50973e+6 
           5150      2.48786e+6 
           5170      2.34179e+6 
           5190      2.54154e+6 
           5210      2.75135e+6 
           5230      2.80926e+6 
           5250      2.90941e+6 
           5270      2.53401e+6 
           5290      2.98889e+6 
           5310      3.22656e+6 
           5330      2.74117e+6 
           5350      3.12347e+6 
           5370      3.20437e+6 
           5390      3.00454e+6 
           5410      2.96744e+6 
           5430      3.03914e+6 
           5450      3.32674e+6 
           5470       3.0636e+6 
           5490      2.97245e+6 
           5510       2.9802e+6 
           5530      3.10355e+6 
           5550      3.22689e+6 
           5570       3.1819e+6 
           5590      3.05368e+6 
           5610      3.31505e+6 
           5630      3.13869e+6 
           5650      3.23783e+6 
           5670      3.13651e+6 
           5690      3.31615e+6 
           5710       3.1453e+6 
           5730      3.59072e+6 
           5750      3.30588e+6 
           5770       3.4172e+6 
           5790      3.16495e+6 
           5810      3.43828e+6 
           5830      3.62111e+6 
           5850      3.46264e+6 
           5870      3.47254e+6 
           5890      3.01148e+6 
           5910      3.40143e+6 
           5930      3.42427e+6 
           5950       3.4331e+6 
           5970      3.54269e+6 
           5990      3.41659e+6 
           6010      3.32067e+6 
           6030       3.4686e+6 
           6050      3.54616e+6 
           6070      3.56301e+6 
           6090      3.28713e+6 
           6110      3.30419e+6 
           6130      3.08406e+6 
           6150      3.21773e+6 
           6170       3.0924e+6 
           6190      3.35837e+6 
           6210       3.3354e+6 
           6230      3.15173e+6 
           6250      2.98268e+6 
           6270      3.22856e+6 
           6290      3.32613e+6 
           6310      3.14016e+6 
           6330      3.21249e+6 
           6350      3.14202e+6 
           6370      3.10756e+6 
           6390      3.25412e+6 
           6410      3.20377e+6 
           6430      3.24228e+6 
           6450      3.24421e+6 
           6470      3.25334e+6 
           6490      3.11257e+6 
           6510      3.21642e+6 
           6530      3.21892e+6 
           6550       3.1899e+6 
           6570      3.08139e+6 
           6590      3.23769e+6 
           6610      3.27064e+6 
           6630      3.22162e+6 
           6650      3.21625e+6 
           6670      3.12078e+6 
           6690      3.27975e+6 
           6710      3.10836e+6 
           6730      3.29761e+6 
           6750        3.194e+6 
           6770      3.24067e+6 
           6790      3.17601e+6 
           6810      3.17623e+6 
           6830      3.23171e+6 
           6850      3.09348e+6 
           6870       3.1724e+6 
           6890      3.23963e+6 
           6910      3.17688e+6 
           6930      3.08397e+6 
           6950      2.98131e+6 
           6970      3.02091e+6 
           6990      2.98145e+6 
           7010      2.84003e+6 
           7030       2.9563e+6 
           7050      3.05408e+6 
           7070      2.95754e+6 
           7090      2.91772e+6 
           7110       2.8669e+6 
           7130      2.76843e+6 
           7150      2.79468e+6 
           7170      2.83297e+6 
           7190      2.70377e+6 
           7210      2.83887e+6 
           7230      2.89223e+6 
           7250      2.88934e+6 
           7270      2.83341e+6 
           7290      2.67802e+6 
           7310      2.77936e+6 
           7330      2.78798e+6 
           7350      2.76376e+6 
           7370       2.8687e+6 
           7390      2.77118e+6 
           7410      2.76982e+6 
           7430      2.79164e+6 
           7450      2.80342e+6 
           7470      2.80429e+6 
           7490      2.75737e+6 
           7510      2.83034e+6 
           7530      2.87213e+6 
           7550      2.90181e+6 
           7570      2.85731e+6 
           7590      2.83691e+6 
           7610       2.8509e+6 
           7630      2.88024e+6 
           7650      2.88361e+6 
           7670      2.74474e+6 
           7690      2.87802e+6 
           7710      2.80024e+6 
           7730      2.79296e+6 
           7750      2.78126e+6 
           7770      2.87204e+6 
           7790      2.88215e+6 
           7810      2.85659e+6 
           7830      2.82451e+6 
           7850      2.76709e+6 
           7870      2.76345e+6 
           7890      2.58915e+6 
           7910      2.47672e+6 
           7930      2.48857e+6 
           7950      2.43321e+6 
           7970      2.58446e+6 
           7990      2.58393e+6 
           8010       2.5714e+6 
           8030      2.58472e+6 
           8050       2.5405e+6 
           8070      2.50531e+6 
           8090      2.37505e+6 
           8110      2.34164e+6 
           8130      2.41272e+6 
           8150      2.40702e+6 
           8170      2.43673e+6 
           8190      2.40266e+6 
           8210      2.37739e+6 
           8230      2.42786e+6 
           8250       2.4621e+6 
           8270       2.4929e+6 
           8290      2.45205e+6 
           8310      2.27982e+6 
           8330      2.33409e+6 
           8350      2.32011e+6 
           8370      2.38201e+6 
           8390      2.31115e+6 
           8410      2.40766e+6 
           8430       2.3224e+6 
           8450      2.38497e+6 
           8470      2.37251e+6 
           8490      2.30574e+6 
           8510      2.13963e+6 
           8530      2.18688e+6 
           8550      1.67971e+6 
           8570      2.36276e+6 
           8590      2.32972e+6 
           8610      2.36429e+6 
           8630      2.39457e+6 
           8650      2.29877e+6 
           8670      1.75873e+6 
           8690      2.26104e+6 
           8710      2.35262e+6 
           8730      2.37374e+6 
           8750      2.33421e+6 
           8770      2.40003e+6 
           8790      2.35612e+6 
           8810      2.28199e+6 
           8830      2.34946e+6 
           8850      2.38315e+6 
           8870      2.31314e+6 
           8890      2.36256e+6 
           8910      2.41916e+6 
           8930      2.31315e+6 
           8950      2.31717e+6 
           8970      2.31907e+6 
           8990      2.32675e+6 
           9010       2.2265e+6 
           9030      2.29593e+6 
           9050      2.37958e+6 
           9070      2.33883e+6 
           9090      2.21119e+6 
           9110      2.18002e+6 
           9130      2.30367e+6 
           9150      2.04306e+6 
           9170      1.96364e+6 
           9190      2.01207e+6 
           9210      1.92752e+6 
           9230      1.99617e+6 
           9250      1.97403e+6 
           9270      2.03273e+6 
           9290      1.99155e+6 
           9310      2.08458e+6 
           9330      2.08214e+6 
           9350      2.04299e+6 
           9370      2.03282e+6 
           9390      1.94543e+6 
           9410      1.86841e+6 
           9430      1.91417e+6 
           9450      1.85107e+6 
           9470      1.95176e+6 
           9490      1.92669e+6 
           9510      1.99595e+6 
           9530      1.97742e+6 
           9550      1.95749e+6 
           9570       1.9589e+6 
           9590      2.00391e+6 
           9610      1.96486e+6 
           9630      1.94083e+6 
           9650      1.90192e+6 
           9670       1.8709e+6 
           9690      1.92942e+6 
           9710      1.91481e+6 
           9730      1.93357e+6 
           9750      1.90282e+6 
           9770      1.91627e+6 
           9790      1.86525e+6 
           9810      1.94804e+6 
           9830      1.94192e+6 
           9850      1.95629e+6 
           9870      1.95448e+6 
           9890      1.97589e+6 
           9910       1.9283e+6 
           9930       1.9759e+6 
           9950      1.94601e+6 
           9970      1.96758e+6 
           9990      1.96805e+6 
          10025       1.9456e+6 
          10075      1.92637e+6 
          10125      1.93712e+6 
          10175      1.89372e+6 
          10225      1.90832e+6 
          10275      1.92098e+6 
          10325      1.87517e+6 
          10375      1.86596e+6 
          10425      1.87085e+6 
          10475      1.84805e+6 
          10525      1.84924e+6 
          10575      1.83156e+6 
          10625       1.8225e+6 
          10675      1.77066e+6 
          10725      1.77089e+6 
          10775      1.75741e+6 
          10825      1.72151e+6 
          10875      1.67274e+6 
          10925      1.63061e+6 
          10975      1.46531e+6 
          11025      1.46618e+6 
          11075      1.50141e+6 
          11125      1.50201e+6 
          11175      1.53765e+6 
          11225      1.52712e+6 
          11275      1.49002e+6 
          11325       1.5144e+6 
          11375      1.46714e+6 
          11425      1.48717e+6 
          11475       1.5211e+6 
          11525      1.51247e+6 
          11575      1.48998e+6 
          11625      1.47031e+6 
          11675      1.46982e+6 
          11725       1.5037e+6 
          11775      1.46683e+6 
          11825       1.4596e+6 
          11875      1.43547e+6 
          11925       1.4738e+6 
          11975      1.39442e+6 
          12025       1.4275e+6 
          12075       1.4001e+6 
          12125      1.40287e+6 
          12175      1.41593e+6 
          12225       1.4083e+6 
          12275      1.40148e+6 
          12325      1.38055e+6 
          12375      1.37496e+6 
          12425       1.3595e+6 
          12475      1.36726e+6 
          12525        1.347e+6 
          12575      1.34381e+6 
          12625      1.34437e+6 
          12675      1.31721e+6 
          12725      1.32153e+6 
          12775      1.32764e+6 
          12825      1.25822e+6 
          12875       1.2898e+6 
          12925      1.26661e+6 
          12975      1.28884e+6 
          13025      1.26013e+6 
          13075      1.27432e+6 
          13125      1.24547e+6 
          13175      1.24061e+6 
          13225      1.24124e+6 
          13275      1.21094e+6 
          13325      1.22743e+6 
          13375      1.21297e+6 
          13425      1.22013e+6 
          13475      1.21028e+6 
          13525      1.20646e+6 
          13575      1.17334e+6 
          13625      1.17037e+6 
          13675      1.16964e+6 
          13725      1.16883e+6 
          13775      1.16145e+6 
          13825      1.16119e+6 
          13875      1.15015e+6 
          13925      1.14774e+6 
          13975      1.13186e+6 
          14025      1.11061e+6 
          14075      1.07345e+6 
          14125      1.01807e+6 
          14175      1.01898e+6 
          14225      1.01079e+6 
          14275          993036 
          14325      1.01661e+6 
          14375      1.02816e+6 
          14425          975677 
          14475      1.02426e+6 
          14525          975878 
          14570          976017 
          14620          956979 
          14675          947843 
          14725          930801 
          14775          940164 
          14825          939010 
          14875          940438 
          14925          959566 
          14975          945878 
          15025          930215 
          15075          911339 
          15125          909655 
          15175          920684 
          15225          910032 
          15275          912964 
          15325          909856 
          15375          920123 
          15425          906694 
          15475          905187 
          15525          884313 
          15575          865646 
          15625          895837 
          15675          865921 
          15725          876314 
          15775          831800 
          15825          847161 
          15875          805583 
          15925          831921 
          15975          844303 
          16050          831400 
          16150          818218 
          16250          821361 
          16350          819039 
          16450          777982 
          16550          794769 
          16650          770751 
          16750          766665 
          16850          732063 
          16950          752508 
          17050          718799 
          17150          722302 
          17250          695683 
          17350          669089 
          17450          675398 
          17550          660580 
          17650          653817 
          17750          632744 
          17850          629091 
          17950          619178 
          18050          600658 
          18150          590466 
          18250          580552 
          18350          569767 
          18450          555805 
          18550          551109 
          18650          531622 
          18750          518337 
          18850          519044 
          18950          491948 
          19050          507766 
          19150          493838 
          19250          489462 
          19350          471789 
          19450          458914 
          19550          463151 
          19650          448644 
          19750          435323 
          19850          431464 
          19950          423856 
          20050          422553 
          20150          418341 
          20250          402736 
          20350          395121 
          20450          395672 
          20550          383989 
          20650          376188 
          20750          369999 
          20850          364716 
          20950          355930 
          21050          355923 
          21150          348682 
          21250          341980 
          21350          339279 
          21450          332152 
          21550          327471 
          21650          316511 
          21750          312692 
          21850          310254 
          21950          307551 
          22050          297988 
          22150          299043 
          22250          290570 
          22350          286143 
          22450          281933 
          22550          277311 
          22650          271336 
          22750          271656 
          22850          263872 
          22950          227074 
          23050          242374 
          23150          240115 
          23250          208135 
          23350          222325 
          23450          222323 
          23550          190510 
          23650          208557 
          23750          205275 
          23850          179661 
          23950          194006 
          24050          194766 
          24150          174185 
          24250          183502 
          24350          184895 
          24450          171569 
          24550          171200 
          24650          178611 
          24750          170892 
          24850          160563 
          24950          167455 
          25050          170323 
          25150          155255 
          25250          162471 
          25350          163185 
          25450          157787 
          25550          154702 
          25650          155279 
          25750          156979 
          25850          145545 
          25950          149097 
          26050          150880 
          26150          146092 
          26250          143543 
          26350          144773 
          26450          143405 
          26550          139548 
          26650          136604 
          26750          140718 
          26850          138820 
          26950          133745 
          27050          135441 
          27150          133934 
          27250          133430 
          27350          128900 
          27450          130187 
          27550          129090 
          27650          127133 
          27750          123949 
          27850          124114 
          27950          124071 
          28050          122288 
          28150          119919 
          28250          119321 
          28350          119179 
          28450          117031 
          28550          115625 
          28650          114439 
          28750          112801 
          28850          112011 
          28950          110915 
          29050          109514 
          29150          108667 
          29250          106106 
          29350          106176 
          29450          104257 
          29550          103346 
          29650          102470 
          29750          101488 
          29850          100133 
          29950           98592 
          30050         97398.7 
          30150           96936 
          30250         95567.5 
          30350           93585 
          30450         93056.6 
          30550           92178 
          30650           91000 
          30750         90341.4 
          30850         88307.8 
          30950         87553.3 
          31050         87283.3 
          31150         85287.3 
          31250         84989.2 
          31350         83738.7 
          31450         83191.8 
          31550         81957.6 
          31650         80808.7 
          31750         80180.8 
          31850         79095.1 
          31950         78526.9 
          32100         77063.5 
          32300         74963.8 
          32500         73352.1 
          32700         71597.9 
          32900         69567.6 
          33100         68327.1 
          33300           66544 
          33500         65456.4 
          33700         63869.1 
          33900         62147.4 
          34100         60814.6 
          34300         59851.3 
          34500         58507.4 
          34700         57274.9 
          34900         56137.8 
          35100         54955.6 
          35300         53533.4 
          35500         52686.8 
          35700         51403.5 
          35900         50209.7 
          36100         49545.1 
          36300         48463.1 
          36500         47107.8 
          36700         46187.4 
          36900           44775 
          37100         43633.9 
          37300         43102.3 
          37500         41569.5 
          37700         41458.3 
          37900         40620.6 
          38100         39920.2 
          38300         39401.6 
          38500         38698.5 
          38700         37758.7 
          38900         36963.2 
          39100         36465.2 
          39300         35780.4 
          39500         34757.4 
          39700         34245.5 
          39900           33108 
          40100         32797.3 
          40300         32409.9 
          40500         31670.3 
          40700         31136.9 
          40900         30578.7 
          41100         30127.9 
          41300         29618.2 
          41500         28970.3 
          41700         28424.4 
          41900         27962.7 
          42100         27264.1 
          42300         27114.2 
          42500           26407 
          42700         26048.7 
          42900         24097.1 
          43100         22817.4 
          43300         23388.7 
          43500           21677 
          43700         21133.8 
          43900         20818.5 
          44100           18792 
          44300         19198.4 
          44500         18472.8 
          44700         17198.1 
          44900         17803.2 
          45100         17164.8 
          45300         16036.7 
          45500         16538.1 
          45700         16184.7 
          45900         15033.2 
          46100         15617.2 
          46300         14985.1 
          46500         14828.6 
          46700         14755.2 
          46900         14512.8 
          47100         14084.5 
          47300         14349.6 
          47500         13976.3 
          47700         13799.3 
          47900         13460.7 
          48100         13191.3 
          48300         13487.8 
          48500         13101.2 
          48700         12805.2 
          48900         12850.2 
          49100         12460.1 
          49300         12354.9 
          49500           12175 
          49700         12187.1 
          49900         11851.2 
          50100         11602.2 
          50300         11762.2 
          50500         11396.8 
          50700         11292.8 
          50900         11165.9 
          51100         10957.2 
          51300         10797.5 
          51500         10699.8 
          51700         10738.3 
          51900         10525.1 
          52100         10237.2 
          52300         10193.6 
          52500         10160.1 
          52700         10261.5 
          52900         9780.47 
          53100         9661.64 
          53300         9630.25 
          53500         9516.92 
          53700          9400.3 
          53900         9314.72 
          54100         9223.33 
          54300         9019.43 
          54500         9042.39 
          54700            8818 
          54900         8798.87 
          55100          8610.4 
          55300         8756.42 
          55500         8433.28 
          55700         8504.94 
          55900          8290.6 
          56100         8303.06 
          56300         8075.63 
          56500         8106.01 
          56700         7992.33 
          56900         7773.92 
          57100         7819.97 
          57300         7750.44 
          57500         7635.09 
          57700         7531.78 
          57900         7509.51 
          58100         7376.87 
          58300         7307.61 
          58500         7238.69 
          58700         7084.92 
          58900         7025.27 
          59100          6969.5 
          59300         6910.24 
          59500         6765.11 
          59700            6765 
          59900         6688.08 
          60100         6612.77 
          60300         6532.09 
          60500         6423.93 
          60700         6359.68 
          60900         6268.82 
          61100         6184.45 
          61300         6147.37 
          61500            6097 
          61700         6061.49 
          61900         5985.12 
          62100          5935.3 
          62300         5828.82 
          62500         5739.89 
          62700         5693.74 
          62900         5631.12 
          63100         5546.09 
          63300         5534.14 
          63500          5441.4 
          63700         5434.58 
          63900         5327.18 
          64200         5258.59 
          64600         5127.58 
          65000         5016.97 
          65400         4905.67 
          65800         4818.62 
          66200         4693.86 
          66600         4609.11 
          67000         4508.42 
          67400         4393.86 
          67800         4309.55 
          68200         4213.87 
          68600         4131.33 
          69000         4035.06 
          69400         3947.54 
          69800         3870.88 
          70200         3781.64 
          70600         3706.33 
          71000         3626.35 
          71400         3554.65 
          71800         3475.03 
          72200         3403.97 
          72600         3330.32 
          73000         3265.08 
          73400         3193.02 
          73800          3131.8 
          74200         3056.39 
          74600         2990.39 
          75000         2936.28 
          75400         2873.86 
          75800         2809.06 
          76200         2744.54 
          76600         2676.98 
          77000         2612.07 
          77400         2548.86 
          77800         2490.23 
          78200         2435.62 
          78600         2378.94 
          79000         2334.56 
          79400         2279.13 
          79800         2238.89 
          80200         2194.59 
          80600         2155.46 
          81000          2120.1 
          81400         2085.56 
          81800         2047.59 
          82200         2015.11 
          82600          1976.7 
          83000         1939.59 
          83400         1903.21 
          83800          1869.8 
          84200         1830.98 
          84600         1800.49 
          85000         1764.87 
          85400         1733.55 
          85800         1701.51 
          86200         1670.44 
          86600         1637.36 
          87000         1609.65 
          87400         1584.84 
          87800         1551.27 
          88200         1523.05 
          88600         1499.44 
          89000         1474.01 
          89400         1446.56 
          89800         1420.95 
          90200         1400.92 
          90600         1378.89 
          91000         1352.47 
          91400         1329.02 
          91800         1311.07 
          92200         1288.77 
          92600         1268.39 
          93000         1247.97 
          93400         1227.07 
          93800         1206.48 
          94200          1189.2 
          94600         1169.07 
          95000         1151.23 
          95400         1133.81 
          95800         1114.55 
          96200         1097.77 
          96600         1079.78 
          97000          1064.4 
          97400         1044.24 
          97800          1028.9 
          98200          1014.8 
          98600         999.062 
          99000         983.509 
          99400         966.497 
          99800         953.356 
         100200         938.405 
         200000         60.1646 
         400000         3.72844 
         600000        0.727527 
         800000        0.227733 
         1.0e+6       0.0924155 
         1.2e+6       0.0442082 
         1.4e+6       0.0236936 
         1.6e+6       0.0138011 
