# Kurucz ODFNEW /NOVER (2003)
# teff = 7000 K (value for the effective temperature for the model. Temperatures are given in K)
# logg = 1.5 log(cm/s2) (value for Log(G) for the model.)
# meta = -2.5  (value for the Metallicity for the model.)
# lh = 1.25  (l/Hp where l is the  mixing length of the convective element and Hp is the pressure scale height)
# vtur = 2 km/s (Microturbulence velocity)
# alpha = 0.4  (Alpha)
#
# column 1: WAVELENGTH (ANGSTROM), Wavelength in Angstrom
# column 2: FLUX (ERG/CM2/S/A), Flux in erg/cm2/s/A
            366     4.39259e-23 
            375       3.252e-22 
            385     2.49964e-21 
            395      1.7172e-20 
            405     1.06869e-19 
            414     5.12333e-19 
            422     1.94705e-18 
            430     7.02868e-18 
            441     3.79498e-17 
            451     1.63234e-16 
            460     5.73604e-16 
            470     2.18568e-15 
            480     7.85932e-15 
            490     2.67649e-14 
            500     8.66161e-14 
            506     1.62648e-13 
            512     3.27273e-13 
            520     7.87593e-13 
            530     2.22497e-12 
            540     6.03801e-12 
            550     1.57753e-11 
            560     3.97584e-11 
            570     9.68562e-11 
            580     2.28479e-10 
            590     5.22735e-10 
            600      1.16179e-9 
            610      2.51187e-9 
            620      5.29068e-9 
            630      1.08691e-8 
            640      2.18045e-8 
            650      4.27661e-8 
            658       7.2171e-8 
            665      1.12842e-7 
            675      2.10075e-7 
            685      3.83654e-7 
            695      6.87882e-7 
            705      1.21184e-6 
            716      2.21589e-6 
            726      3.77133e-6 
            735      6.00647e-6 
            745      9.93367e-6 
            755       1.6196e-5 
            765      2.60487e-5 
            775      4.13501e-5 
            785      6.48154e-5 
            795     0.000100384 
            805     0.000153657 
            815     0.000232586 
            825     0.000348282 
            835     0.000516131 
            845     0.000757231 
            855      0.00110031 
            865     5.03498e-37 
            875     5.37324e-20 
            895     4.70309e-37 
            905     4.59973e-37 
            915        0.051126 
            925        0.330408 
            935        0.495828 
            945        0.803976 
            955         1.24065 
            965         1.28668 
            975        0.858259 
            985         2.80649 
            995         3.31331 
           1005         3.63721 
           1015         2.56007 
           1025         3.39382 
           1035         4.60175 
           1045         9.31866 
           1055         13.0468 
           1065         16.3868 
           1075         20.4814 
           1085         24.8869 
           1095         28.7685 
           1105         50.9546 
           1115         77.2504 
           1125         81.2738 
           1135          89.288 
           1145          88.011 
           1155         77.6432 
           1165         72.4633 
           1175         59.3735 
           1185         217.864 
           1195         35.3164 
           1205         21.9288 
           1215         11.2507 
           1225         26.7065 
           1235         61.8659 
           1245         71.2785 
           1255         112.622 
           1265         159.176 
           1275         217.761 
           1285         317.336 
           1295         427.313 
           1305         555.353 
           1315         770.746 
           1325         1013.93 
           1335         1352.23 
           1345         1837.83 
           1355         2053.72 
           1365         2501.32 
           1375         3029.98 
           1385          3595.6 
           1395         4341.82 
           1405         5471.86 
           1415         7354.43 
           1425         9109.41 
           1435         11207.5 
           1442         15684.3 
           1447         15373.5 
           1455         20062.3 
           1465         21600.9 
           1475         26597.2 
           1485         33345.3 
           1495         41714.5 
           1505         52102.9 
           1512         56644.3 
           1517         45594.7 
           1525         51274.9 
           1535         68258.9 
           1545         73146.6 
           1555         71157.2 
           1565         59372.9 
           1575           62172 
           1585         63159.5 
           1595         64209.2 
           1605         69246.8 
           1615          113315 
           1625          215755 
           1635          397174 
           1645          722601 
           1655          690596 
           1665      1.27226e+6 
           1672      1.07129e+6 
           1677      1.50353e+6 
           1685      1.74338e+6 
           1695      1.82633e+6 
           1705      1.91914e+6 
           1715      2.20077e+6 
           1725      2.25269e+6 
           1735      2.49161e+6 
           1745      2.48479e+6 
           1755      2.73579e+6 
           1765       2.5045e+6 
           1775      2.78449e+6 
           1785      2.86441e+6 
           1795      3.15108e+6 
           1805      2.99462e+6 
           1815      3.12856e+6 
           1825      2.98069e+6 
           1835      3.21032e+6 
           1845      3.03661e+6 
           1855      3.23935e+6 
           1865      3.36327e+6 
           1875      3.45008e+6 
           1885      3.55267e+6 
           1895      3.61536e+6 
           1905       3.4793e+6 
           1915      3.73737e+6 
           1925      3.90147e+6 
           1935       3.7721e+6 
           1945      4.11193e+6 
           1955        4.137e+6 
           1967      4.28687e+6 
           1976      4.18847e+6 
           1984       4.2253e+6 
           1995      4.27377e+6 
           2005        4.226e+6 
           2015      4.24753e+6 
           2025      4.15331e+6 
           2035      4.46838e+6 
           2045      4.58892e+6 
           2055       4.4813e+6 
           2065      4.52723e+6 
           2074      4.82775e+6 
           2078      4.87287e+6 
           2085      4.85563e+6 
           2095      4.79746e+6 
           2105      4.80657e+6 
           2115      4.88443e+6 
           2125      4.95437e+6 
           2135      4.51896e+6 
           2145      4.95485e+6 
           2155      4.96325e+6 
           2165      4.85754e+6 
           2175      4.92264e+6 
           2185      5.04536e+6 
           2195       5.3437e+6 
           2205      5.22886e+6 
           2215      4.95009e+6 
           2225      5.08673e+6 
           2235      5.54948e+6 
           2245      5.24175e+6 
           2255      5.12816e+6 
           2265      5.05831e+6 
           2275      5.45802e+6 
           2285      5.57393e+6 
           2295      5.34207e+6 
           2305      5.48811e+6 
           2315      5.52241e+6 
           2325      5.55035e+6 
           2335      5.46125e+6 
           2345      5.00468e+6 
           2355      5.70145e+6 
           2365      5.24814e+6 
           2375      5.62961e+6 
           2385      4.93146e+6 
           2395      5.47306e+6 
           2405      5.39846e+6 
           2415      5.51863e+6 
           2425       5.9317e+6 
           2435      5.81529e+6 
           2445      6.02607e+6 
           2455      5.96439e+6 
           2465      5.93358e+6 
           2475      5.76402e+6 
           2485      5.99951e+6 
           2495      5.94891e+6 
           2505      6.36265e+6 
           2513      5.99589e+6 
           2518      5.97507e+6 
           2525      5.71769e+6 
           2535      5.67589e+6 
           2545      5.82163e+6 
           2555      6.18646e+6 
           2565      6.21734e+6 
           2575      6.51686e+6 
           2585      6.56069e+6 
           2595      6.55554e+6 
           2605      6.37762e+6 
           2615      6.33444e+6 
           2625      6.61322e+6 
           2635      6.72481e+6 
           2645       7.3057e+6 
           2655      7.31758e+6 
           2665      7.02301e+6 
           2675      7.18909e+6 
           2685      7.33787e+6 
           2695      7.12894e+6 
           2705      7.21535e+6 
           2715      6.99568e+6 
           2725      7.07684e+6 
           2735      7.35456e+6 
           2745      6.66711e+6 
           2755       6.8769e+6 
           2765      7.16134e+6 
           2775      7.47674e+6 
           2785      7.38477e+6 
           2795      5.35434e+6 
           2805      6.04068e+6 
           2815      7.76733e+6 
           2825      7.77994e+6 
           2835      7.67453e+6 
           2845      7.62346e+6 
           2855      7.35986e+6 
           2865      7.62159e+6 
           2875      7.61469e+6 
           2885      7.79781e+6 
           2895      7.81326e+6 
           2910      8.15644e+6 
           2930      8.05469e+6 
           2950      8.06143e+6 
           2970      8.19025e+6 
           2990      8.28416e+6 
           3010       8.4023e+6 
           3030      8.47394e+6 
           3050      8.48952e+6 
           3070      8.44642e+6 
           3090      8.62547e+6 
           3110      8.59473e+6 
           3130      8.63022e+6 
           3150      8.73967e+6 
           3170      8.80556e+6 
           3190      8.64996e+6 
           3210      8.80063e+6 
           3230      8.70317e+6 
           3250      8.86674e+6 
           3270      8.97916e+6 
           3290      9.11778e+6 
           3310      9.18261e+6 
           3330      9.09099e+6 
           3350      9.02338e+6 
           3370      9.12889e+6 
           3390      9.14738e+6 
           3410      9.32712e+6 
           3430      9.38389e+6 
           3450      9.37321e+6 
           3470      9.36622e+6 
           3490      9.41507e+6 
           3510      9.51112e+6 
           3530        9.579e+6 
           3550      9.63877e+6 
           3570      9.55266e+6 
           3590      9.58302e+6 
           3610      9.63324e+6 
           3630      9.67319e+6 
           3640      9.65224e+6 
           3650      9.76598e+6 
           3670      9.70934e+6 
           3690      1.05188e+7 
           3710      1.37386e+7 
           3730      1.80446e+7 
           3750      2.50138e+7 
           3770      2.61685e+7 
           3790      3.07435e+7 
           3810      3.48205e+7 
           3830      2.82504e+7 
           3850      3.72142e+7 
           3870      3.98314e+7 
           3890      2.59442e+7 
           3910      3.91734e+7 
           3930         3.75e+7 
           3950      3.91108e+7 
           3970      2.45912e+7 
           3990      3.79164e+7 
           4010      3.94251e+7 
           4030      3.91229e+7 
           4050      3.87099e+7 
           4070      3.76231e+7 
           4090      3.29456e+7 
           4110      2.62853e+7 
           4130      3.65843e+7 
           4150      3.68866e+7 
           4170      3.64708e+7 
           4190        3.622e+7 
           4210      3.57704e+7 
           4230       3.5235e+7 
           4250      3.50314e+7 
           4270      3.46586e+7 
           4290      3.41478e+7 
           4310      3.30042e+7 
           4330      2.82815e+7 
           4350      2.45678e+7 
           4370      3.25658e+7 
           4390      3.24046e+7 
           4410      3.22004e+7 
           4430       3.2254e+7 
           4450       3.1803e+7 
           4470      3.15549e+7 
           4490      3.12519e+7 
           4510      3.09513e+7 
           4530      3.06088e+7 
           4550      3.01529e+7 
           4570      3.00754e+7 
           4590      2.98389e+7 
           4610      2.97348e+7 
           4630      2.93677e+7 
           4650      2.91818e+7 
           4670      2.89203e+7 
           4690      2.86451e+7 
           4710      2.82767e+7 
           4730      2.81441e+7 
           4750      2.79009e+7 
           4770      2.76327e+7 
           4790      2.73367e+7 
           4810      2.70203e+7 
           4830      2.64918e+7 
           4850       2.3234e+7 
           4870      1.93774e+7 
           4890      2.55747e+7 
           4910        2.582e+7 
           4930      2.55396e+7 
           4950      2.55027e+7 
           4970      2.53147e+7 
           4990      2.50713e+7 
           5010        2.475e+7 
           5030      2.46503e+7 
           5050      2.44318e+7 
           5070      2.42409e+7 
           5090      2.40348e+7 
           5110      2.38326e+7 
           5130      2.36142e+7 
           5150       2.3407e+7 
           5170        2.295e+7 
           5190      2.28098e+7 
           5210      2.28071e+7 
           5230       2.2549e+7 
           5250      2.24705e+7 
           5270      2.21728e+7 
           5290      2.20983e+7 
           5310      2.18854e+7 
           5330      2.16804e+7 
           5350      2.15646e+7 
           5370      2.13677e+7 
           5390      2.11965e+7 
           5410      2.10169e+7 
           5430       2.0847e+7 
           5450      2.06905e+7 
           5470      2.05344e+7 
           5490      2.03713e+7 
           5510      2.02101e+7 
           5530      2.00333e+7 
           5550      1.98965e+7 
           5570      1.97321e+7 
           5590       1.9567e+7 
           5610      1.94194e+7 
           5630      1.92757e+7 
           5650      1.91194e+7 
           5670      1.89695e+7 
           5690      1.88259e+7 
           5710       1.8677e+7 
           5730      1.85365e+7 
           5750      1.83907e+7 
           5770      1.82487e+7 
           5790      1.81082e+7 
           5810      1.79693e+7 
           5830      1.78318e+7 
           5850      1.76924e+7 
           5870      1.75579e+7 
           5890      1.73682e+7 
           5910      1.72919e+7 
           5930      1.71615e+7 
           5950      1.70314e+7 
           5970      1.69027e+7 
           5990      1.67743e+7 
           6010      1.66493e+7 
           6030      1.65235e+7 
           6050       1.6401e+7 
           6070      1.62788e+7 
           6090      1.61578e+7 
           6110      1.60371e+7 
           6130      1.59116e+7 
           6150      1.57883e+7 
           6170      1.56733e+7 
           6190      1.55692e+7 
           6210      1.54554e+7 
           6230      1.53389e+7 
           6250      1.52158e+7 
           6270      1.51189e+7 
           6290      1.50086e+7 
           6310      1.48966e+7 
           6330      1.47903e+7 
           6350      1.46777e+7 
           6370      1.45736e+7 
           6390      1.44724e+7 
           6410      1.43639e+7 
           6430      1.42637e+7 
           6450      1.41464e+7 
           6470      1.40564e+7 
           6490       1.3927e+7 
           6510      1.37997e+7 
           6530       1.3597e+7 
           6550      1.26052e+7 
           6570      1.02838e+7 
           6590       1.3151e+7 
           6610      1.32922e+7 
           6630      1.32473e+7 
           6650      1.31882e+7 
           6670      1.30965e+7 
           6690      1.30057e+7 
           6710      1.29141e+7 
           6730      1.28241e+7 
           6750      1.27334e+7 
           6770      1.26467e+7 
           6790      1.25593e+7 
           6810      1.24726e+7 
           6830      1.23851e+7 
           6850      1.23001e+7 
           6870      1.22158e+7 
           6890      1.21315e+7 
           6910      1.20487e+7 
           6930      1.19659e+7 
           6950      1.18839e+7 
           6970      1.18026e+7 
           6990      1.17221e+7 
           7010      1.16407e+7 
           7030      1.15631e+7 
           7050      1.14847e+7 
           7070       1.1407e+7 
           7090        1.133e+7 
           7110        1.125e+7 
           7130      1.11773e+7 
           7150      1.11016e+7 
           7170      1.10273e+7 
           7190      1.09529e+7 
           7210      1.08792e+7 
           7230      1.08069e+7 
           7250      1.07358e+7 
           7270      1.06647e+7 
           7290      1.05921e+7 
           7310      1.05223e+7 
           7330      1.04523e+7 
           7350      1.03836e+7 
           7370      1.03163e+7 
           7390      1.02474e+7 
           7410      1.01777e+7 
           7430      1.01121e+7 
           7450      1.00463e+7 
           7470      9.97912e+6 
           7490      9.91381e+6 
           7510      9.84972e+6 
           7530      9.78617e+6 
           7550      9.72316e+6 
           7570      9.65936e+6 
           7590      9.59675e+6 
           7610      9.53466e+6 
           7630      9.47309e+6 
           7650       9.4114e+6 
           7670      9.35021e+6 
           7690      9.29017e+6 
           7710      9.22936e+6 
           7730      9.17158e+6 
           7750      9.11238e+6 
           7770      9.01936e+6 
           7790      8.99669e+6 
           7810      8.93894e+6 
           7830      8.88166e+6 
           7850      8.82484e+6 
           7870      8.76849e+6 
           7890      8.71199e+6 
           7910      8.65896e+6 
           7930      8.60216e+6 
           7950       8.5482e+6 
           7970      8.49586e+6 
           7990       8.4404e+6 
           8010      8.38891e+6 
           8030      8.33666e+6 
           8050      8.28424e+6 
           8070      8.23224e+6 
           8090      8.18065e+6 
           8110      8.12947e+6 
           8130      8.07926e+6 
           8150      8.02888e+6 
           8170      7.97889e+6 
           8190      7.92481e+6 
           8210      7.89127e+6 
           8230      7.84518e+6 
           8250      7.79557e+6 
           8270       7.7557e+6 
           8290      7.70407e+6 
           8310      7.64139e+6 
           8330      7.57108e+6 
           8350       7.5435e+6 
           8370      7.40479e+6 
           8390      7.39575e+6 
           8410      7.32919e+6 
           8430       7.4307e+6 
           8450      7.37762e+6 
           8470      7.10547e+6 
           8490      7.58318e+6 
           8510      6.96548e+6 
           8530      7.63701e+6 
           8550      6.76389e+6 
           8570      7.70797e+6 
           8590      7.31473e+6 
           8610      7.09429e+6 
           8630      7.79288e+6 
           8650      7.64611e+6 
           8670      6.53736e+6 
           8690      7.70908e+6 
           8710      7.78496e+6 
           8730      7.63959e+6 
           8750      6.46511e+6 
           8770      7.41773e+6 
           8790      7.62293e+6 
           8810      7.59224e+6 
           8830      7.51972e+6 
           8850      7.16254e+6 
           8870      6.28897e+6 
           8890       7.3113e+6 
           8910      7.36061e+6 
           8930      7.32862e+6 
           8950      7.29967e+6 
           8970      7.24093e+6 
           8990      7.11832e+6 
           9010      6.15537e+6 
           9030      6.64883e+6 
           9050      7.02839e+6 
           9070      7.01391e+6 
           9090      6.96758e+6 
           9110      6.96153e+6 
           9130      6.93016e+6 
           9150      6.88865e+6 
           9170      6.83265e+6 
           9190      6.76681e+6 
           9210      6.57846e+6 
           9230      5.58729e+6 
           9250      6.43935e+6 
           9270      6.58783e+6 
           9290       6.5918e+6 
           9310      6.56785e+6 
           9330      6.52891e+6 
           9350      6.49066e+6 
           9370      6.45268e+6 
           9390      6.41412e+6 
           9410      6.35157e+6 
           9430      6.33694e+6 
           9450      6.30129e+6 
           9470      6.26546e+6 
           9490      6.21398e+6 
           9510      6.14913e+6 
           9530      5.94498e+6 
           9550      5.10967e+6 
           9570      5.92747e+6 
           9590      6.01501e+6 
           9610      6.00224e+6 
           9630      5.97165e+6 
           9650       5.9453e+6 
           9670        5.901e+6 
           9690      5.87666e+6 
           9710      5.84449e+6 
           9730      5.81093e+6 
           9750      5.77642e+6 
           9770      5.74451e+6 
           9790      5.71202e+6 
           9810      5.67936e+6 
           9830      5.64691e+6 
           9850      5.61391e+6 
           9870      5.58267e+6 
           9890      5.54741e+6 
           9910      5.51967e+6 
           9930      5.48714e+6 
           9950      5.45749e+6 
           9970       5.4269e+6 
           9990      5.38556e+6 
          10025      5.16172e+6 
          10075      4.95028e+6 
          10125      5.18889e+6 
          10175      5.12382e+6 
          10225      5.05402e+6 
          10275      4.98461e+6 
          10325       4.9156e+6 
          10375      4.84944e+6 
          10425      4.78362e+6 
          10475      4.71334e+6 
          10525      4.65506e+6 
          10575      4.59228e+6 
          10625       4.5298e+6 
          10675      4.45144e+6 
          10725      4.40577e+6 
          10775       4.3507e+6 
          10825      4.29099e+6 
          10875       4.2255e+6 
          10925      3.84382e+6 
          10975      4.04845e+6 
          11025      4.07039e+6 
          11075      4.02113e+6 
          11125      3.96893e+6 
          11175      3.91751e+6 
          11225      3.86744e+6 
          11275      3.81573e+6 
          11325      3.76625e+6 
          11375       3.7204e+6 
          11425      3.67232e+6 
          11475      3.62666e+6 
          11525      3.58079e+6 
          11575      3.53558e+6 
          11625       3.4899e+6 
          11675      3.44432e+6 
          11725      3.40432e+6 
          11775      3.35509e+6 
          11825      3.31465e+6 
          11875      3.27692e+6 
          11925      3.23837e+6 
          11975      3.19247e+6 
          12025      3.15868e+6 
          12075      3.11914e+6 
          12125      3.08193e+6 
          12175      3.04473e+6 
          12225      3.00777e+6 
          12275      2.97082e+6 
          12325      2.93536e+6 
          12375      2.89987e+6 
          12425      2.86511e+6 
          12475      2.83082e+6 
          12525      2.79673e+6 
          12575       2.7631e+6 
          12625      2.73015e+6 
          12675      2.69833e+6 
          12725      2.66531e+6 
          12775      2.61217e+6 
          12825      2.36692e+6 
          12875      2.55811e+6 
          12925      2.54309e+6 
          12975      2.51368e+6 
          13025      2.48443e+6 
          13075      2.45555e+6 
          13125      2.42703e+6 
          13175      2.39888e+6 
          13225      2.37151e+6 
          13275      2.34428e+6 
          13325      2.31738e+6 
          13375      2.29082e+6 
          13425      2.26459e+6 
          13475      2.23889e+6 
          13525      2.21331e+6 
          13575      2.18825e+6 
          13625      2.16369e+6 
          13675      2.13923e+6 
          13725      2.11428e+6 
          13775      2.09121e+6 
          13825      2.06764e+6 
          13875      2.04474e+6 
          13925      2.02192e+6 
          13975      1.99938e+6 
          14025       1.9771e+6 
          14075      1.95529e+6 
          14125      1.93354e+6 
          14175      1.91223e+6 
          14225      1.89118e+6 
          14275      1.87038e+6 
          14325      1.84982e+6 
          14375      1.82949e+6 
          14425      1.80765e+6 
          14475      1.78979e+6 
          14525      1.76917e+6 
          14570      1.75288e+6 
          14620       1.7352e+6 
          14675       1.7155e+6 
          14725      1.69745e+6 
          14775      1.67931e+6 
          14825      1.66148e+6 
          14875      1.64169e+6 
          14925      1.62462e+6 
          14975      1.60786e+6 
          15025      1.58271e+6 
          15075      1.56843e+6 
          15125      1.54947e+6 
          15175      1.53275e+6 
          15225      1.53396e+6 
          15275      1.48944e+6 
          15325      1.47475e+6 
          15375      1.49034e+6 
          15425      1.42952e+6 
          15475      1.46692e+6 
          15525      1.45804e+6 
          15575      1.37127e+6 
          15625      1.44704e+6 
          15675      1.40316e+6 
          15725      1.33503e+6 
          15775      1.41208e+6 
          15825      1.39875e+6 
          15875      1.26584e+6 
          15925      1.36168e+6 
          15975      1.36833e+6 
          16050      1.33743e+6 
          16150       1.2563e+6 
          16250      1.29998e+6 
          16350       1.2551e+6 
          16450      1.18016e+6 
          16550      1.21903e+6 
          16650      1.19331e+6 
          16750       1.1509e+6 
          16850       1.0838e+6 
          16950      1.11898e+6 
          17050      1.09569e+6 
          17150      1.07287e+6 
          17250      1.04935e+6 
          17350          967109 
          17450      1.00321e+6 
          17550          987170 
          17650          967091 
          17750          947663 
          17850          928597 
          17950          910083 
          18050          891285 
          18150          826575 
          18250          850140 
          18350          840184 
          18450          823818 
          18550          807778 
          18650          790517 
          18750          728271 
          18850          759539 
          18950          747295 
          19050          733470 
          19150          719625 
          19250          706109 
          19350          691404 
          19450          642129 
          19550          665945 
          19650          655135 
          19750          643042 
          19850          631378 
          19950          619896 
          20050          608695 
          20150          597733 
          20250          587011 
          20350          576517 
          20450          566298 
          20550          556286 
          20650          546459 
          20750          536899 
          20850          527533 
          20950          518354 
          21050          509385 
          21150          500579 
          21250          491983 
          21350          483575 
          21450          475384 
          21550          466634 
          21650          435553 
          21750          450176 
          21850          444147 
          21950          436779 
          22050          429517 
          22150          422407 
          22250          415492 
          22350          408682 
          22450          402022 
          22550          395419 
          22650          389079 
          22750          382805 
          22850          376807 
          22950          370841 
          23050          365021 
          23150          359287 
          23250          353660 
          23350          348101 
          23450          342617 
          23550          337282 
          23650          331910 
          23750          326863 
          23850          321717 
          23950          316652 
          24050          311471 
          24150          306216 
          24250          303491 
          24350          296861 
          24450          291784 
          24550          290112 
          24650          283925 
          24750          279858 
          24850          278678 
          24950          267462 
          25050          270782 
          25150          267025 
          25250          254579 
          25350          259240 
          25450          256073 
          25550          252000 
          25650          238936 
          25750          245192 
          25850          242075 
          25950          238697 
          26050          234131 
          26150          221639 
          26250          216756 
          26350          224847 
          26450          222897 
          26550          219763 
          26650          216079 
          26750          203105 
          26850          210129 
          26950          207805 
          27050          204927 
          27150          202122 
          27250          199348 
          27350          196624 
          27450          193814 
          27550          182969 
          27650          186856 
          27750          186187 
          27850          183692 
          27950          181232 
          28050          178817 
          28150          176436 
          28250          174099 
          28350          171799 
          28450          169537 
          28550          167312 
          28650          164213 
          28750          155443 
          28850          160673 
          28950          158769 
          29050          156722 
          29150          154705 
          29250          152724 
          29350          150771 
          29450          148850 
          29550          146959 
          29650          145100 
          29750          143266 
          29850          141467 
          29950          139692 
          30050          137946 
          30150          136224 
          30250          134477 
          30350          128153 
          30450          129275 
          30550          129609 
          30650          128018 
          30750          126454 
          30850          124907 
          30950          123389 
          31050          121893 
          31150          120409 
          31250          118968 
          31350          117539 
          31450          116130 
          31550          114744 
          31650          113381 
          31750          112033 
          31850          110706 
          31950          109402 
          32100          107475 
          32300          104978 
          32500          102549 
          32700          100188 
          32900         95305.7 
          33100           95189 
          33300         93301.6 
          33500         91230.8 
          33700         89199.1 
          33900         87228.6 
          34100         85304.4 
          34300         83438.4 
          34500         81619.2 
          34700         79861.3 
          34900         78122.8 
          35100         76461.4 
          35300         74826.5 
          35500         73187.6 
          35700         71586.5 
          35900         70335.1 
          36100         68554.9 
          36300           67467 
          36500         65655.1 
          36700         64756.9 
          36900         62853.3 
          37100         62141.8 
          37300         60399.5 
          37500         58130.9 
          37700         58496.4 
          37900         57356.2 
          38100           55663 
          38300         54813.5 
          38500         54080.3 
          38700         53090.1 
          38900           51978 
          39100           50043 
          39300         50047.2 
          39500         49092.5 
          39700         48152.2 
          39900         47230.5 
          40100         46017.9 
          40300         44775.9 
          40500         43654.9 
          40700         43754.5 
          40900         42956.1 
          41100         42159.9 
          41300         41381.5 
          41500         40616.1 
          41700         39001.2 
          41900         39142.6 
          42100           38440 
          42300         37748.9 
          42500         37069.1 
          42700         36406.6 
          42900         35758.8 
          43100         35125.5 
          43300         34506.4 
          43500         33899.2 
          43700         32648.6 
          43900         32648.9 
          44100         32157.8 
          44300         31603.2 
          44500           31061 
          44700         30566.9 
          44900         30005.5 
          45100         29499.2 
          45300         29000.7 
          45500         28513.3 
          45700           28037 
          45900         27569.7 
          46100         27109.4 
          46300         26650.8 
          46500         25667.6 
          46700         25232.3 
          46900         25344.7 
          47100         24958.4 
          47300         24555.8 
          47500         24159.1 
          47700         23769.8 
          47900         23387.9 
          48100         23014.7 
          48300         22658.1 
          48500         22285.9 
          48700         21949.1 
          48900         21588.7 
          49100         21267.9 
          49300         20912.8 
          49500         20647.3 
          49700         20255.7 
          49900         20013.5 
          50100         19700.9 
          50300         19325.7 
          50500         19121.2 
          50700         18829.9 
          50900         18436.5 
          51100         18221.8 
          51300         17603.3 
          51500         17699.8 
          51700         17333.4 
          51900           17200 
          52100         16946.1 
          52300         16696.9 
          52500         16429.2 
          52700         16080.9 
          52900         15975.7 
          53100         15743.3 
          53300         15515.3 
          53500         15291.6 
          53700           14978 
          53900         14780.2 
          54100         14645.4 
          54300         14436.8 
          54500         14233.3 
          54700         14032.5 
          54900         13835.4 
          55100           13626 
          55300         13275.1 
          55500           13264 
          55700         13080.2 
          55900         12898.8 
          56100           12722 
          56300         12547.4 
          56500         12376.1 
          56700         12206.9 
          56900           12041 
          57100         11687.5 
          57300           11714 
          57500         11560.8 
          57700         11406.1 
          57900         11253.3 
          58100         11104.1 
          58300         10956.5 
          58500         10828.1 
          58700         10685.4 
          58900         10519.9 
          59100         10189.8 
          59300         10247.3 
          59500         9958.04 
          59700         9963.73 
          59900         9876.84 
          60100         9749.67 
          60300         9624.49 
          60500         9501.37 
          60700         9380.17 
          60900         9260.87 
          61100         9143.42 
          61300         9027.92 
          61500         8914.21 
          61700         8802.28 
          61900         8692.11 
          62100         8583.65 
          62300          8476.8 
          62500         8371.71 
          62700         8260.99 
          62900         8005.81 
          63100         8052.79 
          63300          7967.2 
          63500         7869.91 
          63700         7774.14 
          63900         7679.79 
          64200         7540.91 
          64600         7359.35 
          65000         7182.83 
          65400         7015.96 
          65800         6846.78 
          66200         6686.66 
          66600         6534.56 
          67000         6384.59 
          67400            6231 
          67800         6035.75 
          68200         5949.12 
          68600         5823.59 
          69000         5692.96 
          69400         5554.54 
          69800          5442.5 
          70200         5322.48 
          70600         5205.66 
          71000         5078.56 
          71400         4981.62 
          71800         4874.16 
          72200          4769.5 
          72600         4651.33 
          73000         4568.47 
          73400         4472.03 
          73800         4378.04 
          74200         4286.55 
          74600          4150.4 
          75000         4025.68 
          75400          4023.7 
          75800         3943.91 
          76200         3863.62 
          76600         3785.36 
          77000         3709.09 
          77400         3634.76 
          77800         3539.35 
          78200         3491.53 
          78600          3422.6 
          79000         3355.31 
          79400         3289.68 
          79800         3225.67 
          80200         3163.17 
          80600         3102.22 
          81000         3042.72 
          81400         2964.16 
          81800         2925.22 
          82200         2872.51 
          82600         2818.47 
          83000         2765.62 
          83400         2714.07 
          83800         2663.66 
          84200          2614.5 
          84600         2566.41 
          85000         2519.42 
          85400         2473.51 
          85800         2428.44 
          86200         2384.76 
          86600         2321.79 
          87000          2299.5 
          87400         2248.12 
          87800         2208.67 
          88200         2179.77 
          88600         2139.98 
          89000         2103.95 
          89400          2067.3 
          89800         2031.45 
          90200         1996.29 
          90600         1960.16 
          91000         1928.37 
          91400         1895.47 
          91800          1863.3 
          92200         1831.79 
          92600         1797.76 
          93000         1770.75 
          93400         1741.14 
          93800         1697.51 
          94200         1682.95 
          94600         1656.08 
          95000         1627.51 
          95400         1599.49 
          95800          1576.1 
          96200         1550.53 
          96600         1525.48 
          97000         1500.91 
          97400         1476.85 
          97800         1453.26 
          98200         1429.88 
          98600         1403.27 
          99000          1385.3 
          99400         1363.54 
          99800         1342.19 
         100200         1321.25 
         200000         86.1486 
         400000         5.45151 
         600000         1.07661 
         800000        0.339651 
         1.0e+6        0.138625 
         1.2e+6       0.0666105 
         1.4e+6       0.0358297 
         1.6e+6       0.0209335 
