# Kurucz ODFNEW /NOVER (2003)
# teff = 10750 K (value for the effective temperature for the model. Temperatures are given in K)
# logg = 2.5 log(cm/s2) (value for Log(G) for the model.)
# meta = -2.5  (value for the Metallicity for the model.)
# lh = 1.25  (l/Hp where l is the  mixing length of the convective element and Hp is the pressure scale height)
# vtur = 2 km/s (Microturbulence velocity)
# alpha = 0.4  (Alpha)
#
# column 1: WAVELENGTH (ANGSTROM), Wavelength in Angstrom
# column 2: FLUX (ERG/CM2/S/A), Flux in erg/cm2/s/A
          226.8     8.81067e-23 
            230     2.93564e-22 
            234     1.12587e-21 
            240      7.6327e-21 
          246.5     5.46014e-20 
          252.4      2.9876e-19 
          256.8     1.00954e-18 
            260     2.38655e-18 
            264     6.79611e-18 
          268.5     2.12057e-17 
          273.5     7.18585e-17 
          278.5     2.33768e-16 
            284     8.14917e-16 
            290     3.01451e-15 
            296     1.05529e-14 
            301     2.89284e-14 
            308     1.12256e-13 
            318     7.01832e-13 
            328     3.92158e-12 
            338     1.97578e-11 
            348     9.06609e-11 
            357     3.31477e-10 
            366      1.13708e-9 
            375      3.66857e-9 
            385      1.26247e-8 
            395      4.07237e-8 
            405      1.23778e-7 
            414      3.21107e-7 
            422      7.23127e-7 
            430      1.57825e-6 
            441      4.39974e-6 
            451       1.0676e-5 
            460      2.29047e-5 
            470       5.1608e-5 
            480     0.000112218 
            490     0.000236048 
            500     0.000481023 
            506      0.00282213 
            512      0.00585622 
            520      0.00953164 
            530       0.0176415 
            540       0.0301371 
            550       0.0533088 
            560       0.0897207 
            570        0.148083 
            580        0.230181 
            590         0.38003 
            600        0.596666 
            610        0.918659 
            620         1.39264 
            630         2.08108 
            640         3.06672 
            650         4.46288 
            658         5.96961 
            665          7.6507 
            675         10.7985 
            685         15.0756 
            695         20.8259 
            705         28.4739 
            716         39.7191 
            726         53.2384 
            735          68.774 
            745         90.6825 
            755         118.598 
            765         153.872 
            775         198.186 
            785         253.393 
            795         321.727 
            805         405.823 
            815         508.588 
            825         633.487 
            835         782.772 
            845         965.639 
            855         1182.25 
            865         1440.05 
            875         1744.68 
            885         2103.98 
            895         2524.85 
            905         3011.26 
            915         7456.52 
            925         24017.8 
            935         40154.5 
            945          218725 
            955      1.02012e+7 
            965      1.65543e+7 
            975      1.46939e+6 
            985      8.63481e+7 
            995      1.40539e+8 
           1005      1.34985e+8 
           1015      4.15153e+7 
           1025          192914 
           1035      3.10056e+7 
           1045      1.52434e+8 
           1055       2.0678e+8 
           1065      2.10149e+8 
           1075       2.3058e+8 
           1085      2.31115e+8 
           1095      2.34328e+8 
           1105      2.24898e+8 
           1115      2.24406e+8 
           1125      2.21783e+8 
           1135      2.26197e+8 
           1145       2.1839e+8 
           1155       2.1014e+8 
           1165      2.06326e+8 
           1175      1.83264e+8 
           1185      1.34911e+8 
           1195      1.62534e+7 
           1205      1.23836e+6 
           1215          396016 
           1225          968670 
           1235      1.45255e+7 
           1245      1.17433e+8 
           1255      1.65177e+8 
           1265       1.7394e+8 
           1275      2.05502e+8 
           1285      2.24307e+8 
           1295      2.20371e+8 
           1305      2.04993e+8 
           1315      2.36945e+8 
           1325      2.38146e+8 
           1335      2.34295e+8 
           1345      2.45381e+8 
           1355        2.405e+8 
           1365       2.3612e+8 
           1375       2.3756e+8 
           1385      2.41271e+8 
           1395      2.40089e+8 
           1405      2.42199e+8 
           1415      2.38205e+8 
           1425      2.38547e+8 
           1435      2.35087e+8 
           1442      2.40166e+8 
           1447      2.39463e+8 
           1455      2.38474e+8 
           1465      2.35967e+8 
           1475      2.35046e+8 
           1485      2.34129e+8 
           1495      2.31901e+8 
           1505      2.32455e+8 
           1512       2.3128e+8 
           1517       2.3331e+8 
           1525      2.27483e+8 
           1535      2.25121e+8 
           1545      2.29428e+8 
           1555      2.22436e+8 
           1565      2.12481e+8 
           1575      2.15973e+8 
           1585      2.19689e+8 
           1595        2.226e+8 
           1605      2.16062e+8 
           1615      2.15026e+8 
           1625      2.06553e+8 
           1635      2.06543e+8 
           1645      2.06461e+8 
           1655      1.96822e+8 
           1665      2.07728e+8 
           1672      1.98365e+8 
           1677      2.01055e+8 
           1685      2.03742e+8 
           1695      2.00046e+8 
           1705      1.96489e+8 
           1715      1.97227e+8 
           1725      1.94782e+8 
           1735      1.98162e+8 
           1745      1.95032e+8 
           1755      1.96191e+8 
           1765       1.8875e+8 
           1775      1.94772e+8 
           1785      1.91142e+8 
           1795      1.92596e+8 
           1805      1.89173e+8 
           1815      1.87894e+8 
           1825      1.87458e+8 
           1835      1.85734e+8 
           1845      1.83627e+8 
           1855      1.81751e+8 
           1865      1.79872e+8 
           1875      1.81023e+8 
           1885      1.79924e+8 
           1895      1.78397e+8 
           1905      1.78564e+8 
           1915      1.75872e+8 
           1925      1.75533e+8 
           1935      1.73341e+8 
           1945       1.7478e+8 
           1955      1.73223e+8 
           1967      1.72499e+8 
           1976      1.70922e+8 
           1984      1.70216e+8 
           1995      1.68117e+8 
           2005      1.66369e+8 
           2015      1.63274e+8 
           2025      1.63669e+8 
           2035      1.63601e+8 
           2045      1.62555e+8 
           2055      1.58238e+8 
           2065       1.5852e+8 
           2074      1.59065e+8 
           2078      1.59038e+8 
           2085      1.59021e+8 
           2095      1.57609e+8 
           2105      1.56974e+8 
           2115      1.55678e+8 
           2125      1.54926e+8 
           2135      1.52676e+8 
           2145      1.53254e+8 
           2155       1.5164e+8 
           2165      1.48547e+8 
           2175      1.47901e+8 
           2185      1.47544e+8 
           2195      1.48799e+8 
           2205      1.46026e+8 
           2215      1.43467e+8 
           2225      1.41503e+8 
           2235      1.44493e+8 
           2245      1.42215e+8 
           2255      1.39548e+8 
           2265      1.38444e+8 
           2275      1.39813e+8 
           2285      1.39473e+8 
           2295      1.37309e+8 
           2305      1.36928e+8 
           2315      1.35839e+8 
           2325        1.356e+8 
           2335      1.33232e+8 
           2345        1.282e+8 
           2355      1.31529e+8 
           2365      1.27549e+8 
           2375      1.29343e+8 
           2385      1.24333e+8 
           2395        1.275e+8 
           2405      1.26214e+8 
           2415      1.25765e+8 
           2425      1.27126e+8 
           2435      1.24877e+8 
           2445      1.25068e+8 
           2455      1.25138e+8 
           2465      1.22625e+8 
           2475      1.22257e+8 
           2485       1.2302e+8 
           2495      1.20734e+8 
           2505       1.2251e+8 
           2513      1.21004e+8 
           2518      1.21391e+8 
           2525      1.18609e+8 
           2535      1.16538e+8 
           2545      1.16782e+8 
           2555      1.18685e+8 
           2565      1.17184e+8 
           2575      1.17877e+8 
           2585      1.17762e+8 
           2595      1.16683e+8 
           2605      1.15322e+8 
           2615      1.14425e+8 
           2625      1.13861e+8 
           2635      1.13856e+8 
           2645        1.164e+8 
           2655      1.15728e+8 
           2665      1.14007e+8 
           2675      1.14167e+8 
           2685      1.13961e+8 
           2695      1.12982e+8 
           2705      1.12437e+8 
           2715      1.10986e+8 
           2725      1.10397e+8 
           2735      1.10517e+8 
           2745      1.06949e+8 
           2755      1.06814e+8 
           2765      1.07975e+8 
           2775       1.0893e+8 
           2785      1.08197e+8 
           2795      1.03499e+8 
           2805       1.0587e+8 
           2815      1.07406e+8 
           2825      1.06741e+8 
           2835      1.05539e+8 
           2845      1.04924e+8 
           2855      1.04302e+8 
           2865      1.04254e+8 
           2875      1.03763e+8 
           2885      1.03592e+8 
           2895      1.03341e+8 
           2910      1.02932e+8 
           2930      1.01145e+8 
           2950      1.00372e+8 
           2970      9.98957e+7 
           2990      9.88756e+7 
           3010      9.84184e+7 
           3030      9.75995e+7 
           3050      9.66962e+7 
           3070      9.57842e+7 
           3090      9.50455e+7 
           3110      9.41736e+7 
           3130       9.3297e+7 
           3150      9.25336e+7 
           3170      9.17708e+7 
           3190      9.07348e+7 
           3210      9.01414e+7 
           3230      8.92886e+7 
           3250      8.86852e+7 
           3270      8.80018e+7 
           3290      8.72797e+7 
           3310       8.6572e+7 
           3330      8.58104e+7 
           3350      8.50071e+7 
           3370      8.43096e+7 
           3390      8.36554e+7 
           3410      8.30236e+7 
           3430      8.23304e+7 
           3450      8.16761e+7 
           3470      8.09939e+7 
           3490      8.03343e+7 
           3510      7.96935e+7 
           3530       7.9053e+7 
           3550      7.84099e+7 
           3570      7.77733e+7 
           3590      7.71401e+7 
           3610       7.6519e+7 
           3630      7.58925e+7 
           3640       7.5587e+7 
           3650      7.63611e+7 
           3670      7.51059e+7 
           3690      7.40615e+7 
           3710      8.79987e+7 
           3730      1.05489e+8 
           3750      1.43167e+8 
           3770      1.45453e+8 
           3790      1.59023e+8 
           3810      1.72763e+8 
           3830      1.45913e+8 
           3850      1.78621e+8 
           3870      1.82676e+8 
           3890      1.35434e+8 
           3910      1.78566e+8 
           3930      1.76973e+8 
           3950      1.74052e+8 
           3970      1.27901e+8 
           3990      1.68505e+8 
           4010      1.68522e+8 
           4030      1.65392e+8 
           4050      1.64456e+8 
           4070        1.617e+8 
           4090      1.49641e+8 
           4110      1.23373e+8 
           4130      1.54439e+8 
           4150      1.53426e+8 
           4170      1.51603e+8 
           4190      1.49665e+8 
           4210      1.47696e+8 
           4230      1.45741e+8 
           4250      1.43828e+8 
           4270      1.41938e+8 
           4290      1.40067e+8 
           4310      1.37655e+8 
           4330      1.23846e+8 
           4350      1.08749e+8 
           4370      1.32216e+8 
           4390      1.30793e+8 
           4410      1.29575e+8 
           4430      1.27864e+8 
           4450      1.26293e+8 
           4470      1.23964e+8 
           4490      1.22621e+8 
           4510      1.21533e+8 
           4530      1.20001e+8 
           4550      1.18455e+8 
           4570       1.1702e+8 
           4590      1.15543e+8 
           4610      1.14132e+8 
           4630      1.12692e+8 
           4650      1.11319e+8 
           4670      1.09943e+8 
           4690      1.08593e+8 
           4710      1.07083e+8 
           4730      1.05947e+8 
           4750      1.04653e+8 
           4770      1.03385e+8 
           4790      1.02131e+8 
           4810      1.00853e+8 
           4830      9.91751e+7 
           4850      9.08651e+7 
           4870       7.7057e+7 
           4890      9.53683e+7 
           4910      9.48836e+7 
           4930      9.36147e+7 
           4950      9.27552e+7 
           4970      9.16609e+7 
           4990      9.05811e+7 
           5010      8.93431e+7 
           5030      8.84657e+7 
           5050       8.7304e+7 
           5070      8.64187e+7 
           5090      8.54167e+7 
           5110      8.44262e+7 
           5130      8.34543e+7 
           5150       8.2492e+7 
           5170      8.15252e+7 
           5190      8.06044e+7 
           5210      7.96897e+7 
           5230      7.87784e+7 
           5250      7.78923e+7 
           5270      7.69997e+7 
           5290      7.61426e+7 
           5310      7.52788e+7 
           5330      7.44418e+7 
           5350      7.36085e+7 
           5370      7.27882e+7 
           5390       7.1978e+7 
           5410      7.11791e+7 
           5430      7.03899e+7 
           5450      6.96155e+7 
           5470      6.88493e+7 
           5490      6.80948e+7 
           5510      6.73495e+7 
           5530      6.66156e+7 
           5550      6.58917e+7 
           5570      6.51765e+7 
           5590      6.44723e+7 
           5610      6.37764e+7 
           5630      6.30911e+7 
           5650      6.24128e+7 
           5670      6.17447e+7 
           5690      6.10869e+7 
           5710      6.04378e+7 
           5730      5.97964e+7 
           5750      5.91635e+7 
           5770       5.8539e+7 
           5790      5.79218e+7 
           5810      5.73139e+7 
           5830      5.67141e+7 
           5850      5.61211e+7 
           5870       5.5302e+7 
           5890      5.49596e+7 
           5910      5.43898e+7 
           5930      5.38286e+7 
           5950      5.32705e+7 
           5970      5.27249e+7 
           5990      5.21813e+7 
           6010       5.1651e+7 
           6030      5.11245e+7 
           6050      5.06049e+7 
           6070       5.0092e+7 
           6090      4.95848e+7 
           6110      4.90851e+7 
           6130      4.85909e+7 
           6150      4.80991e+7 
           6170      4.76225e+7 
           6190      4.71471e+7 
           6210      4.66778e+7 
           6230      4.62136e+7 
           6250      4.57534e+7 
           6270      4.53039e+7 
           6290      4.48572e+7 
           6310      4.44162e+7 
           6330      4.39809e+7 
           6350      4.35127e+7 
           6370      4.31081e+7 
           6390      4.27058e+7 
           6410      4.22912e+7 
           6430      4.18818e+7 
           6450      4.14749e+7 
           6470      4.10776e+7 
           6490      4.06826e+7 
           6510      4.02374e+7 
           6530      3.96759e+7 
           6550       3.7482e+7 
           6570      3.15637e+7 
           6590      3.83035e+7 
           6610       3.8298e+7 
           6630      3.80493e+7 
           6650      3.76913e+7 
           6670      3.73123e+7 
           6690      3.69641e+7 
           6710      3.66412e+7 
           6730       3.6299e+7 
           6750       3.5961e+7 
           6770      3.56272e+7 
           6790      3.52967e+7 
           6810       3.4971e+7 
           6830      3.46478e+7 
           6850      3.43294e+7 
           6870       3.4014e+7 
           6890      3.37026e+7 
           6910      3.33949e+7 
           6930      3.30903e+7 
           6950      3.27894e+7 
           6970      3.24921e+7 
           6990      3.21985e+7 
           7010      3.19077e+7 
           7030      3.16205e+7 
           7050      3.13359e+7 
           7070      3.10293e+7 
           7090       3.0778e+7 
           7110       3.0503e+7 
           7130      3.02321e+7 
           7150       2.9963e+7 
           7170      2.96978e+7 
           7190      2.94352e+7 
           7210      2.91757e+7 
           7230      2.89187e+7 
           7250      2.86648e+7 
           7270      2.84139e+7 
           7290      2.81604e+7 
           7310      2.79198e+7 
           7330      2.76772e+7 
           7350      2.74368e+7 
           7370      2.71993e+7 
           7390      2.69647e+7 
           7410      2.67322e+7 
           7430      2.65018e+7 
           7450      2.62742e+7 
           7470      2.60493e+7 
           7490      2.58271e+7 
           7510      2.56069e+7 
           7530      2.53893e+7 
           7550      2.51737e+7 
           7570      2.49606e+7 
           7590      2.47495e+7 
           7610      2.45408e+7 
           7630      2.43347e+7 
           7650      2.41304e+7 
           7670      2.39279e+7 
           7690      2.37284e+7 
           7710        2.353e+7 
           7730       2.3334e+7 
           7750      2.31404e+7 
           7770      2.29153e+7 
           7790      2.27587e+7 
           7810      2.25706e+7 
           7830      2.23848e+7 
           7850      2.22006e+7 
           7870      2.20161e+7 
           7890      2.18314e+7 
           7910      2.16603e+7 
           7930      2.14841e+7 
           7950      2.13088e+7 
           7970      2.11368e+7 
           7990      2.09626e+7 
           8010      2.07958e+7 
           8030      2.06281e+7 
           8050      2.04624e+7 
           8070       2.0298e+7 
           8090      2.01356e+7 
           8110      1.99746e+7 
           8130      1.98148e+7 
           8150       1.9657e+7 
           8170      1.95011e+7 
           8190      1.93464e+7 
           8210      1.92752e+7 
           8230      1.91316e+7 
           8250      1.89941e+7 
           8270      1.88555e+7 
           8290       1.8712e+7 
           8310      1.85571e+7 
           8330      1.83726e+7 
           8350      1.81993e+7 
           8370      1.79231e+7 
           8390       1.7765e+7 
           8410       1.7556e+7 
           8430      1.76763e+7 
           8450      1.76207e+7 
           8470      1.68024e+7 
           8490      1.80258e+7 
           8510      1.65398e+7 
           8530      1.81719e+7 
           8550      1.59849e+7 
           8570      1.83438e+7 
           8590      1.71036e+7 
           8610      1.66172e+7 
           8630      1.85454e+7 
           8650      1.81405e+7 
           8670      1.51641e+7 
           8690       1.8352e+7 
           8710      1.84754e+7 
           8730      1.80943e+7 
           8750      1.47183e+7 
           8770      1.74452e+7 
           8790       1.7929e+7 
           8810      1.78303e+7 
           8830       1.7636e+7 
           8850      1.66791e+7 
           8870      1.42462e+7 
           8890      1.70832e+7 
           8910      1.71509e+7 
           8930      1.70689e+7 
           8950      1.69434e+7 
           8970      1.67658e+7 
           8990      1.64885e+7 
           9010      1.39234e+7 
           9030      1.51429e+7 
           9050      1.61911e+7 
           9070      1.61573e+7 
           9090      1.60594e+7 
           9110      1.59413e+7 
           9130      1.58209e+7 
           9150      1.57023e+7 
           9170      1.55774e+7 
           9190      1.54044e+7 
           9210      1.50001e+7 
           9230       1.2281e+7 
           9250      1.46095e+7 
           9270      1.49187e+7 
           9290      1.48895e+7 
           9310      1.47873e+7 
           9330       1.4679e+7 
           9350      1.45706e+7 
           9370       1.4463e+7 
           9390      1.43566e+7 
           9410      1.42484e+7 
           9430      1.41465e+7 
           9450      1.40428e+7 
           9470      1.39386e+7 
           9490      1.38264e+7 
           9510      1.36645e+7 
           9530      1.31804e+7 
           9550      1.09885e+7 
           9570      1.31272e+7 
           9590       1.3288e+7 
           9610      1.32393e+7 
           9630       1.3147e+7 
           9650      1.30573e+7 
           9670      1.29635e+7 
           9690      1.28707e+7 
           9710      1.27786e+7 
           9730      1.26875e+7 
           9750      1.25971e+7 
           9770      1.25077e+7 
           9790      1.24189e+7 
           9810      1.23307e+7 
           9830      1.22436e+7 
           9850       1.2157e+7 
           9870      1.20714e+7 
           9890      1.19861e+7 
           9910      1.19021e+7 
           9930      1.18186e+7 
           9950      1.17358e+7 
           9970      1.16539e+7 
           9990      1.15654e+7 
          10025      1.10098e+7 
          10075      1.05271e+7 
          10125      1.10348e+7 
          10175      1.08535e+7 
          10225      1.06687e+7 
          10275      1.04877e+7 
          10325        1.031e+7 
          10375      1.01374e+7 
          10425      9.96795e+6 
          10475       9.8016e+6 
          10525      9.63898e+6 
          10575      9.47966e+6 
          10625      9.32358e+6 
          10675      9.16999e+6 
          10725      9.02082e+6 
          10775      8.87435e+6 
          10825       8.7199e+6 
          10875      8.57651e+6 
          10925      7.74161e+6 
          10975      8.16759e+6 
          11025      8.18232e+6 
          11075      8.05454e+6 
          11125      7.92721e+6 
          11175      7.80244e+6 
          11225      7.68016e+6 
          11275      7.55915e+6 
          11325      7.44203e+6 
          11375      7.32725e+6 
          11425      7.21419e+6 
          11475      7.10339e+6 
          11525      6.99453e+6 
          11575      6.88783e+6 
          11625      6.78327e+6 
          11675      6.68052e+6 
          11725      6.57982e+6 
          11775      6.48086e+6 
          11825      6.38414e+6 
          11875      6.28881e+6 
          11925      6.19566e+6 
          11975      6.10331e+6 
          12025      6.01384e+6 
          12075      5.92564e+6 
          12125      5.83894e+6 
          12175      5.75372e+6 
          12225       5.6702e+6 
          12275       5.5881e+6 
          12325      5.50739e+6 
          12375      5.42829e+6 
          12425      5.35077e+6 
          12475      5.27431e+6 
          12525      5.19939e+6 
          12575      5.12572e+6 
          12625      5.05329e+6 
          12675      4.98232e+6 
          12725       4.9123e+6 
          12775       4.8109e+6 
          12825      4.37149e+6 
          12875      4.69123e+6 
          12925      4.64508e+6 
          12975      4.58116e+6 
          13025      4.51852e+6 
          13075       4.4567e+6 
          13125      4.39591e+6 
          13175      4.33613e+6 
          13225      4.27755e+6 
          13275      4.21995e+6 
          13325      4.16331e+6 
          13375      4.10739e+6 
          13425       4.0526e+6 
          13475      3.99872e+6 
          13525      3.94573e+6 
          13575      3.89362e+6 
          13625      3.84237e+6 
          13675      3.79196e+6 
          13725      3.74218e+6 
          13775      3.69343e+6 
          13825      3.64547e+6 
          13875      3.59831e+6 
          13925      3.55172e+6 
          13975       3.5061e+6 
          14025      3.46103e+6 
          14075       3.4169e+6 
          14125      3.37331e+6 
          14175      3.33043e+6 
          14225      3.28825e+6 
          14275      3.24677e+6 
          14325      3.20597e+6 
          14375      3.16566e+6 
          14425        3.126e+6 
          14475      3.08719e+6 
          14525      3.04883e+6 
          14570      3.01476e+6 
          14620      2.98289e+6 
          14675      2.94343e+6 
          14725      2.90801e+6 
          14775      2.87318e+6 
          14825      2.83875e+6 
          14875      2.80437e+6 
          14925      2.76988e+6 
          14975      2.73529e+6 
          15025      2.69893e+6 
          15075      2.66464e+6 
          15125       2.6296e+6 
          15175      2.59806e+6 
          15225      2.58168e+6 
          15275       2.5225e+6 
          15325      2.49452e+6 
          15375      2.49569e+6 
          15425      2.41605e+6 
          15475      2.44655e+6 
          15525      2.42691e+6 
          15575      2.30823e+6 
          15625      2.39841e+6 
          15675      2.32641e+6 
          15725      2.23592e+6 
          15775       2.3288e+6 
          15825      2.30297e+6 
          15875      2.11538e+6 
          15925      2.23804e+6 
          15975      2.24059e+6 
          16050      2.19016e+6 
          16150      2.06837e+6 
          16250      2.11546e+6 
          16350      2.04555e+6 
          16450      1.93514e+6 
          16550      1.97688e+6 
          16650      1.93323e+6 
          16750      1.86953e+6 
          16850      1.77164e+6 
          16950      1.80928e+6 
          17050      1.77024e+6 
          17150      1.73223e+6 
          17250      1.69448e+6 
          17350      1.57676e+6 
          17450      1.61949e+6 
          17550      1.58996e+6 
          17650      1.55675e+6 
          17750      1.52432e+6 
          17850      1.49274e+6 
          17950      1.46201e+6 
          18050      1.43175e+6 
          18150       1.3387e+6 
          18250      1.36626e+6 
          18350      1.34671e+6 
          18450      1.31965e+6 
          18550      1.29331e+6 
          18650      1.26648e+6 
          18750       1.1856e+6 
          18850       1.2161e+6 
          18950      1.19428e+6 
          19050      1.17098e+6 
          19150       1.1483e+6 
          19250      1.12613e+6 
          19350      1.10305e+6 
          19450      1.03199e+6 
          19550      1.06138e+6 
          19650       1.0427e+6 
          19750      1.02309e+6 
          19850      1.00392e+6 
          19950          985170 
          20050          966933 
          20150          949009 
          20250          931574 
          20350          914527 
          20450          897839 
          20550          881540 
          20650          865628 
          20750          850060 
          20850          834845 
          20950          819968 
          21050          805419 
          21150          791193 
          21250          777290 
          21350          763678 
          21450          750368 
          21550          736533 
          21650          691744 
          21750          710125 
          21850          699947 
          21950          688016 
          22050          676335 
          22150          664905 
          22250          653707 
          22350          642749 
          22450          632020 
          22550          621515 
          22650          611230 
          22750          601151 
          22850          591752 
          22950          582150 
          23050          572749 
          23150          563538 
          23250          554498 
          23350          545641 
          23450          536921 
          23550          528356 
          23650          519903 
          23750          511647 
          23850          503491 
          23950          495486 
          24050          487414 
          24150          479284 
          24250          473322 
          24350          464505 
          24450          456668 
          24550          451917 
          24650          443186 
          24750          436586 
          24850          433513 
          24950          418304 
          25050          420813 
          25150          414828 
          25250          397657 
          25350          402347 
          25450          397370 
          25550          390815 
          25650          372422 
          25750          380012 
          25850          375121 
          25950          369696 
          26050          362227 
          26150          344665 
          26250          337293 
          26350          347863 
          26450          344812 
          26550          339889 
          26650          334033 
          26750          314772 
          26850          324581 
          26950          321025 
          27050          316520 
          27150          312092 
          27250          307740 
          27350          303460 
          27450          298973 
          27550          283172 
          27650          287631 
          27750          287074 
          27850          283156 
          27950          279305 
          28050          275512 
          28150          271790 
          28250          268127 
          28350          264528 
          28450          260987 
          28550          257503 
          28650          252316 
          28750          239607 
          28850          247024 
          28950          244147 
          29050          240947 
          29150          237798 
          29250          234696 
          29350          231647 
          29450          228648 
          29550          225700 
          29650          222796 
          29750          219939 
          29850          217128 
          29950          214361 
          30050          211640 
          30150          208962 
          30250          206182 
          30350          196965 
          30450          197656 
          30550          198621 
          30650          196184 
          30750          193747 
          30850          191349 
          30950          188990 
          31050          186661 
          31150          184373 
          31250          182115 
          31350          179897 
          31450          177707 
          31550          175557 
          31650          173434 
          31750          171345 
          31850          169287 
          31950          167258 
          32100          164276 
          32300          160400 
          32500          156637 
          32700          152983 
          32900          145591 
          33100          145172 
          33300          142393 
          33500          139184 
          33700          136051 
          33900          133002 
          34100          130037 
          34300          127148 
          34500          124342 
          34700          121611 
          34900          118944 
          35100          116366 
          35300          113857 
          35500          111361 
          35700          108920 
          35900          106833 
          36100          104265 
          36300          102416 
          36500           99823 
          36700         98256.9 
          36900         95520.8 
          37100         94217.3 
          37300         91411.6 
          37500         88312.1 
          37700         88628.7 
          37900         86893.2 
          38100         84426.2 
          38300         82950.9 
          38500           81827 
          38700         80221.2 
          38900         78564.4 
          39100         75729.8 
          39300         75665.9 
          39500         74259.3 
          39700         72819.8 
          39900         71414.9 
          40100         69394.6 
          40300         67638.2 
          40500         65981.9 
          40700         66076.4 
          40900           64880 
          41100         63665.8 
          41300         62476.4 
          41500         61276.4 
          41700         58727.1 
          41900           59024 
          42100         57994.8 
          42300         56938.2 
          42500         55905.1 
          42700           54895 
          42900         53907.4 
          43100         52941.8 
          43300         51999.7 
          43500         51074.7 
          43700         49101.1 
          43900           49077 
          44100         48429.5 
          44300         47584.3 
          44500         46759.9 
          44700         46014.4 
          44900         45162.5 
          45100         44390.5 
          45300         43634.1 
          45500         42894.7 
          45700         42168.3 
          45900         41456.5 
          46100         40757.2 
          46300         40047.3 
          46500         38504.9 
          46700         37788.9 
          46900           38041 
          47100         37492.8 
          47300         36886.7 
          47500         36287.9 
          47700         35701.1 
          47900         35122.8 
          48100         34557.8 
          48300         34007.4 
          48500         33456.8 
          48700         32931.6 
          48900         32402.8 
          49100         31900.3 
          49300         31384.7 
          49500         30916.3 
          49700           30395 
          49900         29964.2 
          50100         29494.3 
          50300         28992.2 
          50500         28633.1 
          50700         28180.4 
          50900         27649.7 
          51100         27263.4 
          51300         26275.4 
          51500         26463.7 
          51700         25984.5 
          51900         25737.1 
          52100         25376.1 
          52300         24999.2 
          52500         24565.8 
          52700         24094.9 
          52900         23910.3 
          53100         23560.9 
          53300         23217.3 
          53500         22879.5 
          53700         22402.4 
          53900         22091.2 
          54100         21903.7 
          54300         21590.6 
          54500         21282.8 
          54700         20980.1 
          54900         20682.6 
          55100         20339.1 
          55300         19847.3 
          55500         19818.3 
          55700         19545.1 
          55900         19272.8 
          56100         19006.4 
          56300         18743.2 
          56500         18485.7 
          56700         18231.3 
          56900         17968.4 
          57100         17433.7 
          57300         17468.2 
          57500         17259.2 
          57700         17025.5 
          57900         16796.8 
          58100           16572 
          58300         16349.9 
          58500         16127.1 
          58700         15910.2 
          58900         15667.7 
          59100         15140.1 
          59300         15264.2 
          59500         14835.1 
          59700         14811.9 
          59900         14701.6 
          60100         14539.3 
          60300         14351.8 
          60500         14166.5 
          60700         13984.4 
          60900         13805.3 
          61100         13629.3 
          61300         13455.3 
          61500         13284.3 
          61700         13117.1 
          61900         12950.9 
          62100         12788.5 
          62300         12627.9 
          62500           12470 
          62700         12278.5 
          62900         11881.6 
          63100         11962.5 
          63300         11861.6 
          63500         11717.9 
          63700         11573.8 
          63900         11432.3 
          64200         11224.3 
          64600         10953.9 
          65000           10692 
          65400         10437.4 
          65800         10190.8 
          66200         9947.68 
          66600         9717.29 
          67000         9490.83 
          67400         9256.61 
          67800         8940.36 
          68200         8839.85 
          68600            8653 
          69000         8457.22 
          69400         8252.07 
          69800         8082.76 
          70200         7903.76 
          70600         7729.05 
          71000         7539.82 
          71400         7394.24 
          71800         7233.67 
          72200         7077.43 
          72600          6901.8 
          73000          6774.2 
          73400         6633.23 
          73800          6492.9 
          74200         6351.04 
          74600          6137.7 
          75000         5956.88 
          75400         5954.48 
          75800         5845.31 
          76200         5725.65 
          76600         5609.05 
          77000          5495.4 
          77400         5384.09 
          77800         5235.82 
          78200         5170.26 
          78600          5068.5 
          79000         4968.29 
          79400         4870.55 
          79800         4775.23 
          80200          4682.2 
          80600         4591.48 
          81000          4502.9 
          81400         4381.25 
          81800         4322.07 
          82200         4249.67 
          82600         4169.24 
          83000         4090.71 
          83400         4014.03 
          83800          3939.1 
          84200         3865.95 
          84600         3794.48 
          85000         3724.64 
          85400         3656.41 
          85800          3589.7 
          86200         3524.52 
          86600          3420.7 
          87000         3395.39 
          87400         3313.49 
          87800         3255.27 
          88200            3220 
          88600         3163.06 
          89000         3107.44 
          89400         3053.01 
          89800         2999.76 
          90200         2947.61 
          90600         2895.48 
          91000         2846.78 
          91400         2797.98 
          91800         2750.22 
          92200         2703.41 
          92600         2653.35 
          93000         2612.84 
          93400         2569.01 
          93800         2496.45 
          94200         2478.13 
          94600         2442.82 
          95000         2399.88 
          95400         2359.31 
          95800         2324.34 
          96200          2286.4 
          96600          2249.3 
          97000         2212.89 
          97400         2177.24 
          97800         2142.29 
          98200         2106.48 
          98600         2068.38 
          99000         2041.63 
          99400         2009.37 
          99800         1977.75 
         100200         1946.79 
         200000         125.583 
         400000         7.90284 
         600000         1.55903 
         800000        0.491791 
         1.0e+6        0.200793 
         1.2e+6         0.09655 
         1.4e+6        0.051981 
         1.6e+6       0.0304032 
