# Kurucz ODFNEW /NOVER (2003)
# teff = 7250 K (value for the effective temperature for the model. Temperatures are given in K)
# logg = 5 log(cm/s2) (value for Log(G) for the model.)
# meta = -1  (value for the Metallicity for the model.)
# lh = 1.25  (l/Hp where l is the  mixing length of the convective element and Hp is the pressure scale height)
# vtur = 2 km/s (Microturbulence velocity)
# alpha = 0.4  (Alpha)
#
# column 1: WAVELENGTH (ANGSTROM), Wavelength in Angstrom
# column 2: FLUX (ERG/CM2/S/A), Flux in erg/cm2/s/A
          226.8     2.92049e-42 
            230     1.58483e-41 
            234     1.22446e-40 
            240     2.30498e-39 
          246.5     4.69388e-38 
          252.4     6.29974e-37 
          256.8     4.03161e-36 
            260     1.49287e-35 
            264     7.32151e-35 
          268.5     4.12435e-34 
          273.5      2.6259e-33 
          278.5     1.56254e-32 
            284     1.02968e-31 
            290     7.39483e-31 
            296      4.8781e-30 
            301     2.21653e-29 
            308     1.69199e-28 
            318     2.62255e-27 
            328     3.41239e-26 
            338     3.78266e-25 
            348     3.62812e-24 
            357     2.47396e-23 
            366     1.52957e-22 
            375     8.61394e-22 
            385     5.31856e-21 
            395     2.97641e-20 
            405      1.5221e-19 
            414     6.15727e-19 
            422     2.02092e-18 
            430     6.32799e-18 
            441     2.82856e-17 
            451     1.03057e-16 
            460     3.13437e-16 
            470     1.02278e-15 
            480     3.16377e-15 
            490     9.31782e-15 
            500     2.61691e-14 
            506     6.30418e-14 
            512     1.27233e-13 
            520     2.69938e-13 
            530      6.7252e-13 
            540      1.5887e-12 
            550     3.67302e-12 
            560     8.16972e-12 
            570     1.76201e-11 
            580     3.64915e-11 
            590     7.52074e-11 
            600     1.49279e-10 
            610     2.89072e-10 
            620     5.46581e-10 
            630      1.01059e-9 
            640      1.83003e-9 
            650      3.24736e-9 
            658      5.06634e-9 
            665      7.40118e-9 
            675      1.25333e-8 
            685      2.08603e-8 
            695      3.41504e-8 
            705      5.49709e-8 
            716      9.14017e-8 
            726      1.42793e-7 
            735      2.10902e-7 
            745      3.21258e-7 
            755      4.83237e-7 
            765       7.1815e-7 
            775      1.05469e-6 
            785      1.53211e-6 
            795      2.19317e-6 
            805      3.12685e-6 
            815      4.40618e-6 
            825      6.14557e-6 
            835      8.49394e-6 
            845      1.16349e-5 
            855      1.58025e-5 
            865      2.12854e-5 
            875      2.84221e-5 
            885      3.77237e-5 
            895      4.96647e-5 
            905      6.48976e-5 
            915       0.0662407 
            925        0.344185 
            935        0.495612 
            945        0.708299 
            955        0.979428 
            965         1.28373 
            975         1.42591 
            985         2.02835 
            995         2.48818 
           1005         3.25878 
           1015         3.93249 
           1025         4.08992 
           1035         6.02007 
           1045         7.66033 
           1055         9.23694 
           1065         11.2302 
           1075         13.9041 
           1085         17.1093 
           1095         20.2308 
           1105         44.0496 
           1115         96.0138 
           1125         124.426 
           1135         172.838 
           1145         207.272 
           1155         222.122 
           1165          265.76 
           1175         297.973 
           1185         301.604 
           1195         183.455 
           1205         139.203 
           1215         46.2214 
           1225         162.363 
           1235         379.267 
           1245         641.207 
           1255         930.591 
           1265         1099.26 
           1275         1451.69 
           1285            2005 
           1295         2379.63 
           1305         2657.86 
           1315         3268.78 
           1325         3825.61 
           1335         4291.04 
           1345         4982.59 
           1355         5400.95 
           1365         6264.11 
           1375          6883.1 
           1385         7500.71 
           1395         8418.23 
           1405         9206.09 
           1415         10435.5 
           1425         11240.7 
           1435         11962.6 
           1442         13524.7 
           1447         13736.6 
           1455         15253.5 
           1465         16002.1 
           1475         17625.9 
           1485         19077.1 
           1495         21182.6 
           1505         23258.8 
           1512         24528.7 
           1517         25347.9 
           1525         27548.1 
           1535         34442.8 
           1545         39765.3 
           1555         42267.1 
           1565         41393.4 
           1575         48432.5 
           1585         51917.1 
           1595         56902.8 
           1605         59695.5 
           1615           66556 
           1625         72911.3 
           1635         89391.4 
           1645          118116 
           1655          117287 
           1665          230232 
           1672          241932 
           1677          501466 
           1685          910236 
           1695          891581 
           1705      2.03759e+6 
           1715      3.88689e+6 
           1725      4.60222e+6 
           1735      6.45899e+6 
           1745      6.38542e+6 
           1755      8.24431e+6 
           1765      5.29403e+6 
           1775      7.54266e+6 
           1785      8.64253e+6 
           1795      1.01706e+7 
           1805      7.96271e+6 
           1815      8.33677e+6 
           1825      7.52616e+6 
           1835      8.57346e+6 
           1845      6.09458e+6 
           1855      7.85948e+6 
           1865      9.85726e+6 
           1875      9.61234e+6 
           1885      9.98498e+6 
           1895      1.03742e+7 
           1905      9.54866e+6 
           1915      1.11153e+7 
           1925      1.12288e+7 
           1935       8.7862e+6 
           1945      1.20467e+7 
           1955      1.22904e+7 
           1967      1.34243e+7 
           1976      1.26722e+7 
           1984      1.21022e+7 
           1995      1.24935e+7 
           2005      1.15277e+7 
           2015      1.21029e+7 
           2025       1.0341e+7 
           2035      1.29114e+7 
           2045       1.3825e+7 
           2055      1.33973e+7 
           2065      1.33836e+7 
           2074      1.51638e+7 
           2078      1.55836e+7 
           2085      1.51949e+7 
           2095      1.44914e+7 
           2105      1.37938e+7 
           2115      1.44452e+7 
           2125      1.39633e+7 
           2135      1.26328e+7 
           2145      1.47907e+7 
           2155      1.43934e+7 
           2165      1.32922e+7 
           2175       1.3273e+7 
           2185      1.46053e+7 
           2195      1.59175e+7 
           2205      1.51078e+7 
           2215      1.33976e+7 
           2225        1.432e+7 
           2235      1.66425e+7 
           2245      1.51476e+7 
           2255      1.40823e+7 
           2265      1.34941e+7 
           2275      1.46182e+7 
           2285       1.5601e+7 
           2295      1.40255e+7 
           2305      1.51223e+7 
           2315       1.5349e+7 
           2325      1.50319e+7 
           2335      1.38974e+7 
           2345      1.14546e+7 
           2355      1.53055e+7 
           2365      1.24013e+7 
           2375      1.42333e+7 
           2385      1.07835e+7 
           2395      1.24617e+7 
           2405       1.2312e+7 
           2415      1.23304e+7 
           2425      1.49407e+7 
           2435       1.4146e+7 
           2445      1.53691e+7 
           2455      1.53573e+7 
           2465      1.56378e+7 
           2475        1.423e+7 
           2485      1.37838e+7 
           2495      1.33728e+7 
           2505      1.59517e+7 
           2513      1.31115e+7 
           2518       1.1372e+7 
           2525      1.12251e+7 
           2535      1.09861e+7 
           2545      1.02671e+7 
           2555       1.2093e+7 
           2565      1.27216e+7 
           2575      1.54024e+7 
           2585       1.5858e+7 
           2595      1.56828e+7 
           2605       1.4741e+7 
           2615       1.3849e+7 
           2625       1.6462e+7 
           2635      1.69585e+7 
           2645      1.97061e+7 
           2655      2.05899e+7 
           2665      1.81755e+7 
           2675      1.92965e+7 
           2685      2.02155e+7 
           2695      1.78089e+7 
           2705      1.86892e+7 
           2715      1.69173e+7 
           2725      1.71647e+7 
           2735      1.82864e+7 
           2745      1.46886e+7 
           2755      1.59372e+7 
           2765      1.73547e+7 
           2775      1.80184e+7 
           2785      1.50517e+7 
           2795      5.97885e+6 
           2805       8.0129e+6 
           2815      1.86886e+7 
           2825      1.99906e+7 
           2835      1.96445e+7 
           2845      1.81178e+7 
           2855      1.33378e+7 
           2865      1.91632e+7 
           2875      1.93314e+7 
           2885      1.91275e+7 
           2895      1.93857e+7 
           2910       2.1385e+7 
           2930      2.04415e+7 
           2950      2.02947e+7 
           2970      2.08743e+7 
           2990      2.07279e+7 
           3010      2.08031e+7 
           3030      2.09942e+7 
           3050      2.11467e+7 
           3070      2.12114e+7 
           3090      2.11579e+7 
           3110      2.10039e+7 
           3130      2.11431e+7 
           3150       2.1377e+7 
           3170      2.14452e+7 
           3190      2.01491e+7 
           3210      2.07046e+7 
           3230      1.96704e+7 
           3250      2.07341e+7 
           3270      2.14456e+7 
           3290      2.16255e+7 
           3310      2.18546e+7 
           3330      2.13238e+7 
           3350      2.10425e+7 
           3370      2.07072e+7 
           3390      2.08845e+7 
           3410      2.08975e+7 
           3430      2.12274e+7 
           3450      2.09459e+7 
           3470      2.08844e+7 
           3490      2.09999e+7 
           3510      2.11759e+7 
           3530      2.08393e+7 
           3550      2.14732e+7 
           3570      2.05044e+7 
           3590      2.03093e+7 
           3610      2.04925e+7 
           3630      2.06178e+7 
           3640      2.03525e+7 
           3650      2.12306e+7 
           3670      2.11531e+7 
           3690      2.05033e+7 
           3710       2.0334e+7 
           3730      1.90443e+7 
           3750       2.1032e+7 
           3770      2.17001e+7 
           3790      2.44046e+7 
           3810      2.69206e+7 
           3830      2.19385e+7 
           3850      2.85143e+7 
           3870       3.0137e+7 
           3890      2.18204e+7 
           3910       3.0009e+7 
           3930       2.4748e+7 
           3950      2.98341e+7 
           3970      1.99213e+7 
           3990      3.02707e+7 
           4010      3.22819e+7 
           4030      3.22545e+7 
           4050       3.1939e+7 
           4070      3.09732e+7 
           4090      2.77658e+7 
           4110      2.30403e+7 
           4130      3.05789e+7 
           4150      3.12671e+7 
           4170      3.13513e+7 
           4190      3.09219e+7 
           4210      3.09008e+7 
           4230      3.01482e+7 
           4250      3.04575e+7 
           4270      3.01584e+7 
           4290      2.96424e+7 
           4310      2.80761e+7 
           4330      2.50344e+7 
           4350      2.22404e+7 
           4370      2.89261e+7 
           4390      2.91108e+7 
           4410      2.89694e+7 
           4430      2.89272e+7 
           4450      2.86982e+7 
           4470      2.87191e+7 
           4490      2.86937e+7 
           4510      2.88398e+7 
           4530      2.81507e+7 
           4550      2.80384e+7 
           4570      2.82878e+7 
           4590      2.79166e+7 
           4610      2.80348e+7 
           4630      2.77281e+7 
           4650      2.76347e+7 
           4670      2.76127e+7 
           4690      2.72561e+7 
           4710      2.65717e+7 
           4730       2.6989e+7 
           4750      2.68273e+7 
           4770       2.6631e+7 
           4790      2.63434e+7 
           4810      2.60319e+7 
           4830      2.53517e+7 
           4850      2.21145e+7 
           4870      1.87532e+7 
           4890      2.43632e+7 
           4910      2.50339e+7 
           4930      2.47863e+7 
           4950      2.48816e+7 
           4970      2.49868e+7 
           4990      2.45206e+7 
           5010      2.40686e+7 
           5030      2.44017e+7 
           5050       2.4129e+7 
           5070      2.41779e+7 
           5090      2.39606e+7 
           5110      2.38701e+7 
           5130      2.36056e+7 
           5150      2.32976e+7 
           5170      2.24722e+7 
           5190      2.23903e+7 
           5210      2.27128e+7 
           5230       2.2589e+7 
           5250       2.2819e+7 
           5270      2.19055e+7 
           5290       2.2451e+7 
           5310      2.23303e+7 
           5330       2.1675e+7 
           5350      2.19911e+7 
           5370      2.17531e+7 
           5390      2.16296e+7 
           5410       2.1273e+7 
           5430      2.13312e+7 
           5450      2.12295e+7 
           5470      2.11237e+7 
           5490      2.10025e+7 
           5510      2.09099e+7 
           5530       2.0717e+7 
           5550      2.07148e+7 
           5570      2.04485e+7 
           5590      2.01867e+7 
           5610      2.01507e+7 
           5630      2.01635e+7 
           5650      2.00199e+7 
           5670      1.98109e+7 
           5690      1.97464e+7 
           5710      1.95759e+7 
           5730      1.95588e+7 
           5750      1.93637e+7 
           5770      1.92716e+7 
           5790      1.91353e+7 
           5810      1.90306e+7 
           5830       1.8918e+7 
           5850      1.87459e+7 
           5870       1.8637e+7 
           5890      1.83054e+7 
           5910       1.8405e+7 
           5930      1.82864e+7 
           5950      1.81679e+7 
           5970      1.80559e+7 
           5990      1.79303e+7 
           6010      1.77966e+7 
           6030      1.76559e+7 
           6050      1.75857e+7 
           6070      1.74843e+7 
           6090      1.73504e+7 
           6110      1.72127e+7 
           6130      1.69783e+7 
           6150      1.69019e+7 
           6170      1.66926e+7 
           6190      1.67913e+7 
           6210      1.66912e+7 
           6230       1.6525e+7 
           6250      1.63374e+7 
           6270      1.63656e+7 
           6290      1.62664e+7 
           6310      1.61162e+7 
           6330      1.60164e+7 
           6350      1.58951e+7 
           6370      1.58001e+7 
           6390      1.57309e+7 
           6410      1.55677e+7 
           6430      1.54966e+7 
           6450      1.52738e+7 
           6470      1.51912e+7 
           6490      1.50369e+7 
           6510      1.49358e+7 
           6530      1.46041e+7 
           6550      1.33059e+7 
           6570      1.11199e+7 
           6590      1.40315e+7 
           6610      1.44183e+7 
           6630       1.4454e+7 
           6650      1.44141e+7 
           6670      1.43337e+7 
           6690      1.42793e+7 
           6710      1.41901e+7 
           6730      1.41092e+7 
           6750      1.39976e+7 
           6770      1.39323e+7 
           6790      1.38446e+7 
           6810      1.37512e+7 
           6830      1.36684e+7 
           6850      1.35718e+7 
           6870      1.34953e+7 
           6890      1.34123e+7 
           6910      1.33277e+7 
           6930      1.32422e+7 
           6950      1.31591e+7 
           6970      1.30767e+7 
           6990      1.29981e+7 
           7010      1.28765e+7 
           7030      1.28255e+7 
           7050      1.27528e+7 
           7070      1.26695e+7 
           7090      1.25936e+7 
           7110      1.24908e+7 
           7130      1.24238e+7 
           7150      1.23264e+7 
           7170      1.22555e+7 
           7190      1.21677e+7 
           7210      1.21032e+7 
           7230      1.20385e+7 
           7250      1.19643e+7 
           7270      1.18993e+7 
           7290      1.17887e+7 
           7310      1.17511e+7 
           7330      1.16604e+7 
           7350      1.16131e+7 
           7370      1.15425e+7 
           7390      1.14511e+7 
           7410        1.134e+7 
           7430      1.12947e+7 
           7450      1.12444e+7 
           7470      1.11829e+7 
           7490      1.11051e+7 
           7510      1.10447e+7 
           7530      1.09848e+7 
           7550       1.0924e+7 
           7570      1.08506e+7 
           7590      1.07863e+7 
           7610      1.07173e+7 
           7630      1.06586e+7 
           7650       1.0583e+7 
           7670      1.04933e+7 
           7690      1.04426e+7 
           7710      1.03917e+7 
           7730      1.03354e+7 
           7750      1.02571e+7 
           7770      1.01182e+7 
           7790      1.01564e+7 
           7810      1.00883e+7 
           7830      1.00209e+7 
           7850      9.95951e+6 
           7870       9.9047e+6 
           7890      9.84184e+6 
           7910      9.78671e+6 
           7930      9.68289e+6 
           7950      9.64198e+6 
           7970      9.61916e+6 
           7990      9.55395e+6 
           8010      9.49808e+6 
           8030      9.44031e+6 
           8050      9.38125e+6 
           8070      9.33481e+6 
           8090      9.27374e+6 
           8110      9.22405e+6 
           8130      9.17644e+6 
           8150      9.12012e+6 
           8170       9.0648e+6 
           8190      8.95823e+6 
           8210      8.92582e+6 
           8230      8.86747e+6 
           8250      8.82951e+6 
           8270      8.80944e+6 
           8290      8.75657e+6 
           8310      8.68611e+6 
           8330      8.61078e+6 
           8350      8.59552e+6 
           8370      8.55826e+6 
           8390       8.4886e+6 
           8410      8.45627e+6 
           8430      8.39551e+6 
           8450      8.31203e+6 
           8470      8.28595e+6 
           8490      8.23389e+6 
           8510       8.0142e+6 
           8530      8.14028e+6 
           8550      7.57298e+6 
           8570      8.09524e+6 
           8590      7.95854e+6 
           8610      7.88553e+6 
           8630      7.97852e+6 
           8650       7.8601e+6 
           8670       7.2355e+6 
           8690      7.76795e+6 
           8710      7.82965e+6 
           8730      7.70731e+6 
           8750      7.19286e+6 
           8770      7.57153e+6 
           8790      7.66876e+6 
           8810      7.60049e+6 
           8830      7.55934e+6 
           8850      7.28856e+6 
           8870      6.79222e+6 
           8890      7.37327e+6 
           8910      7.42373e+6 
           8930      7.39712e+6 
           8950      7.39326e+6 
           8970      7.32521e+6 
           8990      7.18032e+6 
           9010      6.45377e+6 
           9030      6.77773e+6 
           9050       7.1075e+6 
           9070      7.08993e+6 
           9090      7.02594e+6 
           9110      7.06548e+6 
           9130      7.06349e+6 
           9150      7.02004e+6 
           9170      6.96302e+6 
           9190      6.87565e+6 
           9210      6.62376e+6 
           9230      5.81061e+6 
           9250      6.47325e+6 
           9270      6.67726e+6 
           9290      6.73497e+6 
           9310      6.72128e+6 
           9330      6.69163e+6 
           9350      6.66777e+6 
           9370      6.63762e+6 
           9390      6.59827e+6 
           9410      6.44772e+6 
           9430      6.49708e+6 
           9450      6.46412e+6 
           9470      6.43433e+6 
           9490      6.37754e+6 
           9510      6.27909e+6 
           9530      6.02877e+6 
           9550      5.27365e+6 
           9570      6.01838e+6 
           9590      6.16043e+6 
           9610      6.16337e+6 
           9630      6.13739e+6 
           9650      6.13059e+6 
           9670      6.08471e+6 
           9690      6.07406e+6 
           9710      6.05746e+6 
           9730      6.02661e+6 
           9750      5.98289e+6 
           9770      5.96158e+6 
           9790      5.92938e+6 
           9810      5.90092e+6 
           9830      5.86719e+6 
           9850      5.83368e+6 
           9870      5.80271e+6 
           9890        5.755e+6 
           9910      5.73103e+6 
           9930      5.70644e+6 
           9950      5.67059e+6 
           9970      5.63232e+6 
           9990      5.58148e+6 
          10025      5.29217e+6 
          10075      5.08909e+6 
          10125      5.39394e+6 
          10175      5.34616e+6 
          10225        5.294e+6 
          10275      5.22975e+6 
          10325      5.15696e+6 
          10375      5.09443e+6 
          10425      5.03216e+6 
          10475      4.94303e+6 
          10525      4.90604e+6 
          10575      4.83483e+6 
          10625      4.76841e+6 
          10675      4.66467e+6 
          10725      4.64289e+6 
          10775      4.58433e+6 
          10825      4.50125e+6 
          10875      4.41981e+6 
          10925      3.96849e+6 
          10975      4.19014e+6 
          11025      4.29851e+6 
          11075      4.27698e+6 
          11125      4.22858e+6 
          11175      4.17664e+6 
          11225      4.13264e+6 
          11275      4.06406e+6 
          11325      4.02003e+6 
          11375      3.98186e+6 
          11425      3.92688e+6 
          11475      3.89445e+6 
          11525      3.84825e+6 
          11575      3.80186e+6 
          11625      3.74498e+6 
          11675      3.69721e+6 
          11725      3.67342e+6 
          11775      3.60208e+6 
          11825      3.56306e+6 
          11875      3.53018e+6 
          11925      3.50805e+6 
          11975      3.43311e+6 
          12025      3.41113e+6 
          12075      3.36796e+6 
          12125      3.34152e+6 
          12175      3.31286e+6 
          12225      3.27548e+6 
          12275      3.23235e+6 
          12325      3.20196e+6 
          12375      3.16507e+6 
          12425      3.12988e+6 
          12475      3.09637e+6 
          12525      3.05993e+6 
          12575      3.02445e+6 
          12625       2.9892e+6 
          12675      2.95182e+6 
          12725      2.90471e+6 
          12775      2.79938e+6 
          12825      2.45991e+6 
          12875      2.75719e+6 
          12925      2.78281e+6 
          12975      2.76655e+6 
          13025      2.74269e+6 
          13075      2.71646e+6 
          13125      2.68312e+6 
          13175      2.65216e+6 
          13225       2.6315e+6 
          13275      2.60124e+6 
          13325      2.57475e+6 
          13375      2.54816e+6 
          13425       2.5219e+6 
          13475      2.49555e+6 
          13525      2.46868e+6 
          13575      2.44154e+6 
          13625      2.41797e+6 
          13675      2.39145e+6 
          13725      2.36246e+6 
          13775      2.34117e+6 
          13825      2.31599e+6 
          13875       2.2964e+6 
          13925        2.271e+6 
          13975      2.24687e+6 
          14025      2.22379e+6 
          14075      2.20288e+6 
          14125      2.17787e+6 
          14175      2.15841e+6 
          14225      2.13228e+6 
          14275       2.1085e+6 
          14325      2.09307e+6 
          14375       2.0727e+6 
          14425      2.03446e+6 
          14475      2.03085e+6 
          14525      2.00065e+6 
          14570       1.9899e+6 
          14620      1.96927e+6 
          14675      1.95016e+6 
          14725      1.92843e+6 
          14775       1.9078e+6 
          14825      1.89118e+6 
          14875      1.85551e+6 
          14925      1.85679e+6 
          14975      1.83702e+6 
          15025      1.80212e+6 
          15075      1.79267e+6 
          15125      1.78364e+6 
          15175      1.76683e+6 
          15225      1.74664e+6 
          15275      1.73054e+6 
          15325      1.71301e+6 
          15375      1.69519e+6 
          15425      1.67345e+6 
          15475      1.66092e+6 
          15525       1.6454e+6 
          15575      1.62413e+6 
          15625      1.61638e+6 
          15675      1.59213e+6 
          15725      1.56984e+6 
          15775      1.55506e+6 
          15825       1.5487e+6 
          15875      1.49965e+6 
          15925      1.51283e+6 
          15975      1.50514e+6 
          16050      1.47429e+6 
          16150       1.4258e+6 
          16250      1.43066e+6 
          16350      1.37697e+6 
          16450      1.32085e+6 
          16550      1.34546e+6 
          16650       1.3179e+6 
          16750      1.25285e+6 
          16850      1.19139e+6 
          16950      1.23539e+6 
          17050      1.21427e+6 
          17150       1.1869e+6 
          17250      1.15047e+6 
          17350      1.03891e+6 
          17450      1.08997e+6 
          17550      1.09112e+6 
          17650      1.07159e+6 
          17750      1.05221e+6 
          17850      1.03078e+6 
          17950      1.00794e+6 
          18050          978483 
          18150          880782 
          18250          917260 
          18350          925896 
          18450          909346 
          18550          891006 
          18650          862945 
          18750          763162 
          18850          825773 
          18950          819840 
          19050          810549 
          19150          794751 
          19250          778046 
          19350          752045 
          19450          672940 
          19550          724061 
          19650          721413 
          19750          708804 
          19850          697751 
          19950          684602 
          20050          672720 
          20150          660715 
          20250          648216 
          20350          635402 
          20450          625509 
          20550          614227 
          20650          601949 
          20750          592311 
          20850          581868 
          20950          570876 
          21050          561631 
          21150          551490 
          21250          541765 
          21350          531999 
          21450          521629 
          21550          506765 
          21650          455309 
          21750          485359 
          21850          485527 
          21950          480300 
          22050          471645 
          22150          464402 
          22250          456911 
          22350          449332 
          22450          441907 
          22550          433618 
          22650          427213 
          22750          420350 
          22850          413151 
          22950          406747 
          23050          400489 
          23150          393978 
          23250          387767 
          23350          381516 
          23450          375577 
          23550          369643 
          23650          363870 
          23750          357887 
          23850          352256 
          23950          347041 
          24050          341595 
          24150          336208 
          24250          331154 
          24350          325942 
          24450          321088 
          24550          315784 
          24650          311373 
          24750          306556 
          24850          301196 
          24950          297207 
          25050          293157 
          25150          288818 
          25250          283899 
          25350          280257 
          25450          276157 
          25550          271824 
          25650          266656 
          25750          264118 
          25850          260009 
          25950          256454 
          26050          251435 
          26150          244034 
          26250          224421 
          26350          237902 
          26450          237948 
          26550          235090 
          26650          230953 
          26750          224939 
          26850          225059 
          26950          222826 
          27050          220167 
          27150          217179 
          27250          214177 
          27350          210866 
          27450          207263 
          27550          199755 
          27650          199629 
          27750          199215 
          27850          197117 
          27950          194648 
          28050          192017 
          28150          189443 
          28250          186901 
          28350          184427 
          28450          181755 
          28550          178838 
          28650          174467 
          28750          167599 
          28850          171151 
          28950          169890 
          29050          168070 
          29150          165873 
          29250          163666 
          29350          161652 
          29450          159548 
          29550          157538 
          29650          155526 
          29750          153529 
          29850          151597 
          29950          149646 
          30050          147717 
          30150          145657 
          30250          143135 
          30350          136283 
          30450          136629 
          30550          138041 
          30650          136849 
          30750          135363 
          30850          133655 
          30950          132014 
          31050          130415 
          31150          128539 
          31250          127254 
          31350          125719 
          31450          124205 
          31550          122605 
          31650          121260 
          31750          119750 
          31850          118364 
          31950          116967 
          32100          114853 
          32300          112193 
          32500          109572 
          32700          106840 
          32900          100627 
          33100          100983 
          33300         99596.9 
          33500         97484.7 
          33700         95272.9 
          33900         93129.2 
          34100         91042.2 
          34300         89093.3 
          34500         87278.4 
          34700         85358.5 
          34900         83498.4 
          35100         81705.6 
          35300         79932.8 
          35500         78242.5 
          35700         76540.7 
          35900         74927.3 
          36100         73370.9 
          36300         71829.9 
          36500         70247.4 
          36700         68801.4 
          36900         67252.5 
          37100           65867 
          37300         63421.4 
          37500         61618.9 
          37700         61950.2 
          37900         60820.8 
          38100         59519.5 
          38300         58370.5 
          38500         57282.7 
          38700         56138.8 
          38900         54997.8 
          39100         53783.6 
          39300         52915.6 
          39500         51876.5 
          39700         50903.4 
          39900         49890.3 
          40100         48784.8 
          40300         47765.9 
          40500         45533.7 
          40700         46092.5 
          40900         45354.5 
          41100         44530.6 
          41300         43707.2 
          41500         42842.9 
          41700         41733.2 
          41900         41286.4 
          42100         40537.9 
          42300         39858.6 
          42500         39136.1 
          42700         38435.6 
          42900         37748.5 
          43100         37074.5 
          43300         36411.3 
          43500         35750.7 
          43700         34721.9 
          43900         34367.2 
          44100         33903.1 
          44300         33332.8 
          44500         32761.8 
          44700         32222.3 
          44900         31668.7 
          45100         31129.1 
          45300         30601.5 
          45500         30083.8 
          45700         29573.9 
          45900         29077.1 
          46100         28594.9 
          46300         28051.4 
          46500         26686.9 
          46700         26622.9 
          46900         26639.5 
          47100         26310.1 
          47300         25886.1 
          47500         25464.8 
          47700           25053 
          47900         24650.5 
          48100         24255.4 
          48300         23869.3 
          48500         23488.6 
          48700         23116.6 
          48900         22754.6 
          49100         22394.6 
          49300         22045.9 
          49500         21700.5 
          49700         21364.5 
          49900         21034.7 
          50100           20711 
          50300         20393.3 
          50500         20081.4 
          50700         19775.3 
          50900         19473.3 
          51100         19119.2 
          51300         18463.6 
          51500         18573.3 
          51700         18329.8 
          51900         18058.8 
          52100         17788.5 
          52300           17526 
          52500         17269.8 
          52700         17016.8 
          52900         16767.3 
          53100         16522.3 
          53300         16283.1 
          53500         16048.4 
          53700         15814.1 
          53900         15589.4 
          54100         15367.5 
          54300         15145.9 
          54500         14933.5 
          54700         14716.2 
          54900         14512.9 
          55100           14311 
          55300         14106.6 
          55500         13913.4 
          55700         13720.2 
          55900         13526.9 
          56100         13343.3 
          56300         13158.3 
          56500         12979.2 
          56700         12802.2 
          56900         12626.3 
          57100           12434 
          57300         12287.7 
          57500         12122.6 
          57700         11958.3 
          57900         11799.4 
          58100         11641.3 
          58300         11487.3 
          58500         11337.4 
          58700           11187 
          58900         11002.6 
          59100         10617.1 
          59300         10727.2 
          59500         10566.5 
          59700         10456.8 
          59900         10338.5 
          60100         10204.6 
          60300         10074.4 
          60500         9945.18 
          60700         9817.28 
          60900         9691.15 
          61100         9565.64 
          61300         9447.79 
          61500         9329.16 
          61700         9211.68 
          61900         9096.01 
          62100         8982.32 
          62300         8866.41 
          62500         8758.45 
          62700         8645.64 
          62900         8487.72 
          63100            8427 
          63300         8335.76 
          63500         8233.81 
          63700         8132.61 
          63900         8034.08 
          64200         7888.88 
          64600         7699.14 
          65000         7515.15 
          65400         7338.42 
          65800         7165.68 
          66200         6997.94 
          66600         6835.23 
          67000         6676.81 
          67400         6519.02 
          67800         6337.58 
          68200         6229.44 
          68600         6088.64 
          69000         5951.79 
          69400         5818.45 
          69800          5689.4 
          70200         5562.98 
          70600         5441.32 
          71000         5322.49 
          71400         5206.71 
          71800         5094.05 
          72200         4984.21 
          72600         4877.62 
          73000         4774.12 
          73400         4672.65 
          73800         4574.62 
          74200         4478.01 
          74600         4313.95 
          75000         4210.86 
          75400         4200.76 
          75800         4119.76 
          76200         4035.68 
          76600         3953.77 
          77000         3873.85 
          77400         3796.06 
          77800         3720.09 
          78200         3646.09 
          78600         3573.95 
          79000         3503.51 
          79400         3434.83 
          79800         3367.77 
          80200         3302.39 
          80600         3238.44 
          81000         3176.33 
          81400         3113.52 
          81800         3055.84 
          82200         2998.24 
          82600         2941.72 
          83000         2886.47 
          83400         2832.37 
          83800          2779.8 
          84200         2728.32 
          84600         2678.05 
          85000         2628.92 
          85400          2580.9 
          85800         2533.96 
          86200         2488.09 
          86600         2439.09 
          87000         2399.44 
          87400         2344.04 
          87800          2302.3 
          88200         2273.72 
          88600         2233.61 
          89000         2194.41 
          89400         2156.15 
          89800         2118.53 
          90200            2082 
          90600         2046.13 
          91000         2010.94 
          91400         1976.51 
          91800            1943 
          92200         1910.05 
          92600         1877.81 
          93000         1846.27 
          93400         1815.34 
          93800         1779.59 
          94200         1754.32 
          94600         1726.47 
          95000         1698.06 
          95400         1670.19 
          95800         1642.97 
          96200         1616.23 
          96600         1590.07 
          97000         1564.45 
          97400         1539.24 
          97800         1514.66 
          98200         1490.51 
          98600         1466.89 
          99000         1443.69 
          99400         1420.96 
          99800         1398.66 
         100200         1376.82 
         200000         89.3678 
         400000         5.63069 
         600000         1.10926 
         800000        0.349446 
         1.0e+6        0.142494 
         1.2e+6       0.0684287 
         1.4e+6       0.0367945 
         1.6e+6       0.0214927 
