# Kurucz ODFNEW /NOVER (2003)
# teff = 12000 K (value for the effective temperature for the model. Temperatures are given in K)
# logg = 5 log(cm/s2) (value for Log(G) for the model.)
# meta = -1  (value for the Metallicity for the model.)
# lh = 1.25  (l/Hp where l is the  mixing length of the convective element and Hp is the pressure scale height)
# vtur = 2 km/s (Microturbulence velocity)
# alpha = 0.4  (Alpha)
#
# column 1: WAVELENGTH (ANGSTROM), Wavelength in Angstrom
# column 2: FLUX (ERG/CM2/S/A), Flux in erg/cm2/s/A
            205     3.15942e-23 
          210.5     3.67579e-22 
          216.2     2.83451e-21 
          219.8     9.68335e-21 
            223     2.77844e-20 
          226.8      9.3878e-20 
            230     2.54574e-19 
            234     8.49148e-19 
            240     4.81409e-18 
          246.5     2.87757e-17 
          252.4     1.34948e-16 
          256.8     4.08416e-16 
            260     8.93005e-16 
            264     2.31326e-15 
          268.5     6.51012e-15 
          273.5     1.97465e-14 
          278.5     5.77318e-14 
            284     1.79663e-13 
            290     5.89956e-13 
            296     1.84198e-12 
            301     4.60553e-12 
            308     1.57838e-11 
            318     8.33824e-11 
            328     3.97761e-10 
            338      1.72602e-9 
            348      6.88201e-9 
            357      2.23483e-8 
            366       6.8396e-8 
            375      1.97895e-7 
            385      6.07393e-7 
            395      1.75694e-6 
            405      4.81819e-6 
            414      1.14444e-5 
            422      2.39005e-5 
            430      4.84736e-5 
            441     0.000123049 
            451     0.000275119 
            460     0.000550085 
            470      0.00115004 
            480      0.00232758 
            490      0.00457285 
            500      0.00872746 
            506       0.0224917 
            512       0.0389183 
            520       0.0611962 
            530        0.106709 
            540        0.178158 
            550        0.298806 
            560        0.485315 
            570        0.774771 
            580          1.1985 
            590         1.87315 
            600          2.8464 
            610         4.26359 
            620         6.29179 
            630         9.16718 
            640         13.1754 
            650         18.7402 
            658           24.62 
            665         31.0686 
            675         42.9345 
            685         58.7376 
            695         79.5848 
            705          106.76 
            716         146.016 
            726         192.383 
            735         244.786 
            745         317.558 
            755         408.852 
            765         522.429 
            775         663.169 
            785         836.022 
            795         1046.22 
            805         1303.04 
            815          1612.3 
            825         1983.21 
            835         2418.99 
            845         2951.74 
            855         3572.67 
            865         4303.75 
            875         5156.24 
            885         6154.85 
            895         7310.49 
            905         8626.79 
            915           20252 
            925         75990.9 
            935          119273 
            945          218771 
            955          439464 
            965          645909 
            975          323053 
            985      6.37263e+6 
            995      4.00921e+7 
           1005      3.30995e+7 
           1015      2.98103e+6 
           1025          437248 
           1035      2.27242e+6 
           1045      4.23604e+7 
           1055      1.69389e+8 
           1065      2.44669e+8 
           1075      3.34081e+8 
           1085      3.73649e+8 
           1095      3.80461e+8 
           1105      3.92364e+8 
           1115      4.67902e+8 
           1125      4.73939e+8 
           1135      5.06946e+8 
           1145       4.5882e+8 
           1155      4.32242e+8 
           1165      4.15499e+8 
           1175      3.18001e+8 
           1185      1.72361e+8 
           1195        1.828e+7 
           1205       4.3183e+6 
           1215      1.47349e+6 
           1225      3.94899e+6 
           1235      2.38011e+7 
           1245      1.29498e+8 
           1255      2.73896e+8 
           1265       2.9741e+8 
           1275      4.36884e+8 
           1285      5.22262e+8 
           1295      5.04567e+8 
           1305      3.75264e+8 
           1315      5.36633e+8 
           1325      5.58048e+8 
           1335      5.54179e+8 
           1345      5.84912e+8 
           1355      5.47071e+8 
           1365      5.25821e+8 
           1375      5.40777e+8 
           1385      5.33919e+8 
           1395      5.30047e+8 
           1405      5.46193e+8 
           1415      5.43543e+8 
           1425      5.49893e+8 
           1435      5.19588e+8 
           1442      5.55429e+8 
           1447      5.59496e+8 
           1455      5.56653e+8 
           1465      5.40267e+8 
           1475      5.21019e+8 
           1485      5.13496e+8 
           1495      5.27095e+8 
           1505      5.23241e+8 
           1512      5.13348e+8 
           1517      5.29778e+8 
           1525      5.01377e+8 
           1535       4.8927e+8 
           1545      5.16305e+8 
           1555        4.765e+8 
           1565      4.36452e+8 
           1575      4.64491e+8 
           1585      4.79567e+8 
           1595      4.86723e+8 
           1605      4.67163e+8 
           1615      4.66307e+8 
           1625      4.34192e+8 
           1635      4.41848e+8 
           1645      4.45556e+8 
           1655      4.09158e+8 
           1665      4.39604e+8 
           1672      4.10327e+8 
           1677      4.21413e+8 
           1685      4.34273e+8 
           1695      4.12707e+8 
           1705      4.07038e+8 
           1715      4.05904e+8 
           1725      4.00579e+8 
           1735      4.08577e+8 
           1745      3.99095e+8 
           1755      4.06241e+8 
           1765       3.8027e+8 
           1775      4.02291e+8 
           1785      3.93883e+8 
           1795      4.00684e+8 
           1805      3.89446e+8 
           1815      3.85361e+8 
           1825      3.78435e+8 
           1835      3.72598e+8 
           1845      3.61255e+8 
           1855      3.63271e+8 
           1865       3.6022e+8 
           1875      3.65614e+8 
           1885      3.63399e+8 
           1895      3.58032e+8 
           1905      3.53224e+8 
           1915      3.50644e+8 
           1925      3.50762e+8 
           1935      3.44178e+8 
           1945      3.49162e+8 
           1955      3.45116e+8 
           1967      3.44628e+8 
           1976      3.39209e+8 
           1984       3.3579e+8 
           1995      3.30138e+8 
           2005      3.26712e+8 
           2015      3.14394e+8 
           2025      3.18582e+8 
           2035      3.18824e+8 
           2045      3.17092e+8 
           2055      3.04932e+8 
           2065      3.06121e+8 
           2074      3.05326e+8 
           2078      3.08951e+8 
           2085      3.08769e+8 
           2095      3.03184e+8 
           2105      3.01229e+8 
           2115      2.97663e+8 
           2125      2.95769e+8 
           2135       2.8588e+8 
           2145      2.92719e+8 
           2155      2.88354e+8 
           2165      2.79877e+8 
           2175      2.77851e+8 
           2185       2.7626e+8 
           2195      2.81255e+8 
           2205      2.72349e+8 
           2215      2.62815e+8 
           2225      2.59652e+8 
           2235      2.69551e+8 
           2245      2.60757e+8 
           2255      2.54471e+8 
           2265      2.53132e+8 
           2275      2.58584e+8 
           2285      2.58887e+8 
           2295       2.5155e+8 
           2305      2.49209e+8 
           2315      2.45802e+8 
           2325      2.45679e+8 
           2335      2.39765e+8 
           2345       2.2851e+8 
           2355      2.35621e+8 
           2365      2.26783e+8 
           2375      2.30875e+8 
           2385      2.18869e+8 
           2395      2.27403e+8 
           2405      2.21627e+8 
           2415      2.22651e+8 
           2425      2.24335e+8 
           2435      2.16854e+8 
           2445      2.20926e+8 
           2455      2.18311e+8 
           2465       2.1451e+8 
           2475      2.10953e+8 
           2485      2.16152e+8 
           2495      2.10768e+8 
           2505      2.15789e+8 
           2513      2.10772e+8 
           2518      2.10007e+8 
           2525      2.02634e+8 
           2535      2.01003e+8 
           2545      2.00544e+8 
           2555      2.05186e+8 
           2565      2.02948e+8 
           2575      2.06318e+8 
           2585      2.06506e+8 
           2595      2.04549e+8 
           2605      2.00122e+8 
           2615       1.9865e+8 
           2625      1.98036e+8 
           2635      1.98201e+8 
           2645      2.04616e+8 
           2655      2.02714e+8 
           2665      1.97275e+8 
           2675      1.98794e+8 
           2685       1.9835e+8 
           2695      1.95175e+8 
           2705      1.94131e+8 
           2715      1.90592e+8 
           2725      1.89561e+8 
           2735      1.91905e+8 
           2745      1.82454e+8 
           2755      1.81385e+8 
           2765      1.83974e+8 
           2775      1.86618e+8 
           2785      1.84639e+8 
           2795      1.66928e+8 
           2805      1.75302e+8 
           2815      1.84123e+8 
           2825      1.82492e+8 
           2835      1.79172e+8 
           2845      1.76207e+8 
           2855      1.74295e+8 
           2865      1.76169e+8 
           2875      1.74376e+8 
           2885      1.74618e+8 
           2895      1.74349e+8 
           2910      1.75096e+8 
           2930      1.70441e+8 
           2950       1.6899e+8 
           2970      1.67777e+8 
           2990      1.65725e+8 
           3010      1.65214e+8 
           3030      1.63541e+8 
           3050      1.61302e+8 
           3070      1.59011e+8 
           3090      1.57844e+8 
           3110      1.55656e+8 
           3130      1.53839e+8 
           3150      1.52169e+8 
           3170      1.50727e+8 
           3190       1.4771e+8 
           3210      1.47137e+8 
           3230      1.44973e+8 
           3250      1.44058e+8 
           3270       1.4296e+8 
           3290      1.41592e+8 
           3310      1.40227e+8 
           3330       1.3834e+8 
           3350      1.36371e+8 
           3370      1.35086e+8 
           3390      1.33769e+8 
           3410      1.32842e+8 
           3430      1.31416e+8 
           3450      1.30137e+8 
           3470       1.2871e+8 
           3490      1.27413e+8 
           3510      1.26191e+8 
           3530      1.24965e+8 
           3550      1.23701e+8 
           3570      1.22387e+8 
           3590      1.21135e+8 
           3610      1.19915e+8 
           3630      1.18681e+8 
           3640      1.18081e+8 
           3650      1.19912e+8 
           3670      1.19095e+8 
           3690      1.17113e+8 
           3710      1.13776e+8 
           3730      1.07834e+8 
           3750      1.19375e+8 
           3770      1.23312e+8 
           3790      1.45996e+8 
           3810      1.69589e+8 
           3830      1.38417e+8 
           3850       1.8661e+8 
           3870      2.12695e+8 
           3890      1.18811e+8 
           3910      2.11736e+8 
           3930      2.30427e+8 
           3950      2.09158e+8 
           3970      1.13761e+8 
           3990      1.96847e+8 
           4010      2.24802e+8 
           4030      2.23926e+8 
           4050      2.22236e+8 
           4070      2.10554e+8 
           4090       1.5601e+8 
           4110      1.21002e+8 
           4130      1.94649e+8 
           4150      2.06042e+8 
           4170      2.05995e+8 
           4190      2.04022e+8 
           4210      2.01425e+8 
           4230      1.98386e+8 
           4250      1.95319e+8 
           4270       1.9167e+8 
           4290      1.86794e+8 
           4310      1.75319e+8 
           4330      1.26482e+8 
           4350      1.08835e+8 
           4370      1.65312e+8 
           4390      1.72733e+8 
           4410      1.73615e+8 
           4430      1.71905e+8 
           4450      1.70116e+8 
           4470      1.66589e+8 
           4490      1.64047e+8 
           4510      1.63626e+8 
           4530      1.61353e+8 
           4550      1.58948e+8 
           4570      1.57114e+8 
           4590      1.54908e+8 
           4610      1.53022e+8 
           4630      1.50768e+8 
           4650      1.48948e+8 
           4670      1.46906e+8 
           4690      1.44902e+8 
           4710      1.42361e+8 
           4730      1.40833e+8 
           4750      1.38785e+8 
           4770      1.36701e+8 
           4790      1.34234e+8 
           4810      1.30695e+8 
           4830      1.22915e+8 
           4850       9.3567e+7 
           4870      7.76002e+7 
           4890      1.14748e+8 
           4910       1.2179e+8 
           4930      1.22009e+8 
           4950      1.21607e+8 
           4970      1.20422e+8 
           4990      1.19052e+8 
           5010      1.17386e+8 
           5030      1.16276e+8 
           5050      1.14268e+8 
           5070        1.135e+8 
           5090      1.12099e+8 
           5110      1.10685e+8 
           5130      1.09366e+8 
           5150      1.07987e+8 
           5170      1.06396e+8 
           5190      1.05239e+8 
           5210      1.04073e+8 
           5230      1.02782e+8 
           5250      1.01615e+8 
           5270      1.00281e+8 
           5290      9.92034e+7 
           5310      9.79672e+7 
           5330      9.67997e+7 
           5350      9.57049e+7 
           5370      9.45726e+7 
           5390      9.34572e+7 
           5410      9.23169e+7 
           5430      9.12612e+7 
           5450      9.02185e+7 
           5470      8.91495e+7 
           5490      8.81274e+7 
           5510      8.71078e+7 
           5530      8.61081e+7 
           5550      8.51266e+7 
           5570      8.41521e+7 
           5590      8.31917e+7 
           5610      8.22465e+7 
           5630      8.13173e+7 
           5650      8.03792e+7 
           5670      7.94686e+7 
           5690      7.85921e+7 
           5710       7.7712e+7 
           5730      7.68458e+7 
           5750      7.59885e+7 
           5770      7.51447e+7 
           5790      7.43051e+7 
           5810      7.34852e+7 
           5830      7.26793e+7 
           5850      7.18783e+7 
           5870      7.08427e+7 
           5890      7.02874e+7 
           5910      6.95472e+7 
           5930       6.8796e+7 
           5950      6.80183e+7 
           5970      6.73107e+7 
           5990      6.65511e+7 
           6010      6.58732e+7 
           6030      6.51717e+7 
           6050      6.44729e+7 
           6070      6.37901e+7 
           6090      6.31138e+7 
           6110       6.2447e+7 
           6130      6.17885e+7 
           6150      6.10327e+7 
           6170      6.04912e+7 
           6190       5.9866e+7 
           6210      5.92416e+7 
           6230      5.86221e+7 
           6250        5.799e+7 
           6270      5.74156e+7 
           6290      5.68264e+7 
           6310      5.62368e+7 
           6330       5.5662e+7 
           6350      5.48616e+7 
           6370      5.44015e+7 
           6390      5.39739e+7 
           6410      5.34166e+7 
           6430      5.27823e+7 
           6450      5.21531e+7 
           6470      5.15647e+7 
           6490      5.08431e+7 
           6510      4.98583e+7 
           6530      4.78465e+7 
           6550      4.09759e+7 
           6570      3.41348e+7 
           6590      4.47038e+7 
           6610      4.70238e+7 
           6630      4.72856e+7 
           6650      4.70826e+7 
           6670      4.67109e+7 
           6690      4.63184e+7 
           6710      4.59941e+7 
           6730      4.55407e+7 
           6750        4.511e+7 
           6770       4.4677e+7 
           6790       4.4245e+7 
           6810      4.38198e+7 
           6830      4.33964e+7 
           6850       4.2982e+7 
           6870      4.25724e+7 
           6890      4.21669e+7 
           6910      4.17654e+7 
           6930      4.13678e+7 
           6950      4.09795e+7 
           6970      4.05934e+7 
           6990      4.02119e+7 
           7010       3.9821e+7 
           7030      3.94613e+7 
           7050      3.90892e+7 
           7070      3.87124e+7 
           7090      3.83706e+7 
           7110      3.80052e+7 
           7130      3.76626e+7 
           7150      3.73085e+7 
           7170      3.69724e+7 
           7190      3.66337e+7 
           7210      3.62981e+7 
           7230      3.59657e+7 
           7250      3.56335e+7 
           7270      3.53151e+7 
           7290      3.49905e+7 
           7310      3.46773e+7 
           7330      3.43649e+7 
           7350      3.40561e+7 
           7370      3.37501e+7 
           7390      3.34477e+7 
           7410       3.3148e+7 
           7430      3.28374e+7 
           7450      3.25554e+7 
           7470      3.22618e+7 
           7490      3.19817e+7 
           7510      3.17007e+7 
           7530      3.14235e+7 
           7550      3.11475e+7 
           7570      3.08741e+7 
           7590      3.06037e+7 
           7610       3.0337e+7 
           7630       3.0072e+7 
           7650      2.98107e+7 
           7670      2.95517e+7 
           7690      2.92962e+7 
           7710      2.90424e+7 
           7730      2.87933e+7 
           7750      2.85458e+7 
           7770      2.80147e+7 
           7790      2.80591e+7 
           7810      2.78198e+7 
           7830      2.75827e+7 
           7850      2.73414e+7 
           7870      2.70713e+7 
           7890      2.68089e+7 
           7910      2.66597e+7 
           7930      2.64355e+7 
           7950      2.61858e+7 
           7970      2.59935e+7 
           7990      2.57012e+7 
           8010      2.55613e+7 
           8030      2.53483e+7 
           8050      2.51376e+7 
           8070      2.49293e+7 
           8090      2.47227e+7 
           8110      2.45178e+7 
           8130       2.4317e+7 
           8150      2.41173e+7 
           8170      2.39192e+7 
           8190      2.37155e+7 
           8210      2.36783e+7 
           8230      2.34755e+7 
           8250       2.3328e+7 
           8270      2.31669e+7 
           8290      2.29883e+7 
           8310      2.28173e+7 
           8330      2.26389e+7 
           8350      2.24727e+7 
           8370      2.23015e+7 
           8390      2.21284e+7 
           8410      2.19455e+7 
           8430      2.17646e+7 
           8450      2.14734e+7 
           8470      2.13521e+7 
           8490      2.11915e+7 
           8510      2.08418e+7 
           8530      2.08566e+7 
           8550       2.0152e+7 
           8570      2.06905e+7 
           8590      1.98637e+7 
           8610      1.95789e+7 
           8630      2.04544e+7 
           8650       1.9645e+7 
           8670       1.7865e+7 
           8690      1.98272e+7 
           8710      2.03485e+7 
           8730      1.94131e+7 
           8750      1.64514e+7 
           8770      1.84434e+7 
           8790      2.00442e+7 
           8810      2.02911e+7 
           8830      1.96403e+7 
           8850      1.72789e+7 
           8870      1.53197e+7 
           8890      1.83755e+7 
           8910      1.95805e+7 
           8930      1.98562e+7 
           8950      1.97535e+7 
           8970      1.92239e+7 
           8990      1.78622e+7 
           9010       1.4625e+7 
           9030      1.55375e+7 
           9050      1.79274e+7 
           9070      1.86851e+7 
           9090      1.88469e+7 
           9110      1.88505e+7 
           9130      1.87278e+7 
           9150      1.85209e+7 
           9170      1.81674e+7 
           9190      1.74577e+7 
           9210      1.57751e+7 
           9230      1.28674e+7 
           9250      1.51361e+7 
           9270      1.66636e+7 
           9290      1.73279e+7 
           9310      1.74417e+7 
           9330      1.74107e+7 
           9350      1.73285e+7 
           9370      1.72203e+7 
           9390      1.70885e+7 
           9410      1.69126e+7 
           9430      1.68053e+7 
           9450      1.66322e+7 
           9470       1.6404e+7 
           9490      1.60467e+7 
           9510      1.53399e+7 
           9530      1.36699e+7 
           9550      1.14895e+7 
           9570       1.3792e+7 
           9590       1.5024e+7 
           9610      1.54054e+7 
           9630      1.54414e+7 
           9650        1.546e+7 
           9670      1.53812e+7 
           9690      1.53017e+7 
           9710       1.5206e+7 
           9730      1.51037e+7 
           9750      1.50002e+7 
           9770      1.49172e+7 
           9790      1.48087e+7 
           9810      1.46979e+7 
           9830      1.45812e+7 
           9850      1.44576e+7 
           9870       1.4348e+7 
           9890      1.42204e+7 
           9910      1.41185e+7 
           9930      1.39903e+7 
           9950        1.385e+7 
           9970      1.36702e+7 
           9990      1.34011e+7 
          10025      1.18787e+7 
          10075      1.13224e+7 
          10125      1.28498e+7 
          10175      1.28261e+7 
          10225      1.26477e+7 
          10275      1.24549e+7 
          10325      1.22399e+7 
          10375      1.20294e+7 
          10425      1.18242e+7 
          10475      1.16203e+7 
          10525      1.14234e+7 
          10575      1.12311e+7 
          10625      1.10422e+7 
          10675      1.08362e+7 
          10725       1.0662e+7 
          10775      1.04608e+7 
          10825      1.02293e+7 
          10875      9.83859e+6 
          10925      8.23779e+6 
          10975      8.88132e+6 
          11025      9.49273e+6 
          11075      9.45512e+6 
          11125      9.33227e+6 
          11175      9.20521e+6 
          11225       9.0585e+6 
          11275      8.89033e+6 
          11325      8.76001e+6 
          11375      8.63338e+6 
          11425      8.49737e+6 
          11475      8.36483e+6 
          11525      8.23426e+6 
          11575       8.1062e+6 
          11625      7.97807e+6 
          11675      7.85406e+6 
          11725      7.73652e+6 
          11775      7.60982e+6 
          11825      7.49899e+6 
          11875      7.38602e+6 
          11925      7.27626e+6 
          11975      7.16413e+6 
          12025      7.05831e+6 
          12075      6.95217e+6 
          12125      6.84908e+6 
          12175      6.74771e+6 
          12225        6.648e+6 
          12275      6.54945e+6 
          12325      6.45352e+6 
          12375      6.35916e+6 
          12425      6.26684e+6 
          12475      6.17241e+6 
          12525        6.086e+6 
          12575      5.99482e+6 
          12625      5.89637e+6 
          12675      5.79672e+6 
          12725      5.66401e+6 
          12775      5.33952e+6 
          12825      4.63535e+6 
          12875      5.25553e+6 
          12925      5.36334e+6 
          12975      5.32656e+6 
          13025       5.2662e+6 
          13075      5.20286e+6 
          13125      5.13093e+6 
          13175      5.05712e+6 
          13225      4.99052e+6 
          13275        4.922e+6 
          13325      4.85479e+6 
          13375      4.78865e+6 
          13425      4.72379e+6 
          13475      4.65975e+6 
          13525      4.59673e+6 
          13575      4.53533e+6 
          13625      4.47451e+6 
          13675      4.41465e+6 
          13725      4.35595e+6 
          13775      4.29857e+6 
          13825      4.24172e+6 
          13875      4.18596e+6 
          13925      4.13108e+6 
          13975      4.07708e+6 
          14025      4.02392e+6 
          14075      3.97181e+6 
          14125      3.92032e+6 
          14175      3.86965e+6 
          14225      3.81997e+6 
          14275      3.77107e+6 
          14325      3.72276e+6 
          14375       3.6754e+6 
          14425      3.62733e+6 
          14475      3.58272e+6 
          14525       3.5372e+6 
          14570      3.49746e+6 
          14620      3.46248e+6 
          14675       3.4161e+6 
          14725      3.37418e+6 
          14775      3.33274e+6 
          14825      3.29264e+6 
          14875      3.25216e+6 
          14925      3.21366e+6 
          14975      3.17477e+6 
          15025      3.13615e+6 
          15075       3.0988e+6 
          15125      3.06188e+6 
          15175      3.02505e+6 
          15225      2.98847e+6 
          15275      2.95231e+6 
          15325      2.91607e+6 
          15375      2.88216e+6 
          15425      2.84371e+6 
          15475      2.81184e+6 
          15525        2.775e+6 
          15575      2.73407e+6 
          15625      2.71814e+6 
          15675      2.66495e+6 
          15725      2.62487e+6 
          15775      2.62885e+6 
          15825      2.59015e+6 
          15875      2.49224e+6 
          15925        2.509e+6 
          15975      2.52136e+6 
          16050      2.44462e+6 
          16150      2.34251e+6 
          16250      2.38639e+6 
          16350      2.26554e+6 
          16450       2.1558e+6 
          16550      2.24248e+6 
          16650      2.19836e+6 
          16750      2.05671e+6 
          16850      1.94984e+6 
          16950      2.05357e+6 
          17050      2.02281e+6 
          17150      1.97765e+6 
          17250      1.91098e+6 
          17350      1.70392e+6 
          17450      1.79975e+6 
          17550      1.81134e+6 
          17650      1.78024e+6 
          17750      1.74493e+6 
          17850       1.7077e+6 
          17950      1.66732e+6 
          18050      1.61514e+6 
          18150      1.44803e+6 
          18250      1.50211e+6 
          18350      1.52886e+6 
          18450      1.50348e+6 
          18550      1.47133e+6 
          18650      1.42342e+6 
          18750      1.27369e+6 
          18850      1.36114e+6 
          18950      1.35741e+6 
          19050      1.33375e+6 
          19150      1.30753e+6 
          19250      1.27853e+6 
          19350      1.23054e+6 
          19450      1.10459e+6 
          19550      1.18321e+6 
          19650       1.1833e+6 
          19750      1.16545e+6 
          19850      1.14418e+6 
          19950      1.12261e+6 
          20050       1.1015e+6 
          20150      1.08095e+6 
          20250      1.06084e+6 
          20350      1.04125e+6 
          20450      1.02208e+6 
          20550      1.00333e+6 
          20650          985064 
          20750          967192 
          20850          949704 
          20950          932591 
          21050          915929 
          21150          899540 
          21250          883502 
          21350          866980 
          21450          848599 
          21550          820948 
          21650          742315 
          21750          784625 
          21850          790116 
          21950          780103 
          22050          767844 
          22150          754745 
          22250          741942 
          22350          729389 
          22450          717105 
          22550          705070 
          22650          693306 
          22750          681772 
          22850          671085 
          22950          660092 
          23050          649350 
          23150          638803 
          23250          628470 
          23350          618337 
          23450          608416 
          23550          598689 
          23650          589151 
          23750          579798 
          23850          570628 
          23950          561637 
          24050          552782 
          24150          544137 
          24250          535674 
          24350          527312 
          24450          519063 
          24550          511099 
          24650          503060 
          24750          495350 
          24850          487931 
          24950          479688 
          25050          473200 
          25150          465949 
          25250          457213 
          25350          451755 
          25450          445850 
          25550          437790 
          25650          428371 
          25750          425181 
          25850          420145 
          25950          413204 
          26050          402587 
          26150          388027 
          26250          361250 
          26350          379989 
          26450          383352 
          26550          378983 
          26650          370411 
          26750          356201 
          26850          359901 
          26950          358890 
          27050          354903 
          27150          350234 
          27250          345253 
          27350          339701 
          27450          331766 
          27550          314729 
          27650          315946 
          27750          319803 
          27850          317418 
          27950          313796 
          28050          310073 
          28150          305858 
          28250          301705 
          28350          297236 
          28450          292469 
          28550          286717 
          28650          275852 
          28750          263194 
          28850          272534 
          28950          272745 
          29050          270205 
          29150          267339 
          29250          263854 
          29350          260406 
          29450          257012 
          29550          253675 
          29650          250389 
          29750          247160 
          29850          243980 
          29950          240850 
          30050          237230 
          30150          233430 
          30250          227924 
          30350          214572 
          30450          214782 
          30550          220095 
          30650          219279 
          30750          217246 
          30850          214798 
          30950          212174 
          31050          209543 
          31150          206958 
          31250          204412 
          31350          201903 
          31450          199433 
          31550          197005 
          31650          194611 
          31750          192251 
          31850          189928 
          31950          187641 
          32100          184275 
          32300          179899 
          32500          175623 
          32700          170508 
          32900          158615 
          33100          159627 
          33300          159176 
          33500          155871 
          33700          152408 
          33900          148999 
          34100          145669 
          34300          142425 
          34500          139272 
          34700          136198 
          34900          133209 
          35100          130304 
          35300          127474 
          35500          124718 
          35700          122035 
          35900          119428 
          36100          116874 
          36300          114403 
          36500          111963 
          36700          109618 
          36900          107199 
          37100          104727 
          37300         99694.7 
          37500         96954.4 
          37700         98401.5 
          37900         96736.2 
          38100         94643.7 
          38300           92782 
          38500         91144.5 
          38700         89354.7 
          38900         87392.6 
          39100         85313.1 
          39300         84081.1 
          39500           82575 
          39700         80982.6 
          39900         79311.5 
          40100         77196.3 
          40300         75346.3 
          40500         71425.3 
          40700         72917.4 
          40900         72102.4 
          41100         70815.9 
          41300         69451.4 
          41500         67834.3 
          41700         65473.6 
          41900         65283.5 
          42100         64469.2 
          42300         63467.3 
          42500         62310.3 
          42700         61180.4 
          42900           60075 
          43100         58995.5 
          43300           57855 
          43500         56531.8 
          43700         54206.6 
          43900         53924.9 
          44100         53723.6 
          44300           52990 
          44500         52075.3 
          44700         51218.2 
          44900         50269.6 
          45100         49406.1 
          45300         48557.8 
          45500         47724.2 
          45700         46901.5 
          45900         46078.9 
          46100         45220.8 
          46300         44143.8 
          46500         41541.7 
          46700         41219.5 
          46900           41737 
          47100         41534.5 
          47300         40965.1 
          47500           40332 
          47700         39691.5 
          47900         39055.3 
          48100         38429.9 
          48300         37813.6 
          48500         37209.3 
          48700         36616.8 
          48900         36035.9 
          49100         35466.3 
          49300         34906.3 
          49500         34357.3 
          49700         33817.5 
          49900         33289.7 
          50100         32770.8 
          50300         32257.6 
          50500           31753 
          50700         31242.1 
          50900         30690.2 
          51100         29893.5 
          51300           28530 
          51500         29078.7 
          51700         28883.8 
          51900         28511.9 
          52100         28106.1 
          52300         27693.2 
          52500         27274.9 
          52700         26868.8 
          52900           26487 
          53100         26154.2 
          53300         25771.4 
          53500         25346.1 
          53700         24952.5 
          53900         24591.3 
          54100         24272.1 
          54300         23958.2 
          54500         23615.3 
          54700           23278 
          54900         22912.4 
          55100         22546.6 
          55300         22206.4 
          55500         21931.7 
          55700         21678.6 
          55900         21376.6 
          56100         21079.6 
          56300         20786.3 
          56500           20499 
          56700         20190.6 
          56900         19866.2 
          57100         19529.7 
          57300         19316.7 
          57500         19099.4 
          57700         18874.4 
          57900         18620.7 
          58100         18369.9 
          58300         18104.4 
          58500         17836.6 
          58700         17552.4 
          58900         17117.4 
          59100         16344.9 
          59300           16703 
          59500           16510 
          59700         16362.6 
          59900         16234.6 
          60100         16052.7 
          60300         15855.2 
          60500         15655.8 
          60700         15456.7 
          60900         15259.9 
          61100         15080.4 
          61300           14902 
          61500         14711.6 
          61700         14525.3 
          61900         14318.6 
          62100         14129.8 
          62300           13945 
          62500         13749.8 
          62700         13513.7 
          62900         13183.2 
          63100         13154.7 
          63300         13071.7 
          63500         12934.3 
          63700         12787.3 
          63900         12653.9 
          64200         12422.6 
          64600         12122.9 
          65000         11831.5 
          65400           11549 
          65800           11275 
          66200         11009.3 
          66600         10750.9 
          67000         10479.4 
          67400         10172.1 
          67800         9803.34 
          68200         9747.81 
          68600         9560.01 
          69000         9350.58 
          69400         9139.86 
          69800         8935.65 
          70200         8736.26 
          70600         8543.07 
          71000         8354.41 
          71400         8171.65 
          71800         7993.16 
          72200         7820.28 
          72600         7650.72 
          73000         7487.22 
          73400         7327.52 
          73800         7156.31 
          74200         6971.25 
          74600         6624.36 
          75000         6444.05 
          75400         6507.73 
          75800         6428.67 
          76200         6306.92 
          76600         6191.46 
          77000         6066.56 
          77400         5931.51 
          77800         5803.08 
          78200         5698.22 
          78600         5593.72 
          79000         5482.77 
          79400          5374.6 
          79800         5269.03 
          80200         5166.06 
          80600         5065.56 
          81000         4962.08 
          81400         4848.96 
          81800         4761.06 
          82200         4685.45 
          82600         4598.27 
          83000         4511.35 
          83400         4426.47 
          83800          4343.6 
          84200         4262.63 
          84600         4183.57 
          85000         4106.27 
          85400         4030.76 
          85800         3956.31 
          86200         3872.28 
          86600         3778.62 
          87000          3722.7 
          87400          3602.1 
          87800         3538.32 
          88200         3536.18 
          88600         3484.93 
          89000         3423.71 
          89400         3363.54 
          89800         3304.68 
          90200          3247.1 
          90600         3190.72 
          91000         3135.62 
          91400         3081.67 
          91800         3028.86 
          92200          2977.2 
          92600         2926.62 
          93000         2874.15 
          93400         2818.01 
          93800         2741.71 
          94200          2712.7 
          94600         2682.06 
          95000          2643.2 
          95400         2601.13 
          95800          2558.4 
          96200         2516.57 
          96600         2475.54 
          97000         2435.39 
          97400         2396.01 
          97800         2357.42 
          98200         2319.62 
          98600         2282.55 
          99000         2246.27 
          99400         2210.69 
          99800         2175.79 
         100200         2141.57 
         200000         136.866 
         400000         8.52562 
         600000         1.67257 
         800000        0.525838 
         1.0e+6        0.214193 
         1.2e+6        0.102808 
         1.4e+6       0.0552697 
         1.6e+6       0.0322854 
