# Kurucz ODFNEW /NOVER (2003)
# teff = 4000 K (value for the effective temperature for the model. Temperatures are given in K)
# logg = 3.5 log(cm/s2) (value for Log(G) for the model.)
# meta = 0.2  (value for the Metallicity for the model.)
# lh = 1.25  (l/Hp where l is the  mixing length of the convective element and Hp is the pressure scale height)
# vtur = 2 km/s (Microturbulence velocity)
# alpha = 0  (Alpha)
#
# column 1: WAVELENGTH (ANGSTROM), Wavelength in Angstrom
# column 2: FLUX (ERG/CM2/S/A), Flux in erg/cm2/s/A
          147.2    8.34138e-150 
            151    9.56801e-146 
          155.2    1.71465e-141 
          158.8    4.99434e-138 
            162     4.4391e-135 
            166    1.48513e-131 
          170.3    5.94085e-128 
          173.4    1.81313e-125 
          176.8    7.62275e-123 
          180.2    2.54471e-120 
          181.7     3.0798e-119 
          186.1    3.65882e-116 
            191    6.58422e-113 
          193.9    4.63071e-111 
          198.4     2.6532e-108 
          201.8    2.66557e-106 
            205    1.77477e-104 
          210.5    1.77762e-101 
          216.2     1.57196e-98 
          219.8     9.49699e-97 
            223     3.24321e-95 
          226.8      1.8851e-93 
            230     5.19609e-92 
            234     2.87604e-90 
            240     9.18082e-88 
          246.5     3.43651e-85 
          252.4     5.69194e-83 
          256.8     2.20144e-81 
            260     2.90316e-80 
            264     6.67125e-79 
          268.5     2.02155e-77 
          273.5     7.82244e-76 
          278.5     2.65194e-74 
            284     1.10395e-72 
            290     5.46862e-71 
            296     2.30128e-69 
            301     4.62881e-68 
            308     2.61611e-66 
            318     6.07653e-64 
            328     1.00478e-61 
            338     1.21796e-59 
            348     1.11351e-57 
            357     5.18587e-56 
            366     1.99254e-54 
            375      6.3888e-53 
            385       2.477e-51 
            395     7.93178e-50 
            405     2.12971e-48 
            414     3.57857e-47 
            422     3.95824e-46 
            430     3.99203e-45 
            441     8.31617e-44 
            451     1.15035e-42 
            460     1.10622e-41 
            470     1.23173e-40 
            480     1.23534e-39 
            490     1.12438e-38 
            500     9.32857e-38 
            506     4.26954e-37 
            512     1.58168e-36 
            520     7.44556e-36 
            530     4.84934e-35 
            540     2.89872e-34 
            550     1.63644e-33 
            560     8.61648e-33 
            570     4.26856e-32 
            580     1.97548e-31 
            590     8.83491e-31 
            600     3.71235e-30 
            610     1.48485e-29 
            620     5.66417e-29 
            630     2.06646e-28 
            640     7.22905e-28 
            650     2.42819e-27 
            658     6.22447e-27 
            665     1.38987e-26 
            675     4.25203e-26 
            685      1.2573e-25 
            695     3.59473e-25 
            705     9.93242e-25 
            716     2.95001e-24 
            726     7.68074e-24 
            735     1.77526e-23 
            745      4.3905e-23 
            755     1.05876e-22 
            765      2.4928e-22 
            775     5.72691e-22 
            785     1.28763e-21 
            795     2.81207e-21 
            805     6.07918e-21 
            815       1.286e-20 
            825     2.66275e-20 
            835     5.41083e-20 
            845     1.07971e-19 
            855     2.11626e-19 
            865     4.07732e-19 
            875     7.71739e-19 
            885      1.4429e-18 
            895     2.65419e-18 
            905     4.80258e-18 
            915     1.69231e-13 
            925      6.1078e-13 
            935     8.93102e-13 
            945     1.24566e-12 
            955     1.99042e-12 
            965      3.7023e-12 
            975     4.08146e-12 
            985     8.08421e-12 
            995     1.26395e-11 
           1005     1.70505e-11 
           1015     2.39639e-11 
           1025     3.16444e-11 
           1035     7.50171e-11 
           1045     1.06506e-10 
           1055     1.27557e-10 
           1065     2.73078e-10 
           1075     3.70136e-10 
           1085      5.9734e-10 
           1095     7.63529e-10 
           1105      1.06759e-9 
           1115      1.36983e-9 
           1125      2.75496e-9 
           1135       4.5998e-9 
           1145      6.90974e-9 
           1155      9.64963e-9 
           1165      1.25771e-8 
           1175      1.85226e-8 
           1185      2.36019e-8 
           1195      2.58989e-8 
           1205       1.9896e-8 
           1215      7.43902e-9 
           1225      3.13861e-8 
           1235      8.44021e-8 
           1245      1.32407e-7 
           1255      1.77392e-7 
           1265      2.22343e-7 
           1275      3.03168e-7 
           1285      3.11518e-7 
           1295      4.17631e-7 
           1305       4.9421e-7 
           1315      6.64975e-7 
           1325      7.68512e-7 
           1335      8.93848e-7 
           1345      1.21079e-6 
           1355      1.58302e-6 
           1365      1.86931e-6 
           1375      2.14585e-6 
           1385      2.67156e-6 
           1395      3.16867e-6 
           1405      4.39493e-6 
           1415      5.58502e-6 
           1425      6.47107e-6 
           1435      8.98307e-6 
           1442      1.19818e-5 
           1447      1.10701e-5 
           1455      1.30588e-5 
           1465      1.86537e-5 
           1475      1.96622e-5 
           1485      2.47933e-5 
           1495      3.54139e-5 
           1505      4.90392e-5 
           1512      3.56058e-5 
           1517       5.1989e-5 
           1525      8.05288e-5 
           1535     0.000166922 
           1545     0.000133404 
           1555     0.000203491 
           1565     0.000194885 
           1575     0.000373202 
           1585     0.000382769 
           1595     0.000377925 
           1605     0.000397375 
           1615     0.000424448 
           1625     0.000439157 
           1635     0.000579872 
           1645     0.000768251 
           1655     0.000724321 
           1665       0.0010637 
           1672     0.000957838 
           1677      0.00135242 
           1685      0.00179606 
           1695      0.00246229 
           1705      0.00271406 
           1715      0.00303064 
           1725      0.00406149 
           1735      0.00466096 
           1745      0.00632195 
           1755      0.00652165 
           1765      0.00823787 
           1775      0.00790963 
           1785       0.0141116 
           1795       0.0118981 
           1805       0.0204158 
           1815       0.0154341 
           1825        0.023889 
           1835       0.0217755 
           1845       0.0322044 
           1855       0.0257621 
           1865       0.0428272 
           1875       0.0406753 
           1885       0.0515651 
           1895       0.0631046 
           1905       0.0677797 
           1915       0.0947241 
           1925       0.0832589 
           1935       0.0651419 
           1945        0.116982 
           1955        0.163583 
           1967        0.177182 
           1976        0.205058 
           1984        0.263387 
           1995        0.239326 
           2005        0.284898 
           2015        0.323654 
           2025         0.31329 
           2035        0.387362 
           2045        0.404923 
           2055        0.484652 
           2065        0.469164 
           2074        0.430436 
           2078        0.584513 
           2085        0.713149 
           2095        0.987954 
           2105         1.06038 
           2115          1.0673 
           2125         1.25801 
           2135         1.60792 
           2145         1.23499 
           2155         1.58154 
           2165         1.55989 
           2175         1.71178 
           2185         1.60903 
           2195         2.68463 
           2205         2.25587 
           2215         2.78772 
           2225         2.43527 
           2235         4.04904 
           2245         4.54301 
           2255         5.72078 
           2265         3.17665 
           2275         6.28309 
           2285         5.73966 
           2295         9.61238 
           2305         3.84839 
           2315         12.6504 
           2325         9.59242 
           2335         15.1508 
           2345          9.5165 
           2355         8.32456 
           2365          11.325 
           2375         10.9006 
           2385          18.947 
           2395         17.7383 
           2405         31.9828 
           2415           19.41 
           2425         25.1248 
           2435         36.9917 
           2445           50.92 
           2455         59.2038 
           2465         37.6337 
           2475         68.9483 
           2485         26.7514 
           2495          31.066 
           2505         60.3785 
           2513         42.6328 
           2518         48.9997 
           2525         60.7081 
           2535         124.194 
           2545         154.239 
           2555         162.556 
           2565         91.1186 
           2575         144.695 
           2585           107.4 
           2595         131.256 
           2605         178.765 
           2615         165.198 
           2625         250.303 
           2635         371.378 
           2645         302.664 
           2655         395.097 
           2665         363.149 
           2675         318.647 
           2685         429.162 
           2695         314.531 
           2705         494.334 
           2715         497.001 
           2725         443.062 
           2735         458.377 
           2745         633.363 
           2755         600.234 
           2765         802.319 
           2775         1037.34 
           2785          731.58 
           2795         927.353 
           2805         954.413 
           2815         1078.86 
           2825         1130.76 
           2835         1039.69 
           2845         828.486 
           2855         420.405 
           2865         1232.23 
           2875          1319.3 
           2885         1888.17 
           2895         2082.14 
           2910         2339.32 
           2930         2557.14 
           2950         2666.09 
           2970            2729 
           2990         3131.24 
           3010         3360.05 
           3030         3959.42 
           3050         4669.78 
           3070         5149.16 
           3090         5472.15 
           3110          7093.6 
           3130         7280.87 
           3150         10689.7 
           3170         14795.3 
           3190         11559.4 
           3210         14522.4 
           3230         14472.1 
           3250         21502.7 
           3270         30591.4 
           3290         40129.8 
           3310           32085 
           3330         36939.5 
           3350         35250.9 
           3370         24115.9 
           3390         29789.3 
           3410           35259 
           3430         39056.6 
           3450         37570.1 
           3470         39268.9 
           3490         52101.4 
           3510         72978.5 
           3530         65061.2 
           3550         93290.8 
           3570         43366.3 
           3590         40724.3 
           3610         64079.9 
           3630           89713 
           3640         97710.9 
           3650          117383 
           3670          154491 
           3690          119935 
           3710         98421.4 
           3730         44808.2 
           3750         55915.4 
           3770          124009 
           3790          138684 
           3810          116054 
           3830         53169.8 
           3850           84638 
           3870         82502.7 
           3890          100207 
           3910          141423 
           3930         54559.7 
           3950         99892.2 
           3970         71808.7 
           3990          236555 
           4010          330784 
           4030          256783 
           4050          265829 
           4070          244233 
           4090          365782 
           4110          249025 
           4130          267535 
           4150          257263 
           4170          247609 
           4190          269348 
           4210          235848 
           4230          142340 
           4250          271433 
           4270          257842 
           4290          251779 
           4310          285162 
           4330          419872 
           4350          438079 
           4370          469923 
           4390          386677 
           4410          417833 
           4430          422841 
           4450          453692 
           4470          510523 
           4490          536239 
           4510          649309 
           4530          503954 
           4550          568829 
           4570          647667 
           4590          592879 
           4610          630095 
           4630          602784 
           4650          586215 
           4670          645309 
           4690          621611 
           4710          581123 
           4730          572127 
           4750          580693 
           4770          445693 
           4790          504323 
           4810          565890 
           4830          596788 
           4850          628584 
           4870          620954 
           4890          670412 
           4910          677479 
           4930          648216 
           4950          634424 
           4970          503838 
           4990          486796 
           5010          398656 
           5030          463271 
           5050          446181 
           5070          451388 
           5090          433423 
           5110          471949 
           5130          452272 
           5150          435272 
           5170          386146 
           5190          392434 
           5210          477017 
           5230          717253 
           5250          735841 
           5270          655199 
           5290          816810 
           5310          918719 
           5330          774599 
           5350          860834 
           5370          850554 
           5390          825996 
           5410          829708 
           5430          829204 
           5450          792131 
           5470          762816 
           5490          796954 
           5510          751545 
           5530          854749 
           5550          891137 
           5570          879358 
           5590          816208 
           5610          774979 
           5630          802952 
           5650          853865 
           5670          831165 
           5690          901013 
           5710          856339 
           5730          978458 
           5750          986327 
           5770          967236 
           5790          931404 
           5810          995011 
           5830      1.03857e+6 
           5850          970464 
           5870          917833 
           5890          547294 
           5910          811776 
           5930          871489 
           5950          881399 
           5970          912277 
           5990          925179 
           6010          925081 
           6030          995718 
           6050      1.03429e+6 
           6070      1.04783e+6 
           6090      1.03233e+6 
           6110      1.03577e+6 
           6130          969482 
           6150       1.0338e+6 
           6170          807048 
           6190          893988 
           6210          870479 
           6230          789568 
           6250          798922 
           6270          873409 
           6290          925729 
           6310          929417 
           6330          967282 
           6350          981753 
           6370          974669 
           6390      1.02615e+6 
           6410      1.01719e+6 
           6430          989823 
           6450          981883 
           6470      1.00651e+6 
           6490          971427 
           6510      1.03054e+6 
           6530      1.07433e+6 
           6550      1.04372e+6 
           6570      1.04654e+6 
           6590      1.05763e+6 
           6610      1.05667e+6 
           6630      1.04019e+6 
           6650      1.00524e+6 
           6670          969495 
           6690          914717 
           6710          900571 
           6730          859211 
           6750          855946 
           6770          915091 
           6790          862315 
           6810          901448 
           6830          944390 
           6850          948598 
           6870          960164 
           6890      1.00293e+6 
           6910      1.04344e+6 
           6930      1.03037e+6 
           6950      1.06485e+6 
           6970      1.11249e+6 
           6990      1.09819e+6 
           7010      1.10811e+6 
           7030      1.14107e+6 
           7050      1.10967e+6 
           7070          954167 
           7090          903001 
           7110          898151 
           7130          801006 
           7150          794910 
           7170          854163 
           7190          895328 
           7210          884498 
           7230          970203 
           7250      1.00062e+6 
           7270      1.04723e+6 
           7290      1.06765e+6 
           7310      1.09439e+6 
           7330      1.10364e+6 
           7350      1.11668e+6 
           7370      1.15973e+6 
           7390      1.15753e+6 
           7410      1.15705e+6 
           7430      1.17438e+6 
           7450      1.17453e+6 
           7470      1.18661e+6 
           7490      1.18525e+6 
           7510      1.20373e+6 
           7530      1.21296e+6 
           7550      1.21625e+6 
           7570       1.2097e+6 
           7590      1.17162e+6 
           7610      1.15649e+6 
           7630      1.14798e+6 
           7650      1.14173e+6 
           7670      1.05202e+6 
           7690      1.08873e+6 
           7710      1.05577e+6 
           7730      1.08657e+6 
           7750      1.06296e+6 
           7770      1.08471e+6 
           7790       1.0851e+6 
           7810      1.10858e+6 
           7830      1.08455e+6 
           7850      1.08869e+6 
           7870      1.11942e+6 
           7890      1.12131e+6 
           7910      1.10162e+6 
           7930      1.10668e+6 
           7950      1.09062e+6 
           7970      1.14411e+6 
           7990      1.12983e+6 
           8010      1.13888e+6 
           8030      1.14291e+6 
           8050      1.14526e+6 
           8070      1.13537e+6 
           8090      1.13195e+6 
           8110      1.14035e+6 
           8130      1.16056e+6 
           8150      1.16162e+6 
           8170      1.16012e+6 
           8190      1.08476e+6 
           8210      1.10368e+6 
           8230      1.12953e+6 
           8250      1.12616e+6 
           8270      1.14242e+6 
           8290      1.12212e+6 
           8310      1.09168e+6 
           8330       1.0878e+6 
           8350      1.08789e+6 
           8370      1.09222e+6 
           8390      1.03377e+6 
           8410      1.09688e+6 
           8430      1.04577e+6 
           8450      1.07148e+6 
           8470      1.06663e+6 
           8490      1.06533e+6 
           8510      1.01933e+6 
           8530      1.05448e+6 
           8550          916282 
           8570      1.09369e+6 
           8590      1.08815e+6 
           8610      1.08737e+6 
           8630      1.09908e+6 
           8650      1.09964e+6 
           8670          942915 
           8690      1.04589e+6 
           8710      1.10331e+6 
           8730      1.10118e+6 
           8750      1.10634e+6 
           8770      1.09909e+6 
           8790      1.10882e+6 
           8810      1.07215e+6 
           8830      1.08435e+6 
           8850      1.10274e+6 
           8870      1.02676e+6 
           8890      1.04707e+6 
           8910      1.05951e+6 
           8930      1.04145e+6 
           8950      1.03101e+6 
           8970      1.03869e+6 
           8990      1.05547e+6 
           9010      1.01695e+6 
           9030      1.04577e+6 
           9050      1.07436e+6 
           9070      1.07975e+6 
           9090      1.04327e+6 
           9110      1.04886e+6 
           9130      1.07414e+6 
           9150      1.05487e+6 
           9170      1.04844e+6 
           9190      1.06088e+6 
           9210      1.03904e+6 
           9230      1.04883e+6 
           9250      1.03298e+6 
           9270      1.04212e+6 
           9290      1.03179e+6 
           9310        1.051e+6 
           9330      1.05022e+6 
           9350      1.04397e+6 
           9370      1.02677e+6 
           9390      1.03612e+6 
           9410      1.01517e+6 
           9430      1.03328e+6 
           9450      1.00676e+6 
           9470      1.03268e+6 
           9490      1.03619e+6 
           9510      1.03326e+6 
           9530      1.02631e+6 
           9550       1.0088e+6 
           9570      1.01627e+6 
           9590      1.03518e+6 
           9610      1.01558e+6 
           9630      1.02448e+6 
           9650          979381 
           9670          981780 
           9690      1.01216e+6 
           9710          998681 
           9730          985030 
           9750          984321 
           9770          992925 
           9790          966900 
           9810      1.00461e+6 
           9830          983921 
           9850      1.00431e+6 
           9870      1.00083e+6 
           9890      1.00091e+6 
           9910          992573 
           9930          993164 
           9950          991649 
           9970          996164 
           9990          996482 
          10025          983501 
          10075          976807 
          10125          982103 
          10175          972111 
          10225          972572 
          10275          975119 
          10325          958736 
          10375          955643 
          10425          960571 
          10475          950874 
          10525          953764 
          10575          940387 
          10625          940133 
          10675          924140 
          10725          922814 
          10775          917450 
          10825          896552 
          10875          902916 
          10925          902625 
          10975          876122 
          11025          872377 
          11075          875422 
          11125          871923 
          11175          869086 
          11225          870211 
          11275          854123 
          11325          859375 
          11375          844645 
          11425          840703 
          11475          854879 
          11525          856667 
          11575          846189 
          11625          831650 
          11675          834823 
          11725          845065 
          11775          825948 
          11825          820406 
          11875          812684 
          11925          830838 
          11975          794491 
          12025          815514 
          12075          806475 
          12125          812957 
          12175          813689 
          12225          809996 
          12275          803561 
          12325          798865 
          12375          798179 
          12425          789376 
          12475          792357 
          12525          783834 
          12575          784975 
          12625          780850 
          12675          772661 
          12725          774977 
          12775          776540 
          12825          749791 
          12875          762683 
          12925          749600 
          12975          762743 
          13025          754033 
          13075          758282 
          13125          735108 
          13175          740456 
          13225          748050 
          13275          735991 
          13325          739283 
          13375          738315 
          13425          739702 
          13475          737750 
          13525          735683 
          13575          727207 
          13625          721758 
          13675          728174 
          13725          731498 
          13775          726078 
          13825          728306 
          13875          718370 
          13925          692062 
          13975          706023 
          14025          701994 
          14075          705820 
          14125          691410 
          14175          697021 
          14225          690510 
          14275          669302 
          14325          691533 
          14375          692091 
          14425          680059 
          14475          695579 
          14525          683066 
          14570          682562 
          14620          662920 
          14675          666620 
          14725          664880 
          14775          668361 
          14825          674230 
          14875          657395 
          14925          685097 
          14975          683638 
          15025          640079 
          15075          658187 
          15125          671496 
          15175          677139 
          15225          678550 
          15275          674551 
          15325          681882 
          15375          672785 
          15425          666926 
          15475          687165 
          15525          669382 
          15575          668042 
          15625          684280 
          15675          671136 
          15725          670273 
          15775          634163 
          15825          665093 
          15875          645991 
          15925          662604 
          15975          667305 
          16050          662824 
          16150          659378 
          16250          649961 
          16350          654521 
          16450          638081 
          16550          645056 
          16650          624271 
          16750          609561 
          16850          601167 
          16950          602198 
          17050          581444 
          17150          566383 
          17250          557468 
          17350          543313 
          17450          540865 
          17550          528102 
          17650          521844 
          17750          509058 
          17850          502436 
          17950          497286 
          18050          477360 
          18150          475488 
          18250          459614 
          18350          454294 
          18450          437452 
          18550          436219 
          18650          426301 
          18750          417147 
          18850          413114 
          18950          394918 
          19050          399793 
          19150          391818 
          19250          388286 
          19350          370760 
          19450          363263 
          19550          364278 
          19650          358414 
          19750          340113 
          19850          339754 
          19950          335883 
          20050          338089 
          20150          332654 
          20250          321007 
          20350          317869 
          20450          316669 
          20550          307305 
          20650          301553 
          20750          299082 
          20850          291853 
          20950          284661 
          21050          284072 
          21150          278772 
          21250          274353 
          21350          271946 
          21450          267582 
          21550          262890 
          21650          258779 
          21750          252128 
          21850          249747 
          21950          246585 
          22050          236419 
          22150          241169 
          22250          231625 
          22350          229964 
          22450          227135 
          22550          225429 
          22650          217539 
          22750          218877 
          22850          212514 
          22950          186483 
          23050          196866 
          23150          195098 
          23250          171575 
          23350          180003 
          23450          181417 
          23550          159230 
          23650          171323 
          23750          169095 
          23850          150666 
          23950          160359 
          24050          161119 
          24150          145699 
          24250          151643 
          24350          153139 
          24450          142518 
          24550          140690 
          24650          146185 
          24750          139871 
          24850          132659 
          24950          137777 
          25050          137891 
          25150          128608 
          25250          127018 
          25350          129693 
          25450          127100 
          25550          126211 
          25650          125652 
          25750          126201 
          25850          119854 
          25950          121606 
          26050          121129 
          26150          120926 
          26250          117404 
          26350          117416 
          26450          116239 
          26550          110325 
          26650          110740 
          26750          112877 
          26850          111594 
          26950          108610 
          27050          108513 
          27150          107056 
          27250          106485 
          27350          104338 
          27450          103909 
          27550          102724 
          27650          101189 
          27750          100109 
          27850         98589.9 
          27950         95715.6 
          28050         93004.2 
          28150         93566.4 
          28250         93325.3 
          28350         92911.8 
          28450         92208.6 
          28550         90140.2 
          28650         89971.1 
          28750         88995.3 
          28850         87709.5 
          28950         86996.8 
          29050         85108.7 
          29150         85514.5 
          29250         81236.4 
          29350         82227.6 
          29450         78764.2 
          29550           80346 
          29650         77709.4 
          29750         78647.9 
          29850         77035.2 
          29950         76933.2 
          30050         74427.8 
          30150         75584.4 
          30250         73726.9 
          30350         73798.1 
          30450           71112 
          30550         72023.6 
          30650         70920.8 
          30750         69994.1 
          30850         68389.2 
          30950         67582.2 
          31050         67991.6 
          31150         65630.1 
          31250         66279.3 
          31350         63906.1 
          31450         64410.6 
          31550         63700.2 
          31650         63373.5 
          31750         62212.6 
          31850         61540.3 
          31950         60823.5 
          32100           60633 
          32300         58183.6 
          32500         57812.1 
          32700         56377.8 
          32900         54685.1 
          33100         53995.3 
          33300         52268.3 
          33500           51636 
          33700         50842.5 
          33900           48897 
          34100         48367.3 
          34300         47945.8 
          34500         46011.5 
          34700         45754.8 
          34900         44938.1 
          35100         43476.4 
          35300         42682.8 
          35500         42146.5 
          35700         40750.4 
          35900         40022.8 
          36100         39788.7 
          36300           38488 
          36500         37747.9 
          36700           37097 
          36900         36222.9 
          37100         35192.9 
          37300         34821.9 
          37500         34250.6 
          37700         33233.4 
          37900         33054.1 
          38100         32155.2 
          38300         31630.2 
          38500         31022.8 
          38700         30466.6 
          38900         29765.7 
          39100         29279.6 
          39300         28731.1 
          39500           28226 
          39700         27710.5 
          39900         26635.9 
          40100         26314.7 
          40300         26035.6 
          40500         24963.7 
          40700         24657.6 
          40900         24025.1 
          41100           23861 
          41300         23038.6 
          41500         22926.4 
          41700         22078.7 
          41900         22074.5 
          42100         21233.1 
          42300           21280 
          42500         20653.2 
          42700         20429.8 
          42900         19300.8 
          43100         17995.1 
          43300         18307.7 
          43500         17078.8 
          43700         16603.2 
          43900         16229.7 
          44100         15333.9 
          44300         15158.9 
          44500         14847.4 
          44700         14149.5 
          44900         14172.3 
          45100         13759.4 
          45300         13294.9 
          45500         13369.7 
          45700         13232.9 
          45900         12621.1 
          46100         12775.4 
          46300         12512.2 
          46500           12442 
          46700         12385.9 
          46900         12160.9 
          47100         11913.2 
          47300         11993.3 
          47500         11747.3 
          47700         11571.7 
          47900         11465.7 
          48100         11139.3 
          48300           11316 
          48500         11054.7 
          48700         10776.2 
          48900         10651.3 
          49100         10575.7 
          49300         10359.2 
          49500         10196.3 
          49700         10158.5 
          49900         10026.4 
          50100         9680.86 
          50300         9760.22 
          50500         9536.23 
          50700         9472.13 
          50900         9339.24 
          51100         9149.99 
          51300         9134.47 
          51500         8975.46 
          51700         8917.28 
          51900         8762.67 
          52100         8679.43 
          52300         8534.81 
          52500         8464.85 
          52700          8483.6 
          52900         8208.35 
          53100         8128.59 
          53300         8041.85 
          53500         7966.96 
          53700         7878.72 
          53900          7817.9 
          54100         7722.75 
          54300         7525.29 
          54500         7557.67 
          54700         7416.51 
          54900         7350.32 
          55100         7242.96 
          55300         7300.92 
          55500         7057.84 
          55700         7083.87 
          55900         6959.61 
          56100         6901.46 
          56300         6761.11 
          56500         6757.11 
          56700         6666.05 
          56900         6523.63 
          57100         6537.63 
          57300          6440.9 
          57500         6390.36 
          57700          6284.8 
          57900         6250.67 
          58100          6156.6 
          58300         6079.41 
          58500         6026.35 
          58700         5928.83 
          58900         5868.76 
          59100         5811.42 
          59300         5756.86 
          59500         5673.95 
          59700         5630.93 
          59900         5570.39 
          60100         5510.75 
          60300         5431.05 
          60500         5344.56 
          60700         5299.48 
          60900         5235.37 
          61100         5157.87 
          61300         5128.98 
          61500         5068.18 
          61700         5016.97 
          61900         4961.69 
          62100         4911.91 
          62300         4848.39 
          62500         4773.92 
          62700         4714.28 
          62900          4679.4 
          63100         4609.28 
          63300         4584.06 
          63500         4509.26 
          63700         4482.48 
          63900         4408.51 
          64200         4337.98 
          64600         4211.03 
          65000         4110.85 
          65400         4015.27 
          65800         3909.52 
          66200         3813.25 
          66600         3738.28 
          67000         3648.21 
          67400         3571.45 
          67800         3480.83 
          68200         3399.46 
          68600         3343.44 
          69000         3264.36 
          69400         3188.19 
          69800         3134.21 
          70200         3052.87 
          70600         2992.15 
          71000         2928.27 
          71400         2869.76 
          71800          2811.2 
          72200         2744.43 
          72600         2688.62 
          73000         2639.51 
          73400         2575.93 
          73800          2529.4 
          74200         2467.38 
          74600         2422.71 
          75000         2375.64 
          75400         2310.48 
          75800         2226.23 
          76200         2162.82 
          76600         2099.01 
          77000         2050.44 
          77400         1984.28 
          77800         1936.91 
          78200         1889.86 
          78600         1839.33 
          79000          1806.8 
          79400         1759.54 
          79800         1726.69 
          80200         1696.21 
          80600         1660.97 
          81000         1633.59 
          81400         1609.78 
          81800         1578.25 
          82200         1552.95 
          82600         1530.22 
          83000         1497.18 
          83400          1475.6 
          83800         1446.26 
          84200         1423.62 
          84600         1396.82 
          85000         1377.34 
          85400         1352.64 
          85800         1327.11 
          86200         1308.39 
          86600         1279.75 
          87000         1265.37 
          87400         1244.59 
          87800         1218.57 
          88200         1196.79 
          88600         1179.34 
          89000         1161.01 
          89400         1141.92 
          89800         1120.09 
          90200         1106.85 
          90600          1092.6 
          91000         1071.14 
          91400         1050.42 
          91800         1037.22 
          92200         1016.27 
          92600         1004.96 
          93000         990.151 
          93400         972.964 
          93800         953.509 
          94200         942.753 
          94600         924.526 
          95000         916.047 
          95400         903.373 
          95800         884.433 
          96200             874 
          96600         857.168 
          97000         848.512 
          97400         833.615 
          97800         819.838 
          98200         810.009 
          98600         798.374 
          99000         782.979 
          99400         771.009 
          99800         762.912 
         100200         751.167 
         200000         50.0815 
         400000         3.19537 
         600000        0.632393 
         800000        0.199773 
         1.0e+6       0.0816297 
         1.2e+6       0.0392583 
         1.4e+6       0.0211314 
         1.6e+6        0.012355 
