# Kurucz ODFNEW /NOVER (2003)
# teff = 4000 K (value for the effective temperature for the model. Temperatures are given in K)
# logg = 5 log(cm/s2) (value for Log(G) for the model.)
# meta = -0.5  (value for the Metallicity for the model.)
# lh = 1.25  (l/Hp where l is the  mixing length of the convective element and Hp is the pressure scale height)
# vtur = 2 km/s (Microturbulence velocity)
# alpha = 0  (Alpha)
#
# column 1: WAVELENGTH (ANGSTROM), Wavelength in Angstrom
# column 2: FLUX (ERG/CM2/S/A), Flux in erg/cm2/s/A
          147.2    1.13159e-143 
            151    9.24467e-140 
          155.2    1.16056e-135 
          158.8    2.52891e-132 
            162    1.75546e-129 
            166    4.36897e-126 
          170.3     1.2914e-122 
          173.4    3.19814e-120 
          176.8    1.07815e-117 
          180.2    2.90993e-115 
          181.7    3.21468e-114 
          186.1    2.94666e-111 
            191    4.02835e-108 
          193.9    2.42327e-106 
          198.4     1.0993e-103 
          201.8     9.3222e-102 
            205    5.31868e-100 
          210.5     4.12972e-97 
          216.2     2.84297e-94 
          219.8     1.47621e-92 
            223      4.4238e-91 
          226.8     2.21234e-89 
            230     5.39364e-88 
            234     2.57256e-86 
            240     6.63005e-84 
          246.5     1.99115e-81 
          252.4     2.72693e-79 
          256.8     9.20426e-78 
            260     1.10255e-76 
            264     2.25397e-75 
          268.5     6.01264e-74 
          273.5     2.02939e-72 
          278.5     6.03012e-71 
            284     2.18291e-69 
            290     9.34029e-68 
            296      3.4151e-66 
            301     6.13655e-65 
            308     2.97916e-63 
            318     5.63433e-61 
            328     7.68068e-59 
            338     7.76285e-57 
            348     5.97925e-55 
            357     2.40615e-53 
            366     8.04582e-52 
            375     2.25997e-50 
            385     7.61872e-49 
            395     2.13624e-47 
            405     5.05544e-46 
            414     7.62159e-45 
            422     7.68441e-44 
            430      7.0894e-43 
            441     1.31337e-41 
            451     1.64102e-40 
            460     1.44544e-39 
            470      1.4656e-38 
            480     1.34373e-37 
            490     1.12215e-36 
            500      8.5712e-36 
            506     3.78766e-35 
            512     1.34292e-34 
            520     5.94714e-34 
            530     3.59911e-33 
            540     2.00328e-32 
            550     1.05631e-31 
            560     5.20646e-31 
            570     2.41993e-30 
            580     1.05273e-29 
            590     4.43699e-29 
            600     1.76006e-28 
            610     6.65802e-28 
            620      2.4068e-27 
            630     8.33475e-27 
            640     2.77203e-26 
            650      8.8662e-26 
            658     2.18782e-25 
            665     4.73126e-25 
            675     1.38306e-24 
            685     3.91137e-24 
            695     1.07148e-23 
            705     2.84549e-23 
            716     8.06801e-23 
            726     2.01989e-22 
            735     4.51071e-22 
            745     1.07516e-21 
            755     2.50058e-21 
            765     5.68102e-21 
            775     1.26148e-20 
            785     2.74154e-20 
            795     5.82244e-20 
            805     1.21595e-19 
            815      2.4888e-19 
            825     4.99826e-19 
            835     9.86043e-19 
            845     1.90938e-18 
            855     3.62457e-18 
            865     6.76751e-18 
            875     1.24303e-17 
            885     2.24674e-17 
            895     4.01672e-17 
            905     7.03391e-17 
            915     6.62767e-13 
            925     4.05536e-12 
            935     6.27046e-12 
            945     9.79891e-12 
            955     9.12552e-12 
            965     2.28103e-11 
            975     1.64974e-11 
            985     3.91436e-11 
            995     6.81559e-11 
           1005     7.17372e-11 
           1015     1.01523e-10 
           1025     1.41372e-10 
           1035      3.1971e-10 
           1045      4.3347e-10 
           1055      5.1272e-10 
           1065      1.28205e-9 
           1075      1.65994e-9 
           1085      3.81234e-9 
           1095      5.61438e-9 
           1105      6.92137e-9 
           1115      1.02038e-8 
           1125      2.42741e-8 
           1135      4.19009e-8 
           1145      6.84795e-8 
           1155      9.98964e-8 
           1165      1.16631e-7 
           1175      1.97969e-7 
           1185      2.24571e-7 
           1195      2.15816e-7 
           1205      1.53548e-7 
           1215      5.20246e-8 
           1225      2.57827e-7 
           1235      9.14144e-7 
           1245      1.69231e-6 
           1255      2.63587e-6 
           1265      3.88024e-6 
           1275       5.3431e-6 
           1285      6.62826e-6 
           1295      8.02217e-6 
           1305      1.20585e-5 
           1315      1.44829e-5 
           1325      1.74633e-5 
           1335      2.01795e-5 
           1345      2.67476e-5 
           1355      3.56739e-5 
           1365      4.09439e-5 
           1375      4.60056e-5 
           1385      5.54442e-5 
           1395      6.52318e-5 
           1405       8.8994e-5 
           1415     0.000116225 
           1425     0.000129757 
           1435     0.000175657 
           1442     0.000254497 
           1447     0.000214543 
           1455     0.000263334 
           1465     0.000355854 
           1475     0.000357816 
           1485      0.00044974 
           1495     0.000671801 
           1505     0.000934578 
           1512      0.00062163 
           1517     0.000921914 
           1525      0.00147878 
           1535      0.00278587 
           1545      0.00201841 
           1555      0.00330422 
           1565      0.00312815 
           1575      0.00530462 
           1585      0.00574536 
           1595      0.00584103 
           1605      0.00630518 
           1615      0.00689653 
           1625      0.00702448 
           1635      0.00913615 
           1645       0.0122048 
           1655       0.0104885 
           1665       0.0159105 
           1672       0.0136807 
           1677       0.0203815 
           1685       0.0263053 
           1695        0.035568 
           1705       0.0378126 
           1715        0.041993 
           1725        0.056476 
           1735       0.0639066 
           1745       0.0878372 
           1755        0.090714 
           1765        0.107828 
           1775        0.106559 
           1785        0.180879 
           1795        0.158197 
           1805        0.249081 
           1815         0.19805 
           1825        0.292844 
           1835         0.27572 
           1845        0.378365 
           1855         0.32665 
           1865        0.496865 
           1875        0.485632 
           1885        0.596219 
           1895        0.738315 
           1905        0.776167 
           1915          1.0505 
           1925        0.958907 
           1935        0.742346 
           1945         1.28195 
           1955             1.7 
           1967         1.87971 
           1976         2.10818 
           1984         2.58315 
           1995         2.42705 
           2005         2.83192 
           2015         3.22401 
           2025         3.06391 
           2035         3.80875 
           2045          4.0695 
           2055         4.68514 
           2065         4.63351 
           2074         4.40683 
           2078         5.61087 
           2085         6.48726 
           2095         8.31976 
           2105           8.968 
           2115         9.42239 
           2125          10.602 
           2135         12.7997 
           2145         10.6951 
           2155         12.6006 
           2165         12.4917 
           2175         13.4705 
           2185          13.095 
           2195         19.3321 
           2205         17.1689 
           2215         19.5451 
           2225         18.1591 
           2235         26.9838 
           2245          30.633 
           2255         34.9812 
           2265         22.9024 
           2275         37.6917 
           2285         38.7248 
           2295          55.668 
           2305         27.7146 
           2315         68.6358 
           2325         59.5387 
           2335         84.0558 
           2345         56.9462 
           2355         54.2132 
           2365         67.2926 
           2375         67.4097 
           2385         101.431 
           2395         99.0618 
           2405         158.429 
           2415         106.497 
           2425         127.857 
           2435         178.357 
           2445         229.433 
           2455         263.447 
           2465         189.257 
           2475         295.836 
           2485          151.18 
           2495         160.035 
           2505         270.151 
           2513          211.44 
           2518         231.611 
           2525         268.642 
           2535         476.517 
           2545         575.602 
           2555         649.117 
           2565         406.744 
           2575         567.535 
           2585         480.446 
           2595         545.193 
           2605         707.822 
           2615         658.511 
           2625         955.078 
           2635         1479.79 
           2645         1227.49 
           2655         1631.97 
           2665         1462.42 
           2675         1214.43 
           2685         1643.78 
           2695         1189.83 
           2705         1881.07 
           2715         1760.06 
           2725         1538.04 
           2735            1614 
           2745         2168.52 
           2755         2139.21 
           2765         2831.28 
           2775         3542.34 
           2785         2332.58 
           2795         2930.93 
           2805         2982.37 
           2815         2921.71 
           2825         2986.88 
           2835         2511.79 
           2845         1987.34 
           2855         1228.72 
           2865         2770.41 
           2875         3229.19 
           2885          4674.7 
           2895         5610.24 
           2910         7024.22 
           2930         8285.95 
           2950         7881.34 
           2970         7629.49 
           2990         8797.84 
           3010         9019.78 
           3030         11050.5 
           3050         13120.4 
           3070         13454.5 
           3090         11650.2 
           3110         18469.8 
           3130         18694.4 
           3150         25310.4 
           3170           36672 
           3190           31657 
           3210         36809.7 
           3230         38005.5 
           3250         57986.9 
           3270         77953.7 
           3290         89065.2 
           3310           73509 
           3330           76590 
           3350         68303.1 
           3370         44145.1 
           3390         61383.5 
           3410         69358.1 
           3430         81965.4 
           3450         69493.6 
           3470         71576.4 
           3490         95796.1 
           3510          122983 
           3530          120109 
           3550          171240 
           3570           82958 
           3590         74833.8 
           3610          107248 
           3630          132833 
           3640          145359 
           3650          164568 
           3670          218210 
           3690          174164 
           3710          138344 
           3730         66004.6 
           3750         83519.4 
           3770          180926 
           3790          202314 
           3810          186614 
           3830         84761.5 
           3850          145776 
           3870          142749 
           3890          150429 
           3910          198462 
           3930         84620.1 
           3950          155666 
           3970          117673 
           3990          302541 
           4010          383779 
           4030          307676 
           4050          343093 
           4070          315054 
           4090          411499 
           4110          278977 
           4130          328958 
           4150          303287 
           4170          319839 
           4190          337179 
           4210          288646 
           4230          172573 
           4250          310060 
           4270          314663 
           4290          314110 
           4310          347787 
           4330          469804 
           4350          506347 
           4370          535654 
           4390          462289 
           4410          474997 
           4430          497439 
           4450          517215 
           4470          598139 
           4490          622385 
           4510          704855 
           4530          574212 
           4550          657486 
           4570          705516 
           4590          681125 
           4610          707650 
           4630          726557 
           4650          683261 
           4670          750422 
           4690          725555 
           4710          689858 
           4730          683397 
           4750          666033 
           4770          580056 
           4790          620228 
           4810          737286 
           4830          726881 
           4850          779324 
           4870          757036 
           4890          768297 
           4910          778115 
           4930          720028 
           4950          706119 
           4970          665780 
           4990          600041 
           5010          532102 
           5030          565134 
           5050          525124 
           5070          504179 
           5090          488083 
           5110          485972 
           5130          468333 
           5150          436806 
           5170          426738 
           5190          486267 
           5210          556904 
           5230          850189 
           5250          907458 
           5270          749894 
           5290          924575 
           5310          998484 
           5330          881509 
           5350          941689 
           5370          944773 
           5390          934649 
           5410          918162 
           5430          917455 
           5450          912065 
           5470          958478 
           5490          978843 
           5510          936385 
           5530      1.02124e+6 
           5550      1.04204e+6 
           5570      1.01663e+6 
           5590          926232 
           5610          988648 
           5630      1.05724e+6 
           5650      1.09887e+6 
           5670       1.0738e+6 
           5690      1.08485e+6 
           5710      1.06192e+6 
           5730      1.12884e+6 
           5750        1.144e+6 
           5770      1.14446e+6 
           5790       1.1176e+6 
           5810      1.14706e+6 
           5830      1.16769e+6 
           5850      1.12317e+6 
           5870      1.08671e+6 
           5890          596182 
           5910      1.00523e+6 
           5930      1.11835e+6 
           5950      1.13373e+6 
           5970      1.15341e+6 
           5990      1.16231e+6 
           6010      1.16022e+6 
           6030      1.18321e+6 
           6050      1.19701e+6 
           6070       1.1922e+6 
           6090      1.18236e+6 
           6110      1.17019e+6 
           6130       1.0989e+6 
           6150      1.17792e+6 
           6170      1.00474e+6 
           6190      1.16442e+6 
           6210      1.15342e+6 
           6230      1.12865e+6 
           6250       1.1061e+6 
           6270       1.1485e+6 
           6290      1.17835e+6 
           6310      1.17316e+6 
           6330      1.19284e+6 
           6350      1.21318e+6 
           6370      1.21114e+6 
           6390      1.21861e+6 
           6410      1.20185e+6 
           6430      1.18646e+6 
           6450      1.14053e+6 
           6470      1.15194e+6 
           6490      1.15639e+6 
           6510      1.20726e+6 
           6530      1.24493e+6 
           6550      1.22276e+6 
           6570      1.22336e+6 
           6590      1.23295e+6 
           6610      1.23843e+6 
           6630        1.244e+6 
           6650      1.23448e+6 
           6670      1.21625e+6 
           6690       1.2132e+6 
           6710        1.192e+6 
           6730      1.20248e+6 
           6750      1.18908e+6 
           6770      1.21494e+6 
           6790      1.20167e+6 
           6810       1.2116e+6 
           6830       1.2289e+6 
           6850      1.22832e+6 
           6870      1.22517e+6 
           6890      1.23743e+6 
           6910      1.24764e+6 
           6930      1.24288e+6 
           6950       1.2465e+6 
           6970      1.26339e+6 
           6990      1.25054e+6 
           7010      1.26013e+6 
           7030      1.26532e+6 
           7050      1.25823e+6 
           7070      1.21735e+6 
           7090      1.19813e+6 
           7110      1.20042e+6 
           7130      1.16546e+6 
           7150      1.13102e+6 
           7170      1.18759e+6 
           7190      1.19214e+6 
           7210      1.17351e+6 
           7230      1.22655e+6 
           7250      1.21915e+6 
           7270      1.24481e+6 
           7290      1.25125e+6 
           7310      1.25273e+6 
           7330      1.23027e+6 
           7350      1.23809e+6 
           7370       1.2578e+6 
           7390      1.25749e+6 
           7410      1.24858e+6 
           7430      1.25845e+6 
           7450      1.25293e+6 
           7470      1.25716e+6 
           7490      1.25791e+6 
           7510      1.26164e+6 
           7530      1.26824e+6 
           7550      1.26701e+6 
           7570      1.26729e+6 
           7590      1.25742e+6 
           7610      1.25563e+6 
           7630      1.25572e+6 
           7650      1.25116e+6 
           7670      1.18208e+6 
           7690      1.23391e+6 
           7710      1.20039e+6 
           7730      1.23826e+6 
           7750      1.22435e+6 
           7770      1.23915e+6 
           7790       1.2367e+6 
           7810      1.24156e+6 
           7830      1.22945e+6 
           7850      1.23181e+6 
           7870      1.24271e+6 
           7890      1.24235e+6 
           7910      1.23487e+6 
           7930      1.23158e+6 
           7950      1.22063e+6 
           7970      1.24173e+6 
           7990      1.23475e+6 
           8010      1.23235e+6 
           8030      1.23335e+6 
           8050      1.22694e+6 
           8070      1.22729e+6 
           8090      1.22727e+6 
           8110       1.2305e+6 
           8130      1.23352e+6 
           8150      1.23246e+6 
           8170      1.22773e+6 
           8190      1.13896e+6 
           8210       1.2082e+6 
           8230      1.21173e+6 
           8250      1.21323e+6 
           8270      1.21882e+6 
           8290      1.21344e+6 
           8310      1.20412e+6 
           8330      1.17576e+6 
           8350      1.19942e+6 
           8370      1.19084e+6 
           8390      1.12941e+6 
           8410      1.18663e+6 
           8430      1.14225e+6 
           8450      1.18671e+6 
           8470      1.17397e+6 
           8490      1.17142e+6 
           8510      1.12644e+6 
           8530      1.16331e+6 
           8550       1.0345e+6 
           8570      1.18315e+6 
           8590      1.17918e+6 
           8610      1.17462e+6 
           8630      1.17702e+6 
           8650      1.17063e+6 
           8670      1.03583e+6 
           8690      1.11768e+6 
           8710      1.17313e+6 
           8730      1.16954e+6 
           8750      1.16642e+6 
           8770      1.15934e+6 
           8790      1.16679e+6 
           8810      1.13214e+6 
           8830      1.13566e+6 
           8850      1.15463e+6 
           8870      1.14096e+6 
           8890      1.14842e+6 
           8910      1.14787e+6 
           8930      1.14231e+6 
           8950       1.1333e+6 
           8970      1.13636e+6 
           8990      1.13862e+6 
           9010      1.10568e+6 
           9030      1.12856e+6 
           9050      1.13807e+6 
           9070      1.13722e+6 
           9090      1.11376e+6 
           9110      1.11931e+6 
           9130      1.12675e+6 
           9150      1.12642e+6 
           9170      1.12384e+6 
           9190      1.12458e+6 
           9210      1.11641e+6 
           9230      1.11874e+6 
           9250      1.10845e+6 
           9270      1.11047e+6 
           9290      1.10294e+6 
           9310      1.11038e+6 
           9330      1.10826e+6 
           9350      1.10456e+6 
           9370      1.09436e+6 
           9390      1.10068e+6 
           9410      1.09099e+6 
           9430      1.09615e+6 
           9450      1.08316e+6 
           9470      1.09174e+6 
           9490      1.09057e+6 
           9510      1.08766e+6 
           9530      1.08359e+6 
           9550       1.0682e+6 
           9570       1.0732e+6 
           9590      1.07962e+6 
           9610       1.0633e+6 
           9630      1.07157e+6 
           9650      1.03222e+6 
           9670      1.03863e+6 
           9690      1.05557e+6 
           9710      1.04551e+6 
           9730      1.03584e+6 
           9750      1.04028e+6 
           9770       1.0455e+6 
           9790      1.02059e+6 
           9810      1.05175e+6 
           9830       1.0433e+6 
           9850      1.04796e+6 
           9870      1.04441e+6 
           9890      1.04216e+6 
           9910      1.03976e+6 
           9930      1.03733e+6 
           9950      1.03518e+6 
           9970      1.03346e+6 
           9990      1.03246e+6 
          10025      1.02489e+6 
          10075      1.01875e+6 
          10125      1.01529e+6 
          10175      1.00817e+6 
          10225      1.00237e+6 
          10275          999063 
          10325          982979 
          10375          981017 
          10425          981266 
          10475          970135 
          10525          970054 
          10575          959319 
          10625          957052 
          10675          945695 
          10725          941810 
          10775          937081 
          10825          923943 
          10875          925883 
          10925          922699 
          10975          913498 
          11025          909074 
          11075          905246 
          11125          898710 
          11175          892194 
          11225          889615 
          11275          873801 
          11325          875648 
          11375          860717 
          11425          848958 
          11475          861975 
          11525          859390 
          11575          850294 
          11625          834019 
          11675          835376 
          11725          839447 
          11775          822361 
          11825          816445 
          11875          807768 
          11925          819420 
          11975          791496 
          12025          806291 
          12075          796966 
          12125          799376 
          12175          795848 
          12225          791040 
          12275          785534 
          12325          781207 
          12375          777072 
          12425          770952 
          12475          768174 
          12525          760876 
          12575          759269 
          12625          754023 
          12675          747359 
          12725          745964 
          12775          742353 
          12825          726681 
          12875          730911 
          12925          722020 
          12975          724902 
          13025          720324 
          13075          717514 
          13125          697143 
          13175          699436 
          13225          705315 
          13275          697276 
          13325          690270 
          13375          688783 
          13425          684561 
          13475          682893 
          13525          678100 
          13575          673666 
          13625          665829 
          13675          668866 
          13725          666761 
          13775          662823 
          13825          660186 
          13875          651601 
          13925          636516 
          13975          640284 
          14025          637163 
          14075          638881 
          14125          633441 
          14175          632505 
          14225          628402 
          14275          614653 
          14325          623275 
          14375          620734 
          14425          615460 
          14475          616898 
          14525          610747 
          14570          607495 
          14620          597795 
          14675          596786 
          14725          597414 
          14775          593326 
          14825          594130 
          14875          577424 
          14925          592757 
          14975          592350 
          15025          554838 
          15075          574140 
          15125          582322 
          15175          580503 
          15225          581215 
          15275          573073 
          15325          576446 
          15375          570870 
          15425          564594 
          15475          574606 
          15525          564675 
          15575          564223 
          15625          566991 
          15675          564054 
          15725          553434 
          15775          537729 
          15825          558015 
          15875          547509 
          15925          554341 
          15975          555778 
          16050          548826 
          16150          539899 
          16250          534344 
          16350          533817 
          16450          525982 
          16550          521667 
          16650          511723 
          16750          492258 
          16850          493557 
          16950          486453 
          17050          475359 
          17150          458368 
          17250          457121 
          17350          447298 
          17450          440887 
          17550          430936 
          17650          423660 
          17750          415289 
          17850          406510 
          17950          401444 
          18050          389758 
          18150          385727 
          18250          376206 
          18350          372274 
          18450          357569 
          18550          355389 
          18650          350905 
          18750          344065 
          18850          339745 
          18950          331606 
          19050          329960 
          19150          324993 
          19250          320893 
          19350          308751 
          19450          301750 
          19550          301076 
          19650          299961 
          19750          284163 
          19850          282148 
          19950          280226 
          20050          281430 
          20150          276417 
          20250          271011 
          20350          267735 
          20450          264042 
          20550          259597 
          20650          253943 
          20750          252263 
          20850          247639 
          20950          243392 
          21050          240430 
          21150          236242 
          21250          234232 
          21350          231217 
          21450          228173 
          21550          224933 
          21650          222297 
          21750          217988 
          21850          215603 
          21950          212517 
          22050          204922 
          22150          207407 
          22250          202297 
          22350          200664 
          22450          198260 
          22550          195869 
          22650          191301 
          22750          190293 
          22850          186661 
          22950          176254 
          23050          177962 
          23150          176224 
          23250          165435 
          23350          165963 
          23450          167393 
          23550          157375 
          23650          160526 
          23750          159752 
          23850          150739 
          23950          152681 
          24050          150997 
          24150          144588 
          24250          144308 
          24350          142712 
          24450          138037 
          24550          135458 
          24650          134547 
          24750          131464 
          24850          127187 
          24950          127561 
          25050          125956 
          25150          122187 
          25250          118840 
          25350          118895 
          25450          117974 
          25550          117162 
          25650          114349 
          25750          114872 
          25850          113173 
          25950          112403 
          26050          111353 
          26150          111924 
          26250          109291 
          26350          108620 
          26450          107354 
          26550          104489 
          26650          104099 
          26750          102716 
          26850          101702 
          26950           99190 
          27050         98303.5 
          27150         96313.2 
          27250           94664 
          27350         93902.5 
          27450         93434.6 
          27550         90985.6 
          27650         90313.8 
          27750         89825.6 
          27850         87680.8 
          27950         87049.7 
          28050         83135.9 
          28150         83882.2 
          28250         83119.5 
          28350         81596.6 
          28450         82234.2 
          28550           79228 
          28650         79965.6 
          28750         78311.9 
          28850         77118.1 
          28950         76896.4 
          29050         74193.9 
          29150         75991.2 
          29250         71117.6 
          29350         73695.2 
          29450         69407.8 
          29550         71682.8 
          29650         68221.8 
          29750         69913.5 
          29850         67040.1 
          29950         68785.5 
          30050         65053.4 
          30150         67424.2 
          30250           64476 
          30350         65458.8 
          30450         62510.4 
          30550         63740.7 
          30650         62944.5 
          30750           61719 
          30850         61006.8 
          30950         59771.6 
          31050         60754.8 
          31150         58789.1 
          31250         59431.9 
          31350         57067.8 
          31450         57703.3 
          31550         57008.9 
          31650         57141.8 
          31750         55739.8 
          31850         55379.2 
          31950         54796.9 
          32100         54706.4 
          32300           52843 
          32500         52590.5 
          32700         51466.5 
          32900         49986.5 
          33100         49783.1 
          33300         48300.2 
          33500         47664.8 
          33700           47187 
          33900         45448.4 
          34100           45189 
          34300         44785.2 
          34500         42931.8 
          34700         42910.8 
          34900         42182.2 
          35100         40892.5 
          35300         40176.5 
          35500         39859.6 
          35700         38586.6 
          35900         37944.5 
          36100         37707.3 
          36300         36563.9 
          36500         36028.6 
          36700         35371.3 
          36900         34756.5 
          37100         33868.2 
          37300         33332.7 
          37500           33045 
          37700         31982.3 
          37900         31797.8 
          38100         30940.6 
          38300         30451.4 
          38500         29861.3 
          38700         29452.9 
          38900           28750 
          39100         28284.1 
          39300         27755.5 
          39500         27405.1 
          39700         26852.4 
          39900         25992.3 
          40100         25860.2 
          40300         25346.6 
          40500         24752.4 
          40700         24202.7 
          40900         23971.1 
          41100         23470.7 
          41300         23089.4 
          41500         22696.7 
          41700         22150.2 
          41900         21889.9 
          42100         21350.9 
          42300         21195.8 
          42500         20721.6 
          42700         20375.1 
          42900         19584.3 
          43100         18565.6 
          43300         18515.7 
          43500         17648.4 
          43700         17075.1 
          43900         16777.6 
          44100         16134.7 
          44300         15812.9 
          44500         15541.9 
          44700         15038.9 
          44900         14889.7 
          45100         14491.4 
          45300         14212.8 
          45500         14077.8 
          45700         13949.1 
          45900         13551.9 
          46100         13488.2 
          46300         13251.6 
          46500           13242 
          46700         13108.6 
          46900         12867.6 
          47100         12707.1 
          47300         12687.2 
          47500         12362.1 
          47700         12178.3 
          47900           12109 
          48100           11753 
          48300         11810.8 
          48500         11582.6 
          48700         11304.3 
          48900         11124.1 
          49100         11093.4 
          49300         10798.2 
          49500         10665.9 
          49700           10539 
          49900         10426.1 
          50100         10125.6 
          50300         10080.1 
          50500         9882.79 
          50700         9814.06 
          50900         9657.54 
          51100         9523.81 
          51300         9434.52 
          51500         9295.19 
          51700         9156.04 
          51900         9027.99 
          52100         8953.12 
          52300         8786.57 
          52500         8666.04 
          52700         8642.98 
          52900         8404.09 
          53100         8384.59 
          53300         8204.82 
          53500         8174.79 
          53700         8033.27 
          53900         8000.35 
          54100          7872.7 
          54300         7648.07 
          54500          7680.7 
          54700         7576.67 
          54900         7493.32 
          55100         7392.48 
          55300         7372.37 
          55500         7168.77 
          55700         7137.79 
          55900         7085.72 
          56100         6960.23 
          56300         6859.52 
          56500         6831.23 
          56700         6736.01 
          56900         6609.15 
          57100          6599.1 
          57300          6463.5 
          57500         6476.95 
          57700         6345.34 
          57900         6279.33 
          58100          6232.6 
          58300         6116.65 
          58500         6072.58 
          58700            6000 
          58900         5940.11 
          59100         5860.49 
          59300         5813.21 
          59500         5742.06 
          59700         5663.69 
          59900          5625.1 
          60100         5582.51 
          60300         5468.14 
          60500         5390.36 
          60700         5367.17 
          60900         5312.17 
          61100         5215.89 
          61300         5211.59 
          61500         5116.19 
          61700         5074.56 
          61900         5016.46 
          62100         4955.38 
          62300         4916.82 
          62500         4832.55 
          62700         4771.87 
          62900         4735.67 
          63100         4667.76 
          63300         4626.74 
          63500         4540.84 
          63700         4515.43 
          63900         4442.74 
          64200         4347.21 
          64600         4171.76 
          65000         4048.44 
          65400         3943.93 
          65800         3800.41 
          66200         3697.11 
          66600         3637.12 
          67000         3533.49 
          67400         3475.33 
          67800         3365.03 
          68200          3277.4 
          68600         3252.42 
          69000         3168.85 
          69400         3086.35 
          69800         3057.65 
          70200          2960.3 
          70600         2907.88 
          71000         2847.63 
          71400         2797.93 
          71800         2749.67 
          72200         2665.16 
          72600         2616.64 
          73000         2586.91 
          73400         2513.69 
          73800         2478.84 
          74200         2411.34 
          74600         2377.35 
          75000         2332.17 
          75400         2281.72 
          75800         2210.82 
          76200         2162.36 
          76600          2115.7 
          77000          2082.4 
          77400         2011.57 
          77800         1983.78 
          78200         1935.94 
          78600         1895.79 
          79000         1846.46 
          79400         1825.16 
          79800         1772.89 
          80200          1753.9 
          80600         1715.08 
          81000         1678.77 
          81400         1655.78 
          81800          1629.1 
          82200         1592.15 
          82600         1579.14 
          83000         1540.93 
          83400         1509.23 
          83800         1476.41 
          84200         1470.33 
          84600         1436.03 
          85000          1403.1 
          85400         1388.65 
          85800         1362.88 
          86200         1342.91 
          86600         1317.58 
          87000          1302.6 
          87400         1269.74 
          87800         1250.87 
          88200         1229.28 
          88600         1210.77 
          89000         1194.16 
          89400         1173.79 
          89800         1150.83 
          90200         1139.17 
          90600         1120.55 
          91000         1099.89 
          91400         1080.32 
          91800          1064.8 
          92200         1048.05 
          92600         1029.08 
          93000         1016.76 
          93400         998.185 
          93800         981.426 
          94200         966.061 
          94600          946.08 
          95000         935.625 
          95400         928.168 
          95800         901.961 
          96200         891.667 
          96600          873.64 
          97000         863.847 
          97400         851.961 
          97800          834.53 
          98200         824.659 
          98600         812.672 
          99000         785.785 
          99400         782.753 
          99800         771.157 
         100200         759.384 
         200000         51.0525 
         400000         3.23681 
         600000        0.637845 
         800000        0.201279 
         1.0e+6       0.0822024 
         1.2e+6       0.0395357 
         1.4e+6       0.0212852 
         1.6e+6        0.012449 
