# Kurucz ODFNEW /NOVER (2003)
# teff = 3750 K (value for the effective temperature for the model. Temperatures are given in K)
# logg = 3.5 log(cm/s2) (value for Log(G) for the model.)
# meta = -1  (value for the Metallicity for the model.)
# lh = 1.25  (l/Hp where l is the  mixing length of the convective element and Hp is the pressure scale height)
# vtur = 2 km/s (Microturbulence velocity)
# alpha = 0.4  (Alpha)
#
# column 1: WAVELENGTH (ANGSTROM), Wavelength in Angstrom
# column 2: FLUX (ERG/CM2/S/A), Flux in erg/cm2/s/A
          147.2    3.78662e-155 
            151    5.84351e-151 
          155.2    1.42907e-146 
          158.8    5.36289e-143 
            162    5.91421e-140 
            166    2.56066e-136 
          170.3     1.3334e-132 
          173.4    4.88134e-130 
          176.8    2.48708e-127 
          180.2    9.98833e-125 
          181.7    1.30872e-123 
          186.1    1.94776e-120 
            191     4.4501e-117 
          193.9      3.584e-115 
          198.4    2.51424e-112 
          201.8     2.9258e-110 
            205    2.22703e-108 
          210.5    2.78078e-105 
          216.2    3.05365e-102 
          219.8    2.10308e-100 
            223     8.04004e-99 
          226.8     5.32097e-97 
            230     1.63069e-95 
            234     1.02624e-93 
            240     3.93983e-91 
          246.5     1.78283e-88 
          252.4     3.47819e-86 
          256.8     1.51249e-84 
            260     2.16658e-83 
            264     5.50532e-82 
          268.5     1.86133e-80 
          273.5     8.10045e-79 
          278.5     3.07519e-77 
            284     1.44324e-75 
            290     8.10618e-74 
            296     3.84783e-72 
            301     8.52663e-71 
            308     5.48788e-69 
            318     1.51982e-66 
            328     2.96417e-64 
            338     4.19684e-62 
            348     4.44128e-60 
            357     2.34298e-58 
            366     1.01351e-56 
            375      3.6375e-55 
            385     1.58873e-53 
            395      5.6964e-52 
            405     1.70297e-50 
            414     3.13809e-49 
            422     3.75494e-48 
            430     4.08534e-47 
            441     9.40192e-46 
            451     1.41782e-44 
            460     1.46891e-43 
            470     1.77075e-42 
            480     1.91635e-41 
            490     1.87627e-40 
            500     1.66966e-39 
            506     8.00202e-39 
            512     3.08748e-38 
            520     1.53005e-37 
            530     1.06042e-36 
            540     6.72932e-36 
            550     4.02447e-35 
            560     2.24019e-34 
            570     1.17089e-33 
            580      5.7066e-33 
            590     2.68278e-32 
            600     1.18304e-31 
            610     4.95782e-31 
            620     1.97891e-30 
            630     7.54304e-30 
            640     2.75309e-29 
            650     9.63625e-29 
            658     2.55049e-28 
            665     5.85618e-28 
            675     1.86105e-27 
            685     5.70789e-27 
            695     1.69168e-26 
            705     4.84911e-26 
            716      1.4922e-25 
            726     4.01527e-25 
            735     9.55239e-25 
            745     2.43811e-24 
            755     6.06144e-24 
            765     1.46952e-23 
            775     3.47604e-23 
            785     8.03498e-23 
            795     1.81133e-22 
            805     4.01225e-22 
            815     8.69644e-22 
            825     1.84677e-21 
            835     3.84702e-21 
            845     7.86145e-21 
            855      1.5752e-20 
            865     3.10134e-20 
            875     6.00061e-20 
            885     1.14261e-19 
            895     2.14536e-19 
            905     3.95144e-19 
            915     1.48028e-14 
            925     8.00593e-14 
            935     1.08668e-13 
            945     1.79804e-13 
            955     1.73654e-13 
            965     4.07425e-13 
            975      2.8827e-13 
            985     7.86017e-13 
            995       1.367e-12 
           1005     1.51076e-12 
           1015     1.85263e-12 
           1025     2.67498e-12 
           1035     6.67174e-12 
           1045      1.0473e-11 
           1055      1.3453e-11 
           1065     3.38092e-11 
           1075     4.59557e-11 
           1085     1.02978e-10 
           1095     1.51367e-10 
           1105     2.11628e-10 
           1115     3.14056e-10 
           1125     7.32488e-10 
           1135      1.23837e-9 
           1145      2.09433e-9 
           1155      3.08607e-9 
           1165      3.74169e-9 
           1175      5.92016e-9 
           1185      7.25946e-9 
           1195      5.49044e-9 
           1205      3.39492e-9 
           1215      1.60458e-9 
           1225      5.89788e-9 
           1235      2.28568e-8 
           1245       5.6822e-8 
           1255      9.66086e-8 
           1265      1.49894e-7 
           1275      2.10046e-7 
           1285      2.67394e-7 
           1295      3.36423e-7 
           1305       5.0277e-7 
           1315       6.4942e-7 
           1325      8.12974e-7 
           1335      9.71615e-7 
           1345      1.29756e-6 
           1355       1.8044e-6 
           1365      2.10664e-6 
           1375      2.51369e-6 
           1385      3.05374e-6 
           1395      3.69175e-6 
           1405      5.12891e-6 
           1415      6.75704e-6 
           1425      7.82484e-6 
           1435      1.05149e-5 
           1442      1.49401e-5 
           1447      1.32789e-5 
           1455      1.62769e-5 
           1465      2.20801e-5 
           1475      2.28466e-5 
           1485      2.92845e-5 
           1495      4.35602e-5 
           1505      5.99883e-5 
           1512      4.18858e-5 
           1517      6.31536e-5 
           1525      9.93229e-5 
           1535     0.000185805 
           1545     0.000138857 
           1555       0.0002079 
           1565     0.000198884 
           1575     0.000295628 
           1585     0.000311584 
           1595     0.000307556 
           1605     0.000335631 
           1615     0.000355306 
           1625     0.000358536 
           1635     0.000486282 
           1645     0.000646769 
           1655     0.000590919 
           1665     0.000884957 
           1672     0.000810412 
           1677      0.00118342 
           1685      0.00150627 
           1695      0.00208661 
           1705      0.00225167 
           1715      0.00273566 
           1725      0.00360951 
           1735      0.00419603 
           1745      0.00559225 
           1755      0.00572172 
           1765      0.00780058 
           1775      0.00708386 
           1785       0.0128429 
           1795       0.0107245 
           1805       0.0185623 
           1815       0.0138651 
           1825         0.02206 
           1835       0.0197918 
           1845       0.0314153 
           1855        0.024698 
           1865       0.0422098 
           1875       0.0400441 
           1885       0.0515386 
           1895       0.0631466 
           1905       0.0683205 
           1915       0.0990007 
           1925       0.0904354 
           1935       0.0943648 
           1945        0.126671 
           1955          0.1762 
           1967        0.189879 
           1976        0.223824 
           1984        0.294014 
           1995        0.266075 
           2005        0.325935 
           2015        0.368033 
           2025        0.359942 
           2035         0.44702 
           2045        0.464333 
           2055        0.565046 
           2065        0.539859 
           2074        0.525497 
           2078        0.653401 
           2085        0.721876 
           2095        0.795264 
           2105        0.790626 
           2115        0.815035 
           2125        0.940233 
           2135         1.15906 
           2145        0.943251 
           2155         1.16774 
           2165         1.16614 
           2175         1.27362 
           2185         1.23437 
           2195         1.87058 
           2205          1.6563 
           2215         1.93439 
           2225         1.73806 
           2235         2.64951 
           2245         3.04925 
           2255         3.59673 
           2265         2.34678 
           2275         4.17635 
           2285         4.08244 
           2295         6.23571 
           2305         2.87967 
           2315         7.82459 
           2325         6.68724 
           2335         9.55673 
           2345         6.36888 
           2355         6.05577 
           2365         7.73163 
           2375         7.80024 
           2385         12.0214 
           2395         11.7675 
           2405         19.4102 
           2415          12.822 
           2425         15.8901 
           2435         22.9187 
           2445          29.411 
           2455         33.8474 
           2465         24.6427 
           2475         41.3622 
           2485         21.5487 
           2495         22.5147 
           2505          37.761 
           2513         28.6653 
           2518         34.4624 
           2525         42.7917 
           2535         72.8107 
           2545         94.0279 
           2555         94.0897 
           2565         56.9335 
           2575         83.2874 
           2585         65.8268 
           2595         76.4981 
           2605         99.9001 
           2615         93.5182 
           2625         133.943 
           2635          192.13 
           2645         160.476 
           2655         212.756 
           2665         192.883 
           2675         172.922 
           2685         224.661 
           2695         174.842 
           2705          274.44 
           2715         276.807 
           2725         257.651 
           2735         258.999 
           2745         360.989 
           2755         342.063 
           2765         454.112 
           2775         569.451 
           2785         395.064 
           2795         539.485 
           2805         533.634 
           2815         531.419 
           2825         556.364 
           2835         494.042 
           2845         416.379 
           2855         251.952 
           2865         611.205 
           2875          643.24 
           2885          943.36 
           2895         1090.45 
           2910         1339.85 
           2930         1536.73 
           2950         1587.48 
           2970         1570.53 
           2990         2006.17 
           3010         2347.05 
           3030         2857.69 
           3050         3430.19 
           3070         2986.13 
           3090         2909.68 
           3110         4135.72 
           3130         4041.89 
           3150         5816.19 
           3170         9222.07 
           3190          8082.8 
           3210           10296 
           3230         11093.3 
           3250         17617.9 
           3270           23409 
           3290         31703.6 
           3310         27366.3 
           3330         29530.8 
           3350         27051.3 
           3370         18513.9 
           3390         26330.5 
           3410         32796.7 
           3430         37785.3 
           3450         36041.3 
           3470         37757.7 
           3490         47591.9 
           3510         70015.5 
           3530         64955.4 
           3550         94752.6 
           3570         50726.6 
           3590         46728.4 
           3610         69430.8 
           3630         87174.2 
           3640         88373.4 
           3650          101641 
           3670          137043 
           3690          113178 
           3710         97660.5 
           3730         42788.2 
           3750         55859.1 
           3770          124804 
           3790          137776 
           3810          128192 
           3830         51269.3 
           3850         98832.9 
           3870         98608.8 
           3890          104830 
           3910          121009 
           3930         40856.3 
           3950           84258 
           3970         55937.3 
           3990          173649 
           4010          241218 
           4030          204798 
           4050          225415 
           4070          215753 
           4090          259462 
           4110          162993 
           4130          194886 
           4150          182208 
           4170          177425 
           4190          196694 
           4210          170271 
           4230         98679.1 
           4250          196095 
           4270          193544 
           4290          196304 
           4310          218480 
           4330          297101 
           4350          310084 
           4370          321870 
           4390          289661 
           4410          303505 
           4430          302326 
           4450          313654 
           4470          350052 
           4490          368524 
           4510          400917 
           4530          335407 
           4550          378522 
           4570          409976 
           4590          389102 
           4610          410515 
           4630          394955 
           4650          381059 
           4670          408982 
           4690          391851 
           4710          374724 
           4730          364372 
           4750          363413 
           4770          260051 
           4790          296847 
           4810          344047 
           4830          359823 
           4850          398711 
           4870          415283 
           4890          438376 
           4910          439907 
           4930          425618 
           4950          397524 
           4970          303798 
           4990          307752 
           5010          250907 
           5030          284130 
           5050          274336 
           5070          271413 
           5090          268674 
           5110          283037 
           5130          269926 
           5150          258388 
           5170          241833 
           5190          253749 
           5210          318756 
           5230          494861 
           5250          499053 
           5270          466366 
           5290          548264 
           5310          596210 
           5330          540756 
           5350          582326 
           5370          568656 
           5390          565870 
           5410          574386 
           5430          569549 
           5450          520896 
           5470          501644 
           5490          534282 
           5510          503620 
           5530          569709 
           5550          593521 
           5570          592059 
           5590          556364 
           5610          503864 
           5630          538657 
           5650          579707 
           5670          568641 
           5690          615639 
           5710          600311 
           5730          658100 
           5750          679042 
           5770          653703 
           5790          666219 
           5810          676216 
           5830          693043 
           5850          660725 
           5870          618806 
           5890          440559 
           5910          559905 
           5930          579917 
           5950          587795 
           5970          604972 
           5990          629624 
           6010          640584 
           6030          679101 
           6050          699722 
           6070          713748 
           6090          721003 
           6110          723849 
           6130          697899 
           6150          730321 
           6170          560736 
           6190          598787 
           6210          585686 
           6230          531264 
           6250          554835 
           6270          606613 
           6290          637850 
           6310          666106 
           6330          688267 
           6350          712331 
           6370          703957 
           6390          719864 
           6410          722778 
           6430          698644 
           6450          694825 
           6470          716472 
           6490          694613 
           6510          731225 
           6530          764796 
           6550          743413 
           6570          743834 
           6590          754212 
           6610          752672 
           6630          744813 
           6650          710643 
           6670          684066 
           6690          630286 
           6710          634441 
           6730          579722 
           6750          588645 
           6770          635386 
           6790          598661 
           6810          630218 
           6830          661622 
           6850          679771 
           6870          683697 
           6890          721389 
           6910          757521 
           6930          752033 
           6950          780640 
           6970          813078 
           6990          815526 
           7010          830582 
           7030          846520 
           7050          808753 
           7070          680978 
           7090          634836 
           7110          630174 
           7130          551619 
           7150          553202 
           7170          595877 
           7190          648927 
           7210          632606 
           7230          701102 
           7250          729986 
           7270          775371 
           7290          802881 
           7310          823028 
           7330          834108 
           7350          843592 
           7370          871410 
           7390          880910 
           7410          883160 
           7430          890763 
           7450          892503 
           7470          898802 
           7490          900791 
           7510          908491 
           7530          913305 
           7550          913364 
           7570          913869 
           7590          886432 
           7610          873843 
           7630          859496 
           7650          850631 
           7670          799773 
           7690          805365 
           7710          791686 
           7730          816785 
           7750          799717 
           7770          807149 
           7790          812074 
           7810          834540 
           7830          824260 
           7850          827402 
           7870          844247 
           7890          858430 
           7910          852409 
           7930          858059 
           7950          857383 
           7970          881494 
           7990          874608 
           8010          881637 
           8030          885313 
           8050          888536 
           8070          887029 
           8090          893528 
           8110          898291 
           8130          904478 
           8150          905886 
           8170          905407 
           8190          871111 
           8210          870170 
           8230          881964 
           8250          882841 
           8270          883588 
           8290          871327 
           8310          863210 
           8330          858690 
           8350          859606 
           8370          856041 
           8390          818569 
           8410          858250 
           8430          819725 
           8450          840278 
           8470          832796 
           8490          833058 
           8510          804698 
           8530          829975 
           8550          741992 
           8570          855176 
           8590          856406 
           8610          857514 
           8630          864774 
           8650          862995 
           8670          764847 
           8690          837358 
           8710          873840 
           8730          868852 
           8750          871921 
           8770          868047 
           8790          875608 
           8810          855620 
           8830          861122 
           8850          868153 
           8870          806543 
           8890          814358 
           8910          825322 
           8930          824984 
           8950          814952 
           8970          821997 
           8990          830929 
           9010          819216 
           9030          831346 
           9050          843499 
           9070          848163 
           9090          834085 
           9110          841185 
           9130          848938 
           9150          851846 
           9170          852032 
           9190          854795 
           9210          848866 
           9230          848110 
           9250          840131 
           9270          843831 
           9290          836885 
           9310          841507 
           9330          840933 
           9350          840227 
           9370          831451 
           9390          837826 
           9410          831333 
           9430          836495 
           9450          827136 
           9470          835324 
           9490          835865 
           9510          833061 
           9530          831476 
           9550          818786 
           9570          825856 
           9590          831468 
           9610          817894 
           9630          827134 
           9650          789403 
           9670          794844 
           9690          811627 
           9710          805690 
           9730          794462 
           9750          795486 
           9770          801586 
           9790          781452 
           9810          807629 
           9830          797211 
           9850          804655 
           9870          804066 
           9890          803397 
           9910          799199 
           9930          797855 
           9950          798037 
           9970          799425 
           9990          798832 
          10025          790415 
          10075          788267 
          10125          788035 
          10175          782565 
          10225          783074 
          10275          781537 
          10325          772361 
          10375          770464 
          10425          772728 
          10475          764991 
          10525          766242 
          10575          758104 
          10625          757893 
          10675          748198 
          10725          745070 
          10775          745797 
          10825          735451 
          10875          738643 
          10925          737200 
          10975          730060 
          11025          727699 
          11075          723539 
          11125          720337 
          11175          714449 
          11225          714945 
          11275          704410 
          11325          704666 
          11375          697204 
          11425          692240 
          11475          697522 
          11525          695652 
          11575          689711 
          11625          680585 
          11675          680462 
          11725          683960 
          11775          672322 
          11825          668589 
          11875          663264 
          11925          670456 
          11975          651865 
          12025          661827 
          12075          656900 
          12125          658873 
          12175          657158 
          12225          654112 
          12275          650520 
          12325          648278 
          12375          645289 
          12425          641692 
          12475          639729 
          12525          636529 
          12575          634408 
          12625          631000 
          12675          628236 
          12725          626496 
          12775          624717 
          12825          611794 
          12875          616937 
          12925          612060 
          12975          615229 
          13025          611758 
          13075          610041 
          13125          600547 
          13175          600990 
          13225          602808 
          13275          595625 
          13325          584204 
          13375          573842 
          13425          567757 
          13475          573199 
          13525          566065 
          13575          565665 
          13625          559755 
          13675          566105 
          13725          566007 
          13775          564924 
          13825          563466 
          13875          554520 
          13925          510464 
          13975          527535 
          14025          533548 
          14075          537333 
          14125          530439 
          14175          532084 
          14225          533433 
          14275          525081 
          14325          529904 
          14375          524820 
          14425          529589 
          14475          527680 
          14525          524982 
          14570          524389 
          14620          495692 
          14675          502199 
          14725          512677 
          14775          509230 
          14825          513892 
          14875          504501 
          14925          519172 
          14975          526849 
          15025          494511 
          15075          510350 
          15125          516615 
          15175          520774 
          15225          526932 
          15275          514285 
          15325          524473 
          15375          505338 
          15425          498647 
          15475          526830 
          15525          511922 
          15575          515272 
          15625          528414 
          15675          526458 
          15725          517525 
          15775          510147 
          15825          529989 
          15875          517059 
          15925          529593 
          15975          536233 
          16050          526392 
          16150          530828 
          16250          515127 
          16350          520965 
          16450          518089 
          16550          518297 
          16650          507619 
          16750          494661 
          16850          490320 
          16950          482899 
          17050          470357 
          17150          447391 
          17250          443979 
          17350          429139 
          17450          424556 
          17550          406375 
          17650          397152 
          17750          386209 
          17850          371808 
          17950          369430 
          18050          352213 
          18150          349051 
          18250          337217 
          18350          337512 
          18450          321557 
          18550          310665 
          18650          310505 
          18750          301705 
          18850          305277 
          18950          298948 
          19050          296762 
          19150          293506 
          19250          291146 
          19350          279733 
          19450          276346 
          19550          275093 
          19650          271530 
          19750          260558 
          19850          256295 
          19950          250751 
          20050          251376 
          20150          245260 
          20250          240289 
          20350          238688 
          20450          235657 
          20550          231737 
          20650          226812 
          20750          226757 
          20850          220844 
          20950          219659 
          21050          217466 
          21150          215625 
          21250          213100 
          21350          211323 
          21450          209955 
          21550          207476 
          21650          206584 
          21750          202722 
          21850          201234 
          21950          199365 
          22050          195291 
          22150          196849 
          22250          191240 
          22350          190800 
          22450          189328 
          22550          187341 
          22650          182812 
          22750          182140 
          22850          178941 
          22950          164367 
          23050          168283 
          23150          166200 
          23250          152946 
          23350          156013 
          23450          156275 
          23550          143253 
          23650          148227 
          23750          147763 
          23850          135109 
          23950          138265 
          24050          134121 
          24150          126683 
          24250          126101 
          24350          123289 
          24450          117386 
          24550          114231 
          24650          112500 
          24750          108678 
          24850          104663 
          24950          104201 
          25050          101786 
          25150         97684.1 
          25250         92858.4 
          25350         93710.1 
          25450         93556.7 
          25550         93414.5 
          25650         89274.8 
          25750           90969 
          25850         90272.2 
          25950         89700.9 
          26050         89102.3 
          26150         91468.7 
          26250         89400.9 
          26350         89266.2 
          26450         87655.5 
          26550         85548.1 
          26650         86169.7 
          26750         84210.5 
          26850         84148.8 
          26950         80444.4 
          27050         80741.4 
          27150         77842.8 
          27250         75791.1 
          27350         74925.6 
          27450         74915.7 
          27550         72074.7 
          27650         71406.5 
          27750         71313.5 
          27850         68699.2 
          27950         68473.7 
          28050         63796.7 
          28150         65279.2 
          28250         64388.3 
          28350         63723.9 
          28450         64370.5 
          28550         61951.5 
          28650         62749.8 
          28750         61789.9 
          28850         60538.5 
          28950           61020 
          29050           57873 
          29150         60309.7 
          29250         54909.1 
          29350         58650.9 
          29450         52741.1 
          29550         56004.5 
          29650         52970.5 
          29750         54734.7 
          29850         51806.4 
          29950         54014.5 
          30050         50126.2 
          30150         53507.5 
          30250         49580.8 
          30350         51614.5 
          30450           48761 
          30550         50270.8 
          30650         49658.6 
          30750         48519.4 
          30850         47710.5 
          30950         46631.9 
          31050         47977.1 
          31150         46054.4 
          31250         47098.8 
          31350         44970.4 
          31450         45774.2 
          31550         44977.3 
          31650         45637.5 
          31750         44188.2 
          31850         44497.9 
          31950         43636.7 
          32100         44147.6 
          32300         42840.6 
          32500           42825 
          32700         42070.2 
          32900         41295.8 
          33100         41217.7 
          33300         40265.5 
          33500         39886.8 
          33700         39769.7 
          33900         38587.2 
          34100         38511.7 
          34300         38553.9 
          34500         36823.1 
          34700         37316.6 
          34900         36531.3 
          35100           35682 
          35300         35130.7 
          35500           34996 
          35700         33925.1 
          35900         33542.3 
          36100         33535.9 
          36300         32492.7 
          36500         32095.2 
          36700         31709.9 
          36900         31173.5 
          37100         30419.5 
          37300         30088.7 
          37500         29969.6 
          37700         28812.2 
          37900         28975.8 
          38100         28098.8 
          38300         27598.1 
          38500         27210.4 
          38700         26995.3 
          38900           26218 
          39100         25760.8 
          39300         25328.5 
          39500         25123.3 
          39700         24514.7 
          39900         23538.1 
          40100         23409.8 
          40300         22981.5 
          40500         22148.1 
          40700         21599.8 
          40900         21213.2 
          41100         20951.9 
          41300         20375.4 
          41500         20204.6 
          41700         19458.8 
          41900         19522.2 
          42100         18819.8 
          42300         18830.9 
          42500         18212.1 
          42700         17988.4 
          42900         17407.4 
          43100         16493.8 
          43300         16665.3 
          43500         15808.6 
          43700         15409.6 
          43900         15181.3 
          44100         14548.4 
          44300         14293.7 
          44500         14079.2 
          44700         13620.1 
          44900           13466 
          45100         13141.4 
          45300         12846.4 
          45500         12737.6 
          45700         12592.2 
          45900         12206.8 
          46100         12116.4 
          46300         11890.5 
          46500         11895.2 
          46700         11652.9 
          46900         11511.3 
          47100         11375.4 
          47300         11241.1 
          47500         11060.7 
          47700         10809.7 
          47900         10739.8 
          48100         10417.2 
          48300         10531.5 
          48500         10233.4 
          48700         9983.68 
          48900         9849.09 
          49100         9885.28 
          49300         9533.52 
          49500         9493.54 
          49700         9307.78 
          49900         9222.87 
          50100         8979.93 
          50300         8848.06 
          50500         8737.49 
          50700         8632.05 
          50900         8483.07 
          51100         8391.69 
          51300         8256.53 
          51500         8194.23 
          51700         7969.85 
          51900         7903.37 
          52100         7852.25 
          52300         7696.31 
          52500         7555.64 
          52700         7539.91 
          52900         7332.49 
          53100         7333.08 
          53300          7153.1 
          53500         7082.34 
          53700         6970.11 
          53900         6966.59 
          54100         6808.73 
          54300         6574.16 
          54500         6664.76 
          54700         6564.36 
          54900         6499.37 
          55100         6399.17 
          55300         6326.35 
          55500         6168.93 
          55700            6153 
          55900          6128.1 
          56100         6009.55 
          56300         5921.05 
          56500         5886.41 
          56700         5781.32 
          56900         5654.41 
          57100          5690.9 
          57300         5507.02 
          57500         5629.43 
          57700         5470.98 
          57900         5357.06 
          58100            5390 
          58300         5249.78 
          58500         5208.88 
          58700         5167.43 
          58900         5127.73 
          59100         5040.45 
          59300          5027.5 
          59500         4965.56 
          59700         4879.81 
          59900         4856.63 
          60100         4862.42 
          60300         4703.82 
          60500         4626.25 
          60700         4675.57 
          60900         4630.79 
          61100         4495.67 
          61300         4579.47 
          61500         4446.95 
          61700         4416.98 
          61900         4374.22 
          62100         4329.78 
          62300         4310.47 
          62500         4209.63 
          62700         4150.91 
          62900          4143.4 
          63100         4064.95 
          63300         4038.74 
          63500          3927.2 
          63700         3939.53 
          63900         3860.38 
          64200         3752.36 
          64600         3546.52 
          65000          3427.3 
          65400          3312.4 
          65800         3164.62 
          66200         3079.29 
          66600          3022.2 
          67000         2932.35 
          67400         2895.74 
          67800         2784.96 
          68200         2728.74 
          68600         2714.22 
          69000          2632.2 
          69400         2566.12 
          69800         2559.76 
          70200         2473.18 
          70600         2429.06 
          71000         2371.73 
          71400         2334.07 
          71800         2309.53 
          72200          2226.7 
          72600         2192.65 
          73000         2164.52 
          73400         2113.86 
          73800         2085.19 
          74200         2022.74 
          74600         2010.52 
          75000         1959.26 
          75400         1921.56 
          75800         1858.06 
          76200         1804.87 
          76600         1771.56 
          77000          1749.7 
          77400         1685.01 
          77800         1666.42 
          78200         1623.78 
          78600         1591.38 
          79000         1547.06 
          79400         1531.75 
          79800         1486.02 
          80200         1475.63 
          80600         1434.17 
          81000         1407.87 
          81400          1390.2 
          81800          1368.3 
          82200         1334.73 
          82600         1325.03 
          83000         1289.76 
          83400         1265.72 
          83800         1236.82 
          84200         1236.57 
          84600         1206.28 
          85000         1182.07 
          85400         1171.49 
          85800         1146.62 
          86200         1130.88 
          86600         1110.06 
          87000         1104.06 
          87400         1069.12 
          87800          1055.2 
          88200          1037.9 
          88600         1025.14 
          89000         1009.15 
          89400         993.207 
          89800         972.933 
          90200         967.286 
          90600         951.237 
          91000          937.57 
          91400         919.686 
          91800         906.816 
          92200         890.766 
          92600         873.773 
          93000         866.534 
          93400          851.83 
          93800         836.231 
          94200         822.436 
          94600         808.845 
          95000         799.042 
          95400         795.791 
          95800         771.714 
          96200         761.239 
          96600         747.519 
          97000         739.085 
          97400         730.684 
          97800         716.881 
          98200         708.826 
          98600         698.591 
          99000         674.085 
          99400         674.047 
          99800         663.094 
         100200         653.158 
         200000         45.6671 
         400000         2.97216 
         600000        0.591319 
         800000        0.187187 
         1.0e+6        0.076559 
         1.2e+6       0.0368436 
         1.4e+6       0.0198475 
         1.6e+6       0.0116096 
