# Kurucz ODFNEW /NOVER (2003)
# teff = 6000 K (value for the effective temperature for the model. Temperatures are given in K)
# logg = 3 log(cm/s2) (value for Log(G) for the model.)
# meta = -0.5  (value for the Metallicity for the model.)
# lh = 1.25  (l/Hp where l is the  mixing length of the convective element and Hp is the pressure scale height)
# vtur = 2 km/s (Microturbulence velocity)
# alpha = 0  (Alpha)
#
# column 1: WAVELENGTH (ANGSTROM), Wavelength in Angstrom
# column 2: FLUX (ERG/CM2/S/A), Flux in erg/cm2/s/A
          147.2     4.16443e-93 
            151     1.72429e-90 
          155.2     9.49619e-88 
          158.8     1.61837e-85 
            162     1.28224e-83 
            166     2.38142e-81 
          170.3     4.95234e-79 
          173.4     1.96361e-77 
          176.8     9.55616e-76 
          180.2     4.00512e-74 
          181.7     1.98892e-73 
          186.1     1.88141e-71 
            191     2.31897e-69 
          193.9     3.55615e-68 
          198.4      2.0937e-66 
          201.8     4.03157e-65 
            205     5.96026e-64 
          210.5     5.00025e-62 
          216.2     3.86494e-60 
          219.8     5.34612e-59 
            223     5.12424e-58 
          226.8     6.90096e-57 
            230      5.7636e-56 
            234     7.50831e-55 
            240      2.9948e-53 
          246.5     1.32012e-51 
          252.4     3.45046e-50 
          256.8     3.55831e-49 
            260     1.84536e-48 
            264     1.36317e-47 
          268.5     1.19971e-46 
          273.5     1.23259e-45 
          278.5     1.16348e-44 
            284     1.24991e-43 
            290     1.49778e-42 
            296     1.61491e-41 
            301     1.08851e-40 
            308      1.4127e-39 
            318     4.48764e-38 
            328     1.14545e-36 
            338     2.39352e-35 
            348     4.17251e-34 
            357     4.73391e-33 
            366     4.74919e-32 
            375     4.24027e-31 
            385     4.25998e-30 
            395     3.78432e-29 
            405     3.00281e-28 
            414     1.77135e-27 
            422     8.02097e-27 
            430     3.42378e-26 
            441      2.3005e-25 
            451     1.19345e-24 
            460     4.92365e-24 
            470     2.22371e-23 
            480     9.39273e-23 
            490     3.72964e-22 
            500     1.39541e-21 
            506     3.98512e-21 
            512     9.43692e-21 
            520      2.4727e-20 
            530     7.94337e-20 
            540     2.39965e-19 
            550     7.02647e-19 
            560     1.96341e-18 
            570     5.27734e-18 
            580     1.35237e-17 
            590     3.42119e-17 
            600     8.28166e-17 
            610     1.94328e-16 
            620     4.42451e-16 
            630     9.79364e-16 
            640      2.1111e-15 
            650     4.43551e-15 
            658     7.89196e-15 
            665     1.29003e-14 
            675     2.55469e-14 
            685     4.95045e-14 
            695     9.39357e-14 
            705     1.74477e-13 
            716     3.38174e-13 
            726     6.04846e-13 
            735     1.00573e-12 
            745      1.7417e-12 
            755     2.96823e-12 
            765     4.98257e-12 
            775     8.23803e-12 
            785     1.34326e-11 
            795     2.15085e-11 
            805     3.42345e-11 
            815     5.37072e-11 
            825     8.31586e-11 
            835     1.27279e-10 
            845     1.92611e-10 
            855     2.88345e-10 
            865     4.27102e-10 
            875     6.25795e-10 
            885     9.09422e-10 
            895       1.3084e-9 
            905      1.86487e-9 
            915      1.02963e-5 
            925       3.5672e-5 
            935      5.14788e-5 
            945      7.38462e-5 
            955     0.000108897 
            965     0.000153617 
            975     0.000214547 
            985     0.000298732 
            995     0.000411766 
           1005     0.000574815 
           1015     0.000781159 
           1025      0.00100667 
           1035      0.00142244 
           1045      0.00190106 
           1055      0.00252471 
           1065       0.0033321 
           1075      0.00437813 
           1085      0.00572058 
           1095      0.00742666 
           1105       0.0169238 
           1115       0.0543538 
           1125       0.0836224 
           1135        0.126785 
           1145        0.166272 
           1155        0.186941 
           1165        0.247901 
           1175        0.291015 
           1185        0.330068 
           1195        0.153351 
           1205        0.131007 
           1215       0.0828704 
           1225         0.18326 
           1235        0.405276 
           1245        0.901025 
           1255          1.6706 
           1265         1.99085 
           1275         2.94779 
           1285         4.15783 
           1295          5.3258 
           1305          5.5376 
           1315         7.69787 
           1325         9.12434 
           1335         10.6378 
           1345         12.6331 
           1355         14.2209 
           1365         16.3191 
           1375         18.0958 
           1385         20.2404 
           1395         23.1494 
           1405         27.1589 
           1415         30.1764 
           1425         33.3943 
           1435         37.4822 
           1442         45.5221 
           1447          43.864 
           1455          50.768 
           1465         57.3724 
           1475         60.0291 
           1485         69.0463 
           1495         86.2675 
           1505         100.633 
           1512          91.637 
           1517         110.289 
           1525         150.902 
           1535         331.989 
           1545         352.231 
           1555         453.052 
           1565         434.868 
           1575         646.794 
           1585          756.87 
           1595         878.671 
           1605         938.714 
           1615         1059.88 
           1625         1169.03 
           1635         1441.26 
           1645         1885.16 
           1655          1210.5 
           1665         2157.05 
           1672         1499.46 
           1677         2276.99 
           1685         3461.95 
           1695         4866.63 
           1705          6978.7 
           1715         13894.8 
           1725         20131.5 
           1735         30243.7 
           1745         33435.2 
           1755         54715.8 
           1765         40329.5 
           1775           54750 
           1785         63946.1 
           1795          105485 
           1805         69453.9 
           1815         73091.3 
           1825         77829.2 
           1835         94145.9 
           1845           65168 
           1855          107429 
           1865          148938 
           1875          145811 
           1885          160034 
           1895          197595 
           1905          179540 
           1915          191959 
           1925          148308 
           1935         59877.7 
           1945          229054 
           1955          249702 
           1967          311347 
           1976          290292 
           1984          282567 
           1995          317057 
           2005          313115 
           2015          317447 
           2025          263624 
           2035          386952 
           2045          446253 
           2055          398672 
           2065          374271 
           2074          436366 
           2078          697346 
           2085          689266 
           2095          821847 
           2105          956654 
           2115      1.11657e+6 
           2125          940150 
           2135          832020 
           2145      1.13043e+6 
           2155      1.18981e+6 
           2165      1.04092e+6 
           2175      1.09882e+6 
           2185      1.28819e+6 
           2195      1.38618e+6 
           2205       1.3039e+6 
           2215          947386 
           2225      1.07008e+6 
           2235       1.4702e+6 
           2245      1.37124e+6 
           2255          984530 
           2265          971670 
           2275      1.22795e+6 
           2285      1.43174e+6 
           2295      1.22417e+6 
           2305      1.47897e+6 
           2315      1.27375e+6 
           2325       1.2033e+6 
           2335          685561 
           2345          401254 
           2355      1.01022e+6 
           2365          436747 
           2375          686520 
           2385          273058 
           2395          411222 
           2405          397779 
           2415          637683 
           2425      1.31457e+6 
           2435      1.34592e+6 
           2445      1.62085e+6 
           2455      1.67043e+6 
           2465      1.49769e+6 
           2475       1.3139e+6 
           2485          944931 
           2495      1.09605e+6 
           2505      1.69386e+6 
           2513          898936 
           2518          688536 
           2525          577572 
           2535          748449 
           2545          970291 
           2555      1.58771e+6 
           2565      1.21381e+6 
           2575      1.51297e+6 
           2585      1.25418e+6 
           2595      1.07827e+6 
           2605          825626 
           2615          747319 
           2625      1.12883e+6 
           2635      2.00236e+6 
           2645      2.98852e+6 
           2655      3.54244e+6 
           2665      2.46962e+6 
           2675      2.84947e+6 
           2685      3.05272e+6 
           2695      2.42443e+6 
           2705      2.88619e+6 
           2715      2.16244e+6 
           2725      2.08302e+6 
           2735      2.35126e+6 
           2745      1.07524e+6 
           2755      1.55665e+6 
           2765       2.0429e+6 
           2775      2.43142e+6 
           2785      1.33576e+6 
           2795          353021 
           2805          475263 
           2815      2.08151e+6 
           2825      3.28059e+6 
           2835      3.17087e+6 
           2845      2.86437e+6 
           2855      1.68407e+6 
           2865      3.31662e+6 
           2875      3.59172e+6 
           2885      3.36621e+6 
           2895      3.44238e+6 
           2910      4.41931e+6 
           2930      4.05495e+6 
           2950      3.97686e+6 
           2970      4.41395e+6 
           2990      4.38417e+6 
           3010      4.67996e+6 
           3030      4.64793e+6 
           3050      4.84271e+6 
           3070      4.69668e+6 
           3090      4.85663e+6 
           3110      4.82865e+6 
           3130      4.74214e+6 
           3150      4.68857e+6 
           3170      4.93363e+6 
           3190      4.48917e+6 
           3210      4.97341e+6 
           3230      4.32956e+6 
           3250      5.20199e+6 
           3270      5.75193e+6 
           3290      5.65019e+6 
           3310       5.7396e+6 
           3330       5.6566e+6 
           3350       5.5765e+6 
           3370       4.9645e+6 
           3390      5.47223e+6 
           3410      5.58318e+6 
           3430      5.80037e+6 
           3450      5.92639e+6 
           3470      5.88236e+6 
           3490      6.01989e+6 
           3510      6.25513e+6 
           3530       5.9837e+6 
           3550      6.68323e+6 
           3570      5.84327e+6 
           3590      5.80845e+6 
           3610      6.02179e+6 
           3630      6.09742e+6 
           3640      6.05771e+6 
           3650      6.64554e+6 
           3670      6.54394e+6 
           3690      6.43556e+6 
           3710      7.21211e+6 
           3730      7.08569e+6 
           3750      8.01386e+6 
           3770      8.65638e+6 
           3790      9.30382e+6 
           3810      1.00153e+7 
           3830      8.18183e+6 
           3850      9.92116e+6 
           3870      1.01398e+7 
           3890      8.88415e+6 
           3910      1.00332e+7 
           3930      5.96771e+6 
           3950      9.32304e+6 
           3970       6.4167e+6 
           3990      1.08243e+7 
           4010      1.13852e+7 
           4030      1.13516e+7 
           4050      1.11968e+7 
           4070      1.10638e+7 
           4090       1.1432e+7 
           4110      1.04929e+7 
           4130      1.15098e+7 
           4150      1.17944e+7 
           4170      1.16252e+7 
           4190      1.14737e+7 
           4210      1.14038e+7 
           4230      1.10746e+7 
           4250      1.12532e+7 
           4270      1.10238e+7 
           4290       1.0307e+7 
           4310      9.17279e+6 
           4330      1.08577e+7 
           4350      1.01588e+7 
           4370      1.15505e+7 
           4390      1.10616e+7 
           4410       1.1278e+7 
           4430      1.15114e+7 
           4450      1.14127e+7 
           4470      1.16125e+7 
           4490       1.1689e+7 
           4510      1.22638e+7 
           4530      1.14818e+7 
           4550      1.15991e+7 
           4570      1.21393e+7 
           4590      1.16369e+7 
           4610      1.19194e+7 
           4630      1.17425e+7 
           4650      1.18241e+7 
           4670      1.19858e+7 
           4690      1.18187e+7 
           4710      1.14576e+7 
           4730      1.18401e+7 
           4750      1.19056e+7 
           4770      1.18139e+7 
           4790      1.17544e+7 
           4810      1.17158e+7 
           4830      1.16908e+7 
           4850      1.10021e+7 
           4870       9.7343e+6 
           4890      1.12987e+7 
           4910      1.12937e+7 
           4930      1.11032e+7 
           4950      1.13516e+7 
           4970       1.1459e+7 
           4990        1.089e+7 
           5010      1.05637e+7 
           5030      1.10138e+7 
           5050      1.09425e+7 
           5070      1.11861e+7 
           5090      1.09187e+7 
           5110      1.09784e+7 
           5130      1.07587e+7 
           5150      1.05456e+7 
           5170      1.03198e+7 
           5190      1.02659e+7 
           5210      1.03992e+7 
           5230      1.04974e+7 
           5250       1.0675e+7 
           5270      9.95699e+6 
           5290      1.05484e+7 
           5310       1.0624e+7 
           5330      1.01222e+7 
           5350      1.05014e+7 
           5370      1.04274e+7 
           5390      1.03414e+7 
           5410      1.01422e+7 
           5430      1.02362e+7 
           5450      1.03578e+7 
           5470      1.02391e+7 
           5490      1.02118e+7 
           5510      1.01816e+7 
           5530      1.01695e+7 
           5550      1.02384e+7 
           5570      1.00312e+7 
           5590      9.92118e+6 
           5610      9.98608e+6 
           5630      1.00391e+7 
           5650      9.95647e+6 
           5670      9.79964e+6 
           5690      9.87585e+6 
           5710       9.7407e+6 
           5730       9.9801e+6 
           5750      9.81382e+6 
           5770      9.82014e+6 
           5790      9.69937e+6 
           5810      9.73505e+6 
           5830      9.74297e+6 
           5850      9.59808e+6 
           5870      9.58768e+6 
           5890       9.3183e+6 
           5910      9.49047e+6 
           5930      9.44574e+6 
           5950      9.42928e+6 
           5970      9.39369e+6 
           5990      9.31888e+6 
           6010      9.22473e+6 
           6030      9.19556e+6 
           6050      9.24262e+6 
           6070      9.19592e+6 
           6090       9.0892e+6 
           6110      9.00245e+6 
           6130      8.81146e+6 
           6150      8.80783e+6 
           6170      8.69175e+6 
           6190      8.86043e+6 
           6210      8.84966e+6 
           6230      8.70616e+6 
           6250      8.49005e+6 
           6270      8.71023e+6 
           6290      8.68626e+6 
           6310      8.51897e+6 
           6330      8.52746e+6 
           6350      8.52251e+6 
           6370      8.47455e+6 
           6390      8.45397e+6 
           6410      8.31594e+6 
           6430      8.33208e+6 
           6450      8.25939e+6 
           6470      8.24179e+6 
           6490      8.11102e+6 
           6510      8.19256e+6 
           6530      8.17372e+6 
           6550       7.8918e+6 
           6570      6.95142e+6 
           6590      7.97074e+6 
           6610      8.02424e+6 
           6630      8.00778e+6 
           6650      7.96522e+6 
           6670      7.88543e+6 
           6690      7.91487e+6 
           6710      7.83077e+6 
           6730      7.82963e+6 
           6750      7.75569e+6 
           6770       7.7387e+6 
           6790      7.69677e+6 
           6810      7.65317e+6 
           6830       7.6303e+6 
           6850      7.54792e+6 
           6870      7.54586e+6 
           6890      7.52576e+6 
           6910      7.47808e+6 
           6930      7.44353e+6 
           6950      7.40223e+6 
           6970      7.37757e+6 
           6990      7.34019e+6 
           7010      7.22868e+6 
           7030      7.24539e+6 
           7050      7.23004e+6 
           7070      7.18369e+6 
           7090      7.14741e+6 
           7110      7.09101e+6 
           7130      7.04536e+6 
           7150        7.006e+6 
           7170      6.97444e+6 
           7190      6.88075e+6 
           7210      6.88785e+6 
           7230      6.86998e+6 
           7250      6.86337e+6 
           7270      6.83393e+6 
           7290      6.73446e+6 
           7310      6.73855e+6 
           7330      6.70694e+6 
           7350      6.69929e+6 
           7370      6.68268e+6 
           7390      6.58572e+6 
           7410      6.50294e+6 
           7430      6.51868e+6 
           7450      6.50362e+6 
           7470      6.49416e+6 
           7490      6.44421e+6 
           7510      6.42349e+6 
           7530      6.40463e+6 
           7550      6.39632e+6 
           7570       6.3437e+6 
           7590      6.31312e+6 
           7610      6.28194e+6 
           7630      6.26289e+6 
           7650      6.22774e+6 
           7670      6.13396e+6 
           7690       6.1651e+6 
           7710      6.09798e+6 
           7730      6.09162e+6 
           7750      6.03884e+6 
           7770      6.01459e+6 
           7790      6.02795e+6 
           7810      5.99971e+6 
           7830      5.94138e+6 
           7850      5.91549e+6 
           7870      5.91545e+6 
           7890      5.88374e+6 
           7910      5.84018e+6 
           7930      5.76642e+6 
           7950      5.75318e+6 
           7970      5.77559e+6 
           7990      5.74913e+6 
           8010      5.69585e+6 
           8030      5.67359e+6 
           8050      5.63445e+6 
           8070      5.63322e+6 
           8090      5.57299e+6 
           8110      5.58277e+6 
           8130      5.56372e+6 
           8150      5.53066e+6 
           8170      5.50311e+6 
           8190      5.39915e+6 
           8210      5.40311e+6 
           8230      5.36898e+6 
           8250      5.36097e+6 
           8270      5.37474e+6 
           8290      5.34357e+6 
           8310      5.28989e+6 
           8330      5.22771e+6 
           8350      5.25122e+6 
           8370      5.23288e+6 
           8390      5.16793e+6 
           8410      5.18194e+6 
           8430       5.1296e+6 
           8450       5.1006e+6 
           8470       5.0558e+6 
           8490      5.04387e+6 
           8510      4.81097e+6 
           8530      4.99647e+6 
           8550      4.38213e+6 
           8570       5.0257e+6 
           8590      4.92186e+6 
           8610      4.85364e+6 
           8630      4.96107e+6 
           8650       4.9014e+6 
           8670      4.29805e+6 
           8690      4.81986e+6 
           8710        4.871e+6 
           8730      4.83615e+6 
           8750      4.57089e+6 
           8770      4.79003e+6 
           8790      4.78547e+6 
           8810      4.73464e+6 
           8830      4.72047e+6 
           8850      4.66351e+6 
           8870       4.4289e+6 
           8890      4.67389e+6 
           8910      4.66498e+6 
           8930      4.61666e+6 
           8950      4.61472e+6 
           8970      4.60072e+6 
           8990      4.57337e+6 
           9010      4.27786e+6 
           9030      4.45768e+6 
           9050      4.52848e+6 
           9070      4.44895e+6 
           9090      4.36406e+6 
           9110       4.4156e+6 
           9130      4.44328e+6 
           9150       4.4245e+6 
           9170      4.40034e+6 
           9190       4.3854e+6 
           9210      4.29416e+6 
           9230      4.02745e+6 
           9250      4.22536e+6 
           9270      4.27063e+6 
           9290      4.28019e+6 
           9310      4.26804e+6 
           9330      4.24305e+6 
           9350      4.22311e+6 
           9370       4.2018e+6 
           9390      4.18652e+6 
           9410      4.06694e+6 
           9430      4.12833e+6 
           9450      4.10358e+6 
           9470       4.1129e+6 
           9490      4.09918e+6 
           9510      4.06862e+6 
           9530      4.01755e+6 
           9550      3.76339e+6 
           9570      3.98313e+6 
           9590      4.00045e+6 
           9610      3.96285e+6 
           9630       3.9302e+6 
           9650      3.92509e+6 
           9670      3.88998e+6 
           9690      3.89849e+6 
           9710      3.89379e+6 
           9730      3.87653e+6 
           9750      3.83694e+6 
           9770      3.83656e+6 
           9790      3.81646e+6 
           9810      3.80867e+6 
           9830      3.79038e+6 
           9850      3.76964e+6 
           9870      3.74587e+6 
           9890      3.72161e+6 
           9910       3.7086e+6 
           9930      3.70628e+6 
           9950      3.69186e+6 
           9970      3.67698e+6 
           9990      3.65929e+6 
          10025      3.58738e+6 
          10075        3.495e+6 
          10125      3.53936e+6 
          10175       3.4968e+6 
          10225      3.46834e+6 
          10275      3.43981e+6 
          10325      3.38031e+6 
          10375      3.35369e+6 
          10425      3.32676e+6 
          10475       3.2647e+6 
          10525      3.25024e+6 
          10575      3.20954e+6 
          10625       3.1702e+6 
          10675      3.09825e+6 
          10725      3.09465e+6 
          10775      3.06149e+6 
          10825      3.01601e+6 
          10875      2.99127e+6 
          10925      2.86383e+6 
          10975      2.90857e+6 
          11025       2.9183e+6 
          11075      2.89818e+6 
          11125      2.86044e+6 
          11175      2.82772e+6 
          11225      2.80907e+6 
          11275      2.75455e+6 
          11325      2.73213e+6 
          11375      2.71268e+6 
          11425      2.67083e+6 
          11475      2.67072e+6 
          11525      2.64485e+6 
          11575      2.61111e+6 
          11625      2.56403e+6 
          11675      2.53836e+6 
          11725      2.54246e+6 
          11775      2.48312e+6 
          11825      2.46968e+6 
          11875      2.43589e+6 
          11925      2.44668e+6 
          11975      2.38515e+6 
          12025      2.38422e+6 
          12075      2.35685e+6 
          12125      2.34014e+6 
          12175      2.32952e+6 
          12225      2.30632e+6 
          12275      2.27799e+6 
          12325      2.26086e+6 
          12375      2.23879e+6 
          12425      2.21866e+6 
          12475      2.20007e+6 
          12525      2.17545e+6 
          12575      2.15133e+6 
          12625      2.13257e+6 
          12675      2.11529e+6 
          12725      2.09942e+6 
          12775      2.06921e+6 
          12825      1.92853e+6 
          12875      2.03183e+6 
          12925      2.01903e+6 
          12975      2.00504e+6 
          13025      1.98486e+6 
          13075      1.97065e+6 
          13125      1.94383e+6 
          13175      1.92362e+6 
          13225      1.91757e+6 
          13275      1.89282e+6 
          13325      1.88091e+6 
          13375       1.8634e+6 
          13425      1.85087e+6 
          13475      1.83415e+6 
          13525      1.81649e+6 
          13575      1.79422e+6 
          13625      1.78386e+6 
          13675      1.76747e+6 
          13725      1.74348e+6 
          13775      1.73444e+6 
          13825      1.72069e+6 
          13875      1.71051e+6 
          13925      1.69335e+6 
          13975       1.6794e+6 
          14025      1.66126e+6 
          14075      1.65235e+6 
          14125      1.63178e+6 
          14175      1.62494e+6 
          14225      1.60063e+6 
          14275      1.58262e+6 
          14325      1.58193e+6 
          14375      1.57234e+6 
          14425      1.52806e+6 
          14475      1.54377e+6 
          14525      1.51468e+6 
          14570      1.51338e+6 
          14620      1.50033e+6 
          14675      1.49082e+6 
          14725      1.47004e+6 
          14775      1.45738e+6 
          14825      1.44894e+6 
          14875      1.42539e+6 
          14925      1.43362e+6 
          14975      1.41546e+6 
          15025       1.3934e+6 
          15075      1.37962e+6 
          15125      1.38233e+6 
          15175      1.37283e+6 
          15225      1.35518e+6 
          15275      1.34592e+6 
          15325      1.33313e+6 
          15375      1.32439e+6 
          15425      1.30393e+6 
          15475      1.30233e+6 
          15525      1.29131e+6 
          15575       1.2635e+6 
          15625      1.27858e+6 
          15675      1.25009e+6 
          15725      1.22482e+6 
          15775      1.22916e+6 
          15825        1.228e+6 
          15875      1.15706e+6 
          15925       1.2024e+6 
          15975      1.20312e+6 
          16050      1.17959e+6 
          16150      1.12927e+6 
          16250      1.15189e+6 
          16350      1.11348e+6 
          16450      1.05966e+6 
          16550      1.08656e+6 
          16650      1.06502e+6 
          16750       1.0244e+6 
          16850          971643 
          16950       1.0019e+6 
          17050          976637 
          17150          958031 
          17250          932953 
          17350          863935 
          17450          890720 
          17550          881491 
          17650          862872 
          17750          847234 
          17850          831241 
          17950          816521 
          18050          797196 
          18150          742623 
          18250          758181 
          18350          752278 
          18450          735724 
          18550          723094 
          18650          706111 
          18750          652960 
          18850          678335 
          18950          661564 
          19050          658052 
          19150          644808 
          19250          633083 
          19350          617521 
          19450          574919 
          19550          595982 
          19650          587102 
          19750          574507 
          19850          565941 
          19950          555729 
          20050          546985 
          20150          538016 
          20250          526762 
          20350          515712 
          20450          509681 
          20550          500254 
          20650          489961 
          20750          482301 
          20850          474124 
          20950          464579 
          21050          457863 
          21150          449315 
          21250          441609 
          21350          434383 
          21450          427787 
          21550          419608 
          21650          392240 
          21750          403557 
          21850          398420 
          21950          393234 
          22050          384972 
          22150          379492 
          22250          373767 
          22350          367610 
          22450          361673 
          22550          354413 
          22650          349381 
          22750          344271 
          22850          338176 
          22950          332918 
          23050          328313 
          23150          322741 
          23250          317775 
          23350          312509 
          23450          308164 
          23550          302965 
          23650          298637 
          23750          293422 
          23850          288682 
          23950          284825 
          24050          280292 
          24150          275670 
          24250          271825 
          24350          267227 
          24450          263457 
          24550          258878 
          24650          255771 
          24750          251513 
          24850          247302 
          24950          243496 
          25050          241238 
          25150          237608 
          25250          232722 
          25350          230714 
          25450          227415 
          25550          223694 
          25650          218019 
          25750          217914 
          25850          214010 
          25950          211872 
          26050          208233 
          26150          202104 
          26250          193963 
          26350          199145 
          26450          196926 
          26550          194205 
          26650          190528 
          26750          184721 
          26850          186436 
          26950          184256 
          27050          181614 
          27150          179159 
          27250          176705 
          27350          174338 
          27450          171935 
          27550          165274 
          27650          166067 
          27750          165033 
          27850          162859 
          27950          160780 
          28050          158625 
          28150          156545 
          28250          154447 
          28350          152473 
          28450          150254 
          28550          148403 
          28650          145850 
          28750          140175 
          28850          142491 
          28950          140865 
          29050          139040 
          29150          137192 
          29250          135318 
          29350          133759 
          29450          131974 
          29550          130392 
          29650          128743 
          29750          127104 
          29850          125535 
          29950          123871 
          30050          122326 
          30150          120857 
          30250          119285 
          30350          114816 
          30450          115237 
          30550          114936 
          30650          113461 
          30750          112203 
          30850          110681 
          30950          109357 
          31050          108095 
          31150          106381 
          31250          105462 
          31350          104204 
          31450          102971 
          31550          101608 
          31650          100549 
          31750         99285.2 
          31850         98176.2 
          31950           97057 
          32100         95281.9 
          32300         93105.4 
          32500         90932.2 
          32700         88826.3 
          32900         85226.2 
          33100         84622.4 
          33300         82827.5 
          33500         81082.8 
          33700         79177.9 
          33900         77371.1 
          34100         75643.3 
          34300         74110.5 
          34500         72541.6 
          34700         70944.4 
          34900         69422.2 
          35100         67923.9 
          35300         66427.8 
          35500         65047.7 
          35700         63614.4 
          35900         62290.8 
          36100         61012.8 
          36300         59759.1 
          36500         58407.6 
          36700         57218.9 
          36900         55883.7 
          37100         54820.2 
          37300           53492 
          37500         51899.6 
          37700         51628.7 
          37900           50600 
          38100         49522.6 
          38300         48603.5 
          38500         47705.9 
          38700         46718.6 
          38900         45803.7 
          39100         44794.2 
          39300         44085.8 
          39500         43196.2 
          39700         42408.3 
          39900         41503.9 
          40100         40673.9 
          40300         39879.1 
          40500         38737.5 
          40700         38516.9 
          40900         37798.8 
          41100           37133 
          41300           36454 
          41500         35751.3 
          41700         34863.2 
          41900         34462.5 
          42100         33776.6 
          42300         33260.1 
          42500         32639.1 
          42700         32075.8 
          42900         31460.1 
          43100         30846.4 
          43300         30292.8 
          43500         29698.4 
          43700         28906.3 
          43900           28624 
          44100         28062.8 
          44300         27600.7 
          44500         27126.8 
          44700         26624.4 
          44900         26200.9 
          45100         25739.3 
          45300         25286.8 
          45500         24884.8 
          45700         24483.5 
          45900         24039.9 
          46100         23684.6 
          46300         23283.6 
          46500         22651.7 
          46700         22344.1 
          46900         22198.4 
          47100         21847.3 
          47300         21516.4 
          47500         21160.3 
          47700           20821 
          47900         20499.7 
          48100           20157 
          48300         19854.7 
          48500         19531.2 
          48700         19224.9 
          48900           18923 
          49100         18633.2 
          49300         18336.7 
          49500           18052 
          49700         17768.2 
          49900         17515.6 
          50100         17227.4 
          50300           16979 
          50500           16700 
          50700         16457.2 
          50900         16217.6 
          51100         15959.6 
          51300         15586.3 
          51500         15493.9 
          51700         15274.2 
          51900         15040.6 
          52100         14814.3 
          52300         14597.9 
          52500           14394 
          52700         14181.8 
          52900         13971.1 
          53100         13779.2 
          53300         13575.2 
          53500         13385.8 
          53700         13181.7 
          53900         13001.1 
          54100         12826.4 
          54300         12632.4 
          54500         12466.7 
          54700         12277.8 
          54900         12114.5 
          55100         11950.6 
          55300         11770.8 
          55500         11619.3 
          55700         11465.8 
          55900         11290.2 
          56100         11149.6 
          56300         10994.3 
          56500           10852 
          56700           10705 
          56900         10554.5 
          57100         10394.3 
          57300         10277.3 
          57500         10139.1 
          57700         10002.8 
          57900         9869.62 
          58100         9739.18 
          58300         9611.62 
          58500          9486.9 
          58700          9359.5 
          58900         9230.34 
          59100          9036.5 
          59300         8997.93 
          59500         8842.83 
          59700         8763.18 
          59900         8654.04 
          60100         8540.64 
          60300         8434.24 
          60500          8326.7 
          60700         8218.64 
          60900         8112.64 
          61100         8004.72 
          61300         7910.87 
          61500         7813.48 
          61700         7714.52 
          61900         7618.54 
          62100         7523.92 
          62300         7422.01 
          62500         7335.92 
          62700         7245.01 
          62900         7126.55 
          63100         7064.79 
          63300         6984.02 
          63500         6898.34 
          63700         6813.77 
          63900         6730.77 
          64200         6610.34 
          64600         6450.56 
          65000         6296.42 
          65400          6150.4 
          65800         6006.07 
          66200         5865.02 
          66600         5729.64 
          67000         5596.81 
          67400         5467.38 
          67800         5329.96 
          68200         5222.59 
          68600         5104.62 
          69000         4989.98 
          69400         4878.03 
          69800         4770.63 
          70200          4663.9 
          70600         4562.75 
          71000         4463.36 
          71400         4366.42 
          71800         4271.93 
          72200         4179.56 
          72600         4090.53 
          73000          4004.4 
          73400         3918.85 
          73800          3837.2 
          74200         3756.32 
          74600         3660.77 
          75000         3577.62 
          75400         3527.97 
          75800         3456.08 
          76200         3385.64 
          76600         3317.11 
          77000         3249.76 
          77400            3185 
          77800         3120.22 
          78200         3059.37 
          78600         2998.85 
          79000         2939.83 
          79400          2882.2 
          79800         2826.04 
          80200         2770.98 
          80600         2717.39 
          81000         2665.59 
          81400          2612.1 
          81800         2564.44 
          82200         2516.29 
          82600         2468.79 
          83000         2422.52 
          83400         2376.75 
          83800         2332.76 
          84200         2289.88 
          84600          2247.8 
          85000         2206.62 
          85400         2166.37 
          85800         2126.97 
          86200         2088.42 
          86600         2048.72 
          87000         2014.25 
          87400         1975.44 
          87800         1940.23 
          88200         1908.53 
          88600         1874.97 
          89000         1842.08 
          89400         1810.08 
          89800         1778.29 
          90200         1747.78 
          90600         1717.88 
          91000         1688.07 
          91400          1659.3 
          91800         1631.29 
          92200         1603.73 
          92600          1576.6 
          93000         1550.26 
          93400         1524.22 
          93800         1496.65 
          94200         1474.08 
          94600         1449.64 
          95000         1425.89 
          95400         1402.37 
          95800         1379.56 
          96200         1357.08 
          96600         1335.17 
          97000         1313.77 
          97400         1292.32 
          97800         1271.72 
          98200         1251.66 
          98600         1231.84 
          99000         1212.41 
          99400         1193.14 
          99800         1174.59 
         100200         1156.26 
         200000         75.1311 
         400000         4.73455 
         600000        0.932677 
         800000         0.29379 
         1.0e+6        0.119785 
         1.2e+6       0.0575166 
         1.4e+6       0.0309206 
         1.6e+6        0.018058 
