# Kurucz ODFNEW /NOVER (2003)
# teff = 6500 K (value for the effective temperature for the model. Temperatures are given in K)
# logg = 2 log(cm/s2) (value for Log(G) for the model.)
# meta = -1.5  (value for the Metallicity for the model.)
# lh = 1.25  (l/Hp where l is the  mixing length of the convective element and Hp is the pressure scale height)
# vtur = 2 km/s (Microturbulence velocity)
# alpha = 0  (Alpha)
#
# column 1: WAVELENGTH (ANGSTROM), Wavelength in Angstrom
# column 2: FLUX (ERG/CM2/S/A), Flux in erg/cm2/s/A
          170.3     8.96084e-72 
          173.4     2.72853e-70 
          176.8      1.0047e-68 
          180.2     3.21969e-67 
          181.7     1.42488e-66 
          186.1     9.71737e-65 
            191     8.46874e-63 
          193.9     1.06664e-61 
          198.4     4.67952e-60 
          201.8     7.27838e-59 
            205     8.85854e-58 
          210.5     5.39432e-56 
          216.2     3.04326e-54 
          219.8     3.47963e-53 
            223     2.83041e-52 
          226.8     3.15573e-51 
            230     2.25902e-50 
            234     2.44128e-49 
            240     7.44433e-48 
          246.5     2.48976e-46 
          252.4     5.12743e-45 
          256.8      4.4584e-44 
            260     2.04978e-43 
            264     1.30787e-42 
          268.5     9.81326e-42 
          273.5     8.49681e-41 
          278.5     6.80046e-40 
            284     6.13418e-39 
            290     6.12129e-38 
            296     5.53683e-37 
            301     3.24142e-36 
            308     3.47962e-35 
            318     8.55245e-34 
            328      1.7157e-32 
            338     2.85818e-31 
            348     4.02443e-30 
            357     3.80605e-29 
            366     3.21169e-28 
            375      2.4321e-27 
            385     2.05311e-26 
            395     1.54618e-25 
            405     1.04862e-24 
            414     5.40556e-24 
            422     2.18167e-23 
            430     8.33674e-23 
            441     4.84237e-22 
            451     2.21406e-21 
            460     8.19119e-21 
            470      3.2937e-20 
            480     1.24468e-19 
            490     4.44167e-19 
            500     1.49994e-18 
            506     4.03191e-18 
            512     9.01958e-18 
            520     2.19155e-17 
            530     6.42881e-17 
            540     1.77874e-16 
            550     4.78652e-16 
            560     1.23278e-15 
            570     3.06277e-15 
            580     7.27377e-15 
            590     1.71006e-14 
            600     3.85624e-14 
            610      8.4473e-14 
            620     1.79995e-13 
            630     3.73588e-13 
            640     7.56669e-13 
            650     1.49666e-12 
            658     2.54083e-12 
            665     3.99104e-12 
            675     7.47291e-12 
            685     1.37115e-11 
            695     2.46811e-11 
            705     4.36044e-11 
            716     7.99305e-11 
            726     1.36203e-10 
            735     2.17101e-10 
            745      3.5918e-10 
            755     5.85465e-10 
            765     9.40753e-10 
            775      1.49111e-9 
            785      2.33255e-9 
            795      3.60084e-9 
            805      5.49701e-9 
            815      8.29148e-9 
            825       1.2367e-8 
            835      1.82501e-8 
            845      2.66524e-8 
            855      3.85328e-8 
            865      5.51733e-8 
            875      7.82515e-8 
            885      1.10023e-7 
            895      1.53349e-7 
            905        2.119e-7 
            915      0.00134952 
            925      0.00479396 
            935      0.00632475 
            945      0.00908724 
            955        0.013041 
            965       0.0171142 
            975       0.0201683 
            985       0.0305705 
            995       0.0389582 
           1005       0.0526886 
           1015        0.063306 
           1025        0.074462 
           1035        0.113174 
           1045         0.14718 
           1055        0.187254 
           1065        0.232586 
           1075        0.295864 
           1085        0.373009 
           1095         0.45703 
           1105         1.27882 
           1115         3.55449 
           1125         4.72272 
           1135          6.2477 
           1145         7.10025 
           1155         6.88973 
           1165         7.57164 
           1175         7.06757 
           1185         13.6081 
           1195         3.42902 
           1205         2.29324 
           1215        0.942726 
           1225         2.86547 
           1235         6.97946 
           1245         11.2178 
           1255         21.3355 
           1265         32.4271 
           1275         48.1403 
           1285          74.528 
           1295         104.119 
           1305         125.814 
           1315          174.19 
           1325         226.858 
           1335         281.729 
           1345         356.607 
           1355          414.13 
           1365         509.423 
           1375         599.938 
           1385         706.668 
           1395         839.248 
           1405         971.621 
           1415         1124.45 
           1425         1279.19 
           1435          1397.3 
           1442         1645.05 
           1447         1726.47 
           1455         1972.42 
           1465         2126.21 
           1475         2441.89 
           1485         2755.74 
           1495         3167.86 
           1505          3582.3 
           1512          3818.8 
           1517         4059.36 
           1525         4441.13 
           1535         5220.63 
           1545          6008.2 
           1555         6506.23 
           1565         6493.49 
           1575         7792.84 
           1585         8717.54 
           1595         9978.79 
           1605         10522.7 
           1615         11587.6 
           1625         12612.9 
           1635         15682.3 
           1645           22804 
           1655         20866.4 
           1665         57260.4 
           1672         44528.3 
           1677          110664 
           1685          204962 
           1695          292294 
           1705          371089 
           1715          542713 
           1725          627215 
           1735          774490 
           1745          781129 
           1755          957521 
           1765          771822 
           1775          967931 
           1785      1.01443e+6 
           1795      1.30989e+6 
           1805      1.11581e+6 
           1815      1.30634e+6 
           1825      1.12411e+6 
           1835      1.25553e+6 
           1845      1.09803e+6 
           1855      1.23353e+6 
           1865      1.40187e+6 
           1875      1.41857e+6 
           1885      1.50544e+6 
           1895      1.64203e+6 
           1905      1.55601e+6 
           1915      1.74115e+6 
           1925      1.79102e+6 
           1935      1.43056e+6 
           1945      2.00463e+6 
           1955      2.08176e+6 
           1967      2.31144e+6 
           1976      2.28783e+6 
           1984       2.2543e+6 
           1995      2.23149e+6 
           2005      2.16224e+6 
           2015      2.19502e+6 
           2025      2.00683e+6 
           2035      2.37233e+6 
           2045      2.61574e+6 
           2055      2.53985e+6 
           2065       2.4457e+6 
           2074       2.9402e+6 
           2078      3.05888e+6 
           2085      2.99721e+6 
           2095      2.87863e+6 
           2105      2.75935e+6 
           2115      2.89039e+6 
           2125      2.95477e+6 
           2135      2.44118e+6 
           2145      2.91777e+6 
           2155      2.94227e+6 
           2165      2.78559e+6 
           2175      2.79722e+6 
           2185      3.00312e+6 
           2195      3.36842e+6 
           2205      3.23604e+6 
           2215      2.92885e+6 
           2225      2.98857e+6 
           2235      3.56749e+6 
           2245      3.21213e+6 
           2255      2.99774e+6 
           2265      2.96399e+6 
           2275      3.34692e+6 
           2285      3.47895e+6 
           2295       3.2196e+6 
           2305      3.47528e+6 
           2315      3.48279e+6 
           2325      3.40962e+6 
           2335      2.91559e+6 
           2345      2.36936e+6 
           2355      3.41507e+6 
           2365      2.53624e+6 
           2375      3.17987e+6 
           2385      2.09604e+6 
           2395      2.60235e+6 
           2405      2.55887e+6 
           2415      2.77188e+6 
           2425      3.63531e+6 
           2435      3.59134e+6 
           2445      3.86168e+6 
           2455      3.82597e+6 
           2465      3.89971e+6 
           2475      3.58419e+6 
           2485      3.61983e+6 
           2495      3.51679e+6 
           2505      4.31637e+6 
           2513      3.66107e+6 
           2518      3.72082e+6 
           2525      3.32736e+6 
           2535      3.18456e+6 
           2545      3.27783e+6 
           2555      3.69433e+6 
           2565      3.60764e+6 
           2575      4.04966e+6 
           2585      3.99555e+6 
           2595      3.85013e+6 
           2605      3.56637e+6 
           2615      3.33123e+6 
           2625      4.09958e+6 
           2635      4.44557e+6 
           2645      5.46245e+6 
           2655      5.59881e+6 
           2665      4.93255e+6 
           2675      5.27849e+6 
           2685      5.40385e+6 
           2695      4.88611e+6 
           2705      5.10557e+6 
           2715      4.64634e+6 
           2725      4.75385e+6 
           2735       5.1834e+6 
           2745      3.82138e+6 
           2755      4.33987e+6 
           2765      4.73537e+6 
           2775      5.33445e+6 
           2785      4.94601e+6 
           2795      2.23992e+6 
           2805      2.83796e+6 
           2815      5.67883e+6 
           2825      5.93515e+6 
           2835      5.76773e+6 
           2845      5.54573e+6 
           2855      5.08128e+6 
           2865      5.75451e+6 
           2875      5.68447e+6 
           2885       5.8633e+6 
           2895      5.64036e+6 
           2910      6.43698e+6 
           2930      6.27392e+6 
           2950      6.23676e+6 
           2970      6.46055e+6 
           2990      6.53749e+6 
           3010      6.66005e+6 
           3030      6.71973e+6 
           3050      6.79551e+6 
           3070      6.88473e+6 
           3090      7.04526e+6 
           3110      6.92221e+6 
           3130      6.93132e+6 
           3150      7.20845e+6 
           3170      7.26474e+6 
           3190       6.8611e+6 
           3210      7.11882e+6 
           3230      6.86013e+6 
           3250      7.20431e+6 
           3270        7.411e+6 
           3290      7.55923e+6 
           3310      7.70576e+6 
           3330      7.57916e+6 
           3350      7.51814e+6 
           3370      7.47196e+6 
           3390      7.55616e+6 
           3410      7.66768e+6 
           3430      7.85903e+6 
           3450      7.80109e+6 
           3470      7.74021e+6 
           3490      7.76248e+6 
           3510      7.95223e+6 
           3530      7.96607e+6 
           3550      8.21197e+6 
           3570       7.9133e+6 
           3590      7.90284e+6 
           3610      8.00052e+6 
           3630      8.15048e+6 
           3640      8.06225e+6 
           3650      8.37274e+6 
           3670       8.2546e+6 
           3690      8.51813e+6 
           3710      1.04498e+7 
           3730      1.21343e+7 
           3750      1.52717e+7 
           3770      1.59983e+7 
           3790      1.80251e+7 
           3810      1.98137e+7 
           3830      1.66878e+7 
           3850      2.06971e+7 
           3870      2.16131e+7 
           3890      1.63425e+7 
           3910      2.13612e+7 
           3930      1.82048e+7 
           3950      2.13492e+7 
           3970      1.49385e+7 
           3990      2.15482e+7 
           4010      2.21688e+7 
           4030      2.19739e+7 
           4050      2.19111e+7 
           4070       2.1439e+7 
           4090      2.01908e+7 
           4110      1.69877e+7 
           4130       2.1248e+7 
           4150      2.14398e+7 
           4170      2.12769e+7 
           4190      2.10548e+7 
           4210      2.10103e+7 
           4230      2.06795e+7 
           4250      2.07348e+7 
           4270      2.06166e+7 
           4290      2.04066e+7 
           4310      1.95401e+7 
           4330       1.8192e+7 
           4350      1.63565e+7 
           4370      2.00981e+7 
           4390      1.99271e+7 
           4410      1.96248e+7 
           4430      1.98473e+7 
           4450      1.96731e+7 
           4470      1.95483e+7 
           4490       1.9582e+7 
           4510      1.96291e+7 
           4530      1.91955e+7 
           4550      1.89434e+7 
           4570      1.92776e+7 
           4590      1.89776e+7 
           4610       1.9175e+7 
           4630      1.88708e+7 
           4650      1.89127e+7 
           4670      1.88461e+7 
           4690      1.86771e+7 
           4710      1.82794e+7 
           4730      1.85057e+7 
           4750       1.8452e+7 
           4770      1.83042e+7 
           4790       1.8155e+7 
           4810      1.80255e+7 
           4830      1.77602e+7 
           4850      1.62143e+7 
           4870       1.3936e+7 
           4890      1.72168e+7 
           4910      1.73941e+7 
           4930      1.71075e+7 
           4950      1.71833e+7 
           4970       1.7242e+7 
           4990      1.69437e+7 
           5010      1.66196e+7 
           5030      1.68346e+7 
           5050      1.66498e+7 
           5070      1.66829e+7 
           5090      1.65244e+7 
           5110      1.64472e+7 
           5130      1.62634e+7 
           5150      1.60763e+7 
           5170      1.57069e+7 
           5190       1.5663e+7 
           5210      1.56692e+7 
           5230      1.55648e+7 
           5250      1.57581e+7 
           5270      1.52697e+7 
           5290      1.55193e+7 
           5310      1.53746e+7 
           5330      1.51135e+7 
           5350       1.5264e+7 
           5370      1.50773e+7 
           5390       1.5002e+7 
           5410      1.48346e+7 
           5430      1.47805e+7 
           5450      1.47394e+7 
           5470      1.46897e+7 
           5490      1.46479e+7 
           5510      1.45542e+7 
           5530      1.44207e+7 
           5550       1.4421e+7 
           5570      1.42642e+7 
           5590      1.41514e+7 
           5610      1.40914e+7 
           5630       1.4064e+7 
           5650      1.39551e+7 
           5670      1.38475e+7 
           5690      1.38027e+7 
           5710      1.37038e+7 
           5730      1.36623e+7 
           5750      1.35628e+7 
           5770      1.34871e+7 
           5790      1.33974e+7 
           5810      1.33232e+7 
           5830      1.32464e+7 
           5850      1.31427e+7 
           5870      1.30763e+7 
           5890      1.28595e+7 
           5910      1.29182e+7 
           5930      1.28377e+7 
           5950      1.27643e+7 
           5970      1.26884e+7 
           5990      1.26028e+7 
           6010      1.25211e+7 
           6030      1.24444e+7 
           6050      1.23839e+7 
           6070      1.23126e+7 
           6090      1.22288e+7 
           6110      1.21479e+7 
           6130      1.20206e+7 
           6150      1.19366e+7 
           6170      1.18722e+7 
           6190      1.18625e+7 
           6210      1.17969e+7 
           6230      1.17019e+7 
           6250      1.15664e+7 
           6270      1.15847e+7 
           6290       1.1515e+7 
           6310      1.14203e+7 
           6330      1.13642e+7 
           6350      1.12965e+7 
           6370      1.12294e+7 
           6390      1.11675e+7 
           6410      1.10686e+7 
           6430      1.10181e+7 
           6450      1.09136e+7 
           6470      1.08868e+7 
           6490      1.07643e+7 
           6510      1.07329e+7 
           6530      1.06258e+7 
           6550      1.00649e+7 
           6570      8.51743e+6 
           6590      1.03412e+7 
           6610      1.04158e+7 
           6630      1.03925e+7 
           6650      1.03412e+7 
           6670       1.0275e+7 
           6690      1.02246e+7 
           6710      1.01596e+7 
           6730      1.01034e+7 
           6750      1.00362e+7 
           6770       9.9852e+6 
           6790      9.92565e+6 
           6810      9.86744e+6 
           6830      9.80731e+6 
           6850      9.74772e+6 
           6870      9.69503e+6 
           6890      9.63962e+6 
           6910      9.58312e+6 
           6930       9.5271e+6 
           6950      9.47078e+6 
           6970      9.41651e+6 
           6990      9.36193e+6 
           7010      9.29785e+6 
           7030       9.2496e+6 
           7050      9.19947e+6 
           7070      9.14599e+6 
           7090      9.09296e+6 
           7110      9.02026e+6 
           7130      8.98011e+6 
           7150      8.92846e+6 
           7170      8.87872e+6 
           7190      8.81919e+6 
           7210      8.77106e+6 
           7230      8.72332e+6 
           7250      8.67813e+6 
           7270      8.63044e+6 
           7290       8.5711e+6 
           7310      8.52286e+6 
           7330      8.47361e+6 
           7350      8.43313e+6 
           7370      8.38812e+6 
           7390      8.33174e+6 
           7410       8.2731e+6 
           7430      8.23272e+6 
           7450       8.1879e+6 
           7470      8.13938e+6 
           7490      8.09195e+6 
           7510       8.0489e+6 
           7530      8.00953e+6 
           7550      7.96847e+6 
           7570      7.91985e+6 
           7590      7.87555e+6 
           7610       7.8316e+6 
           7630      7.78801e+6 
           7650      7.74219e+6 
           7670      7.68842e+6 
           7690      7.65485e+6 
           7710      7.60125e+6 
           7730      7.56827e+6 
           7750      7.52298e+6 
           7770       7.4425e+6 
           7790       7.4453e+6 
           7810      7.40352e+6 
           7830      7.35714e+6 
           7850       7.3142e+6 
           7870      7.27646e+6 
           7890      7.23538e+6 
           7910      7.19583e+6 
           7930       7.1464e+6 
           7950       7.1081e+6 
           7970      7.08078e+6 
           7990      7.03888e+6 
           8010      6.99849e+6 
           8030      6.96017e+6 
           8050      6.92155e+6 
           8070      6.88555e+6 
           8090      6.84349e+6 
           8110      6.81093e+6 
           8130      6.77404e+6 
           8150      6.73629e+6 
           8170      6.69884e+6 
           8190      6.63527e+6 
           8210      6.62255e+6 
           8230      6.57983e+6 
           8250      6.54631e+6 
           8270      6.52625e+6 
           8290      6.48931e+6 
           8310      6.44666e+6 
           8330      6.37231e+6 
           8350      6.37478e+6 
           8370      6.30886e+6 
           8390      6.26544e+6 
           8410      6.23194e+6 
           8430       6.2427e+6 
           8450      6.18996e+6 
           8470      6.04997e+6 
           8490      6.24205e+6 
           8510       5.8663e+6 
           8530      6.22921e+6 
           8550       5.6188e+6 
           8570       6.2307e+6 
           8590      6.01639e+6 
           8610      5.86244e+6 
           8630      6.20557e+6 
           8650      6.12203e+6 
           8670      5.42324e+6 
           8690      6.09074e+6 
           8710      6.14027e+6 
           8730      6.06521e+6 
           8750      5.44508e+6 
           8770      5.94633e+6 
           8790      6.02462e+6 
           8810      5.97934e+6 
           8830      5.94165e+6 
           8850       5.7763e+6 
           8870      5.28917e+6 
           8890      5.83026e+6 
           8910      5.83544e+6 
           8930      5.81169e+6 
           8950       5.8022e+6 
           8970      5.75857e+6 
           8990      5.69149e+6 
           9010      5.14742e+6 
           9030      5.44667e+6 
           9050      5.62179e+6 
           9070      5.56863e+6 
           9090      5.50312e+6 
           9110      5.53845e+6 
           9130      5.53816e+6 
           9150      5.51083e+6 
           9170      5.47831e+6 
           9190      5.43263e+6 
           9210      5.31357e+6 
           9230       4.7586e+6 
           9250      5.22721e+6 
           9270      5.30157e+6 
           9290      5.30976e+6 
           9310      5.28653e+6 
           9330      5.25913e+6 
           9350      5.23192e+6 
           9370      5.20574e+6 
           9390      5.17804e+6 
           9410      5.09691e+6 
           9430      5.11895e+6 
           9450      5.09562e+6 
           9470       5.0737e+6 
           9490      5.04355e+6 
           9510      4.99862e+6 
           9530      4.88847e+6 
           9550      4.39753e+6 
           9570      4.86374e+6 
           9590      4.90205e+6 
           9610      4.88085e+6 
           9630       4.8476e+6 
           9650      4.84249e+6 
           9670      4.79549e+6 
           9690      4.79337e+6 
           9710      4.77444e+6 
           9730      4.75006e+6 
           9750      4.72148e+6 
           9770      4.70217e+6 
           9790      4.67865e+6 
           9810      4.65568e+6 
           9830      4.63285e+6 
           9850      4.60707e+6 
           9870      4.58416e+6 
           9890      4.55447e+6 
           9910      4.53764e+6 
           9930      4.51594e+6 
           9950      4.49514e+6 
           9970      4.47334e+6 
           9990      4.44827e+6 
          10025      4.31156e+6 
          10075      4.16643e+6 
          10125        4.297e+6 
          10175      4.25087e+6 
          10225      4.20111e+6 
          10275      4.15176e+6 
          10325      4.09468e+6 
          10375      4.05111e+6 
          10425      4.00333e+6 
          10475      3.94049e+6 
          10525      3.90688e+6 
          10575      3.85924e+6 
          10625      3.80965e+6 
          10675      3.73306e+6 
          10725      3.71012e+6 
          10775      3.67382e+6 
          10825      3.62389e+6 
          10875       3.5814e+6 
          10925      3.33122e+6 
          10975       3.4592e+6 
          11025       3.4716e+6 
          11075      3.43479e+6 
          11125      3.39364e+6 
          11175      3.35459e+6 
          11225      3.31819e+6 
          11275      3.27223e+6 
          11325      3.23283e+6 
          11375      3.20389e+6 
          11425      3.16378e+6 
          11475      3.13484e+6 
          11525      3.10004e+6 
          11575       3.0646e+6 
          11625      3.02157e+6 
          11675      2.98193e+6 
          11725      2.96422e+6 
          11775      2.90976e+6 
          11825      2.88574e+6 
          11875      2.85321e+6 
          11925      2.83622e+6 
          11975      2.78868e+6 
          12025      2.77101e+6 
          12075      2.73751e+6 
          12125      2.71165e+6 
          12175       2.6851e+6 
          12225      2.65587e+6 
          12275      2.62528e+6 
          12325      2.59882e+6 
          12375      2.57122e+6 
          12425      2.54446e+6 
          12475      2.51733e+6 
          12525      2.48983e+6 
          12575      2.46101e+6 
          12625      2.43518e+6 
          12675      2.41248e+6 
          12725      2.38635e+6 
          12775      2.34232e+6 
          12825      2.14789e+6 
          12875      2.29925e+6 
          12925      2.28849e+6 
          12975      2.26574e+6 
          13025       2.2426e+6 
          13075      2.21975e+6 
          13125       2.1961e+6 
          13175      2.17251e+6 
          13225      2.15226e+6 
          13275      2.12975e+6 
          13325      2.10849e+6 
          13375      2.08705e+6 
          13425      2.06618e+6 
          13475      2.04526e+6 
          13525      2.02402e+6 
          13575      2.00311e+6 
          13625      1.98415e+6 
          13675      1.96401e+6 
          13725      1.93895e+6 
          13775      1.92377e+6 
          13825      1.90469e+6 
          13875      1.88725e+6 
          13925      1.86766e+6 
          13975      1.84961e+6 
          14025      1.83103e+6 
          14075      1.81359e+6 
          14125      1.79494e+6 
          14175      1.77791e+6 
          14225      1.75937e+6 
          14275      1.74163e+6 
          14325        1.726e+6 
          14375      1.70944e+6 
          14425      1.68021e+6 
          14475        1.676e+6 
          14525      1.65228e+6 
          14570      1.64412e+6 
          14620      1.62778e+6 
          14675      1.61256e+6 
          14725      1.59622e+6 
          14775       1.5796e+6 
          14825      1.56554e+6 
          14875      1.54483e+6 
          14925      1.53702e+6 
          14975      1.52161e+6 
          15025      1.49785e+6 
          15075      1.48714e+6 
          15125      1.47447e+6 
          15175      1.45973e+6 
          15225      1.45276e+6 
          15275      1.42394e+6 
          15325      1.40963e+6 
          15375      1.41284e+6 
          15425      1.36896e+6 
          15475      1.38885e+6 
          15525      1.37942e+6 
          15575      1.31496e+6 
          15625      1.36787e+6 
          15675      1.32942e+6 
          15725      1.27365e+6 
          15775      1.33112e+6 
          15825      1.32134e+6 
          15875      1.20431e+6 
          15925      1.28659e+6 
          15975      1.29322e+6 
          16050      1.26392e+6 
          16150      1.19152e+6 
          16250      1.23233e+6 
          16350      1.18961e+6 
          16450      1.11969e+6 
          16550      1.15876e+6 
          16650      1.13478e+6 
          16750      1.09178e+6 
          16850      1.02769e+6 
          16950      1.06427e+6 
          17050      1.04189e+6 
          17150      1.02067e+6 
          17250          996560 
          17350          915947 
          17450          951429 
          17550          938599 
          17650          919335 
          17750          901699 
          17850          883537 
          17950          866506 
          18050          847750 
          18150          784731 
          18250          807237 
          18350          799727 
          18450          784043 
          18550          768726 
          18650          751840 
          18750          691377 
          18850          721784 
          18950          709822 
          19050          698455 
          19150          685211 
          19250          672295 
          19350          657677 
          19450          609525 
          19550          633556 
          19650          623826 
          19750          611768 
          19850          601232 
          19950          590307 
          20050          579757 
          20150          569377 
          20250          559036 
          20350          548889 
          20450          539435 
          20550          529871 
          20650          520317 
          20750          511341 
          20850          502471 
          20950          493591 
          21050          485103 
          21150          476535 
          21250          468306 
          21350          460425 
          21450          452810 
          21550          444228 
          21650          414101 
          21750          428308 
          21850          422921 
          21950          416066 
          22050          408914 
          22150          402082 
          22250          395752 
          22350          389270 
          22450          382917 
          22550          376328 
          22650          370515 
          22750          364565 
          22850          358776 
          22950          353053 
          23050          347571 
          23150          342058 
          23250          336724 
          23350          331407 
          23450          326251 
          23550          321156 
          23650          316129 
          23750          311228 
          23850          306372 
          23950          301632 
          24050          296842 
          24150          292057 
          24250          288443 
          24350          283124 
          24450          278525 
          24550          275561 
          24650          270508 
          24750          266519 
          24850          264012 
          24950          256036 
          25050          256631 
          25150          252974 
          25250          243654 
          25350          245540 
          25450          242433 
          25550          238519 
          25650          228229 
          25750          231982 
          25850          228821 
          25950          225757 
          26050          221507 
          26150          211194 
          26250          205482 
          26350          212498 
          26450          210604 
          26550          207657 
          26650          204023 
          26750          193192 
          26850          198617 
          26950          196440 
          27050          193708 
          27150          191068 
          27250          188445 
          27350          185871 
          27450          183184 
          27550          173702 
          27650          176740 
          27750          175987 
          27850          173647 
          27950          171331 
          28050          169044 
          28150          166799 
          28250          164587 
          28350          162420 
          28450          160256 
          28550          158165 
          28650          155250 
          28750          147554 
          28850          151860 
          28950          150093 
          29050          148165 
          29150          146228 
          29250          144366 
          29350          142536 
          29450          140714 
          29550          138935 
          29650          137176 
          29750          135443 
          29850          133738 
          29950          132057 
          30050          130403 
          30150          128777 
          30250          127132 
          30350          121441 
          30450          122404 
          30550          122516 
          30650          121013 
          30750          119541 
          30850          118059 
          30950          116629 
          31050          115211 
          31150          113750 
          31250          112445 
          31350          111096 
          31450          109754 
          31550          108447 
          31650          107176 
          31750          105881 
          31850          104646 
          31950          103412 
          32100          101585 
          32300           99226 
          32500         96927.8 
          32700         94692.3 
          32900         90342.5 
          33100           90069 
          33300         88246.3 
          33500         86292.8 
          33700         84342.8 
          33900         82478.5 
          34100         80658.5 
          34300         78904.1 
          34500         77194.3 
          34700         75515.5 
          34900         73879.2 
          35100         72296.6 
          35300         70748.1 
          35500         69223.8 
          35700         67729.1 
          35900         66412.4 
          36100         64889.4 
          36300         63684.5 
          36500         62171.3 
          36700         61095.6 
          36900         59546.9 
          37100         58608.3 
          37300         57033.8 
          37500         55154.5 
          37700         55209.7 
          37900         54132.8 
          38100         52699.2 
          38300         51808.7 
          38500         50992.2 
          38700         49973.5 
          38900           48983 
          39100         47438.3 
          39300         47127.5 
          39500         46219.2 
          39700         45336.4 
          39900         44454.7 
          40100         43419.7 
          40300           42331 
          40500         41234.1 
          40700         41200.6 
          40900           40436 
          41100         39691.1 
          41300         38958.6 
          41500         38238.4 
          41700         36910.6 
          41900         36850.9 
          42100         36178.5 
          42300         35538.2 
          42500         34897.9 
          42700         34276.3 
          42900         33664.7 
          43100         33069.1 
          43300           32483 
          43500         31912.3 
          43700         30865.3 
          43900         30760.6 
          44100         30271.1 
          44300         29750.7 
          44500         29238.5 
          44700         28779.5 
          44900         28286.3 
          45100         27808.2 
          45300         27339.2 
          45500         26877.4 
          45700         26424.4 
          45900         25983.6 
          46100           25553 
          46300         25120.1 
          46500         24251.1 
          46700         23860.7 
          46900           23882 
          47100           23520 
          47300         23139.7 
          47500         22764.9 
          47700         22398.9 
          47900         22039.8 
          48100         21687.6 
          48300         21343.6 
          48500         21004.6 
          48700         20673.6 
          48900           20341 
          49100         20028.7 
          49300         19705.3 
          49500         19411.1 
          49700           19092 
          49900         18816.7 
          50100         18527.2 
          50300         18219.4 
          50500           17966 
          50700         17694.1 
          50900         17393.9 
          51100         17157.1 
          51300         16628.4 
          51500         16652.9 
          51700         16362.3 
          51900         16162.3 
          52100         15923.2 
          52300         15688.7 
          52500         15451.9 
          52700         15181.5 
          52900         15010.4 
          53100           14792 
          53300         14579.1 
          53500           14369 
          53700         14122.3 
          53900         13928.3 
          54100         13759.8 
          54300         13564.1 
          54500         13372.1 
          54700         13182.6 
          54900         12999.2 
          55100           12812 
          55300         12554.4 
          55500         12461.6 
          55700         12289.7 
          55900         12118.8 
          56100         11952.7 
          56300         11788.5 
          56500         11627.7 
          56700         11469.1 
          56900         11313.3 
          57100         11059.3 
          57300         11009.6 
          57500         10861.9 
          57700         10716.2 
          57900         10573.1 
          58100         10432.5 
          58300         10294.2 
          58500           10164 
          58700           10030 
          58900         9894.17 
          59100         9619.15 
          59300         9640.51 
          59500          9411.4 
          59700         9377.94 
          59900         9271.11 
          60100         9151.31 
          60300         9034.34 
          60500         8918.72 
          60700         8804.83 
          60900         8692.54 
          61100         8581.84 
          61300          8474.2 
          61500         8367.58 
          61700         8262.46 
          61900         8159.01 
          62100          8057.3 
          62300         7956.25 
          62500         7858.06 
          62700         7760.57 
          62900         7566.09 
          63100         7569.67 
          63300         7478.67 
          63500         7387.34 
          63700          7297.3 
          63900         7208.79 
          64200         7078.51 
          64600         6909.15 
          65000         6744.66 
          65400         6585.69 
          65800         6430.95 
          66200         6280.74 
          66600         6135.03 
          67000         5993.43 
          67400         5854.75 
          67800         5685.48 
          68200         5590.39 
          68600         5466.39 
          69000         5343.77 
          69400          5221.8 
          69800         5108.69 
          70200         4995.91 
          70600         4886.32 
          71000         4775.67 
          71400         4676.05 
          71800         4575.13 
          72200         4476.74 
          72600         4375.94 
          73000         4288.31 
          73400         4197.72 
          73800         4109.52 
          74200         4023.59 
          74600         3910.77 
          75000            3804 
          75400         3779.05 
          75800         3701.77 
          76200         3626.35 
          76600         3552.94 
          77000          3481.3 
          77400         3411.45 
          77800         3334.33 
          78200         3277.02 
          78600         3212.22 
          79000         3149.05 
          79400         3087.46 
          79800          3027.3 
          80200         2968.66 
          80600         2911.43 
          81000         2855.53 
          81400         2790.98 
          81800         2747.14 
          82200         2695.77 
          82600         2645.04 
          83000         2595.44 
          83400         2546.98 
          83800         2499.71 
          84200         2453.54 
          84600         2408.39 
          85000          2364.3 
          85400         2321.23 
          85800         2279.06 
          86200         2237.93 
          86600         2187.12 
          87000         2158.29 
          87400         2113.53 
          87800         2075.84 
          88200         2045.48 
          88600         2009.44 
          89000          1974.3 
          89400         1939.89 
          89800          1906.2 
          90200         1873.27 
          90600         1840.97 
          91000         1809.49 
          91400         1778.58 
          91800         1748.41 
          92200         1718.82 
          92600          1689.2 
          93000          1661.5 
          93400         1633.74 
          93800         1598.22 
          94200         1579.92 
          94600         1553.91 
          95000         1528.08 
          95400         1502.59 
          95800         1478.86 
          96200         1454.86 
          96600         1431.33 
          97000          1408.3 
          97400         1385.72 
          97800         1363.57 
          98200         1341.86 
          98600         1319.33 
          99000         1299.78 
          99400         1279.35 
          99800         1259.32 
         100200         1239.67 
         200000         80.7972 
         400000         5.10869 
         600000         1.00813 
         800000        0.317907 
         1.0e+6        0.129719 
         1.2e+6       0.0623226 
         1.4e+6       0.0335232 
         1.6e+6       0.0195855 
