# Kurucz ODFNEW /NOVER (2003)
# teff = 5250 K (value for the effective temperature for the model. Temperatures are given in K)
# logg = 2.5 log(cm/s2) (value for Log(G) for the model.)
# meta = -2.5  (value for the Metallicity for the model.)
# lh = 1.25  (l/Hp where l is the  mixing length of the convective element and Hp is the pressure scale height)
# vtur = 2 km/s (Microturbulence velocity)
# alpha = 0  (Alpha)
#
# column 1: WAVELENGTH (ANGSTROM), Wavelength in Angstrom
# column 2: FLUX (ERG/CM2/S/A), Flux in erg/cm2/s/A
          147.2     1.22577e-98 
            151     6.79042e-96 
          155.2     5.07466e-93 
          158.8      1.1091e-90 
            162      1.0861e-88 
            166     2.59866e-86 
          170.3     7.00238e-84 
          173.4     3.31992e-82 
          176.8     1.95161e-80 
          180.2     9.81013e-79 
          181.7     5.26715e-78 
          186.1     6.21856e-76 
            191     9.69329e-74 
          193.9     1.69861e-72 
          198.4     1.22056e-70 
          201.8     2.71599e-69 
            205     4.58072e-68 
          210.5     4.77468e-66 
          216.2     4.56815e-64 
          219.8     7.18922e-63 
            223      7.7014e-62 
          226.8     1.17878e-60 
            230     1.09294e-59 
            234     1.61587e-58 
            240     7.73211e-57 
          246.5     4.10971e-55 
          252.4     1.26249e-53 
          256.8     1.46153e-52 
            260     8.22452e-52 
            264     6.70963e-51 
          268.5      6.5791e-50 
          273.5     7.59077e-49 
          278.5      8.0128e-48 
            284     9.69054e-47 
            290      1.3147e-45 
            296     1.59672e-44 
            301     1.18427e-43 
            308     1.74787e-42 
            318     6.60703e-41 
            328     1.98562e-39 
            338     4.83822e-38 
            348     9.74891e-37 
            357     1.25133e-35 
            366     1.41171e-34 
            375      1.4094e-33 
            385     1.59321e-32 
            395     1.58307e-31 
            405     1.39734e-30 
            414     9.03205e-30 
            422     4.42173e-29 
            430     2.03458e-28 
            441     1.50916e-27 
            451     8.52916e-27 
            460     3.78866e-26 
            470     1.85141e-25 
            480     8.43341e-25 
            490     3.60019e-24 
            500       1.444e-23 
            506     4.29676e-23 
            512      1.0581e-22 
            520     2.91784e-22 
            530     9.96972e-22 
            540     3.19677e-21 
            550     9.91216e-21 
            560     2.92722e-20 
            570     8.29929e-20 
            580     2.23943e-19 
            590     5.95397e-19 
            600     1.51236e-18 
            610     3.71718e-18 
            620     8.85432e-18 
            630     2.04719e-17 
            640     4.60325e-17 
            650     1.00758e-16 
            658     1.85083e-16 
            665      3.1101e-16 
            675     6.39661e-16 
            685     1.28581e-15 
            695     2.52848e-15 
            705     4.86896e-15 
            716     9.78243e-15 
            726     1.80775e-14 
            735     3.09375e-14 
            745     5.52797e-14 
            755     9.71126e-14 
            765     1.67867e-13 
            775     2.85671e-13 
            785     4.78926e-13 
            795     7.91339e-13 
            805      1.2899e-12 
            815     2.07443e-12 
            825     3.29419e-12 
            835     5.16796e-12 
            845     8.01182e-12 
            855     1.22786e-11 
            865     1.86118e-11 
            875     2.79123e-11 
            885     4.14365e-11 
            895     6.09097e-11 
            905     8.86736e-11 
            915      3.60375e-6 
            925       1.3393e-5 
            935      1.76255e-5 
            945      2.79379e-5 
            955      4.21248e-5 
            965      5.59334e-5 
            975      6.33995e-5 
            985     0.000123717 
            995     0.000172819 
           1005     0.000225573 
           1015     0.000246751 
           1025     0.000347665 
           1035      0.00051465 
           1045     0.000837893 
           1055      0.00109574 
           1065      0.00155438 
           1075      0.00205964 
           1085      0.00280359 
           1095      0.00352686 
           1105      0.00593098 
           1115      0.00921866 
           1125       0.0120363 
           1135       0.0161971 
           1145       0.0191189 
           1155       0.0206415 
           1165       0.0226494 
           1175       0.0225804 
           1185       0.0434001 
           1195       0.0239501 
           1205       0.0243892 
           1215       0.0145514 
           1225        0.036992 
           1235       0.0556588 
           1245       0.0426329 
           1255       0.0842784 
           1265        0.144884 
           1275        0.214516 
           1285        0.326302 
           1295          0.4529 
           1305        0.627445 
           1315        0.833904 
           1325         1.11444 
           1335         1.42289 
           1345         1.85578 
           1355         2.29831 
           1365         3.00276 
           1375         3.66183 
           1385         4.51256 
           1395         5.49948 
           1405         6.54459 
           1415         8.28843 
           1425         9.54409 
           1435         11.3519 
           1442         13.4207 
           1447         13.7314 
           1455         16.5481 
           1465         18.3061 
           1475         22.0466 
           1485          25.369 
           1495         30.4229 
           1505         35.9261 
           1512         39.3596 
           1517         39.3494 
           1525         44.2526 
           1535         51.0902 
           1545         57.6562 
           1555         65.9348 
           1565         69.8862 
           1575         82.6682 
           1585         92.8393 
           1595         105.723 
           1605          115.69 
           1615         136.811 
           1625         157.219 
           1635         189.364 
           1645         233.428 
           1655         238.304 
           1665         307.569 
           1672         307.627 
           1677         344.804 
           1685         389.132 
           1695         422.424 
           1705         468.931 
           1715         544.339 
           1725         618.529 
           1735         779.296 
           1745         1121.04 
           1755         2009.86 
           1765         2775.75 
           1775         4836.01 
           1785         7553.92 
           1795         11891.1 
           1805         12303.2 
           1815         16466.8 
           1825         16445.2 
           1835         21693.8 
           1845         16600.8 
           1855         23089.7 
           1865         30364.9 
           1875         32134.7 
           1885         36335.7 
           1895         43296.8 
           1905         44067.4 
           1915         52302.3 
           1925         56407.4 
           1935         42575.7 
           1945         68213.2 
           1955         75397.6 
           1967         90416.9 
           1976         91066.5 
           1984           96033 
           1995          102085 
           2005          101435 
           2015          112539 
           2025          100342 
           2035          132972 
           2045          152420 
           2055          159326 
           2065          158741 
           2074          196305 
           2078          207084 
           2085          208486 
           2095          208698 
           2105          211285 
           2115          235787 
           2125          230461 
           2135          218629 
           2145          260974 
           2155          264967 
           2165          260829 
           2175          269529 
           2185          303303 
           2195          352777 
           2205          346687 
           2215          323100 
           2225          357056 
           2235          426820 
           2245          402500 
           2255          378143 
           2265          365096 
           2275          415029 
           2285          444920 
           2295          418070 
           2305          473374 
           2315          495035 
           2325          488374 
           2335          440594 
           2345          357847 
           2355          538070 
           2365          411442 
           2375          515214 
           2385          340679 
           2395          439818 
           2405          444199 
           2415          480395 
           2425          657925 
           2435          659522 
           2445          713376 
           2455          724640 
           2465          745681 
           2475          690159 
           2485          613604 
           2495          637321 
           2505          817575 
           2513          696588 
           2518          597567 
           2525          578162 
           2535          643630 
           2545          685055 
           2555          786812 
           2565          783380 
           2575          893441 
           2585          891672 
           2595          870547 
           2605          816688 
           2615          750569 
           2625          941957 
           2635      1.05869e+6 
           2645      1.28392e+6 
           2655      1.36742e+6 
           2665      1.23497e+6 
           2675      1.33268e+6 
           2685      1.40001e+6 
           2695      1.25016e+6 
           2705      1.32604e+6 
           2715      1.19118e+6 
           2725      1.23582e+6 
           2735      1.33136e+6 
           2745      1.05034e+6 
           2755      1.20255e+6 
           2765      1.36929e+6 
           2775      1.48532e+6 
           2785      1.36869e+6 
           2795          528731 
           2805          703469 
           2815      1.61636e+6 
           2825      1.66867e+6 
           2835      1.65167e+6 
           2845       1.5852e+6 
           2855      1.17405e+6 
           2865      1.64645e+6 
           2875      1.68369e+6 
           2885      1.73111e+6 
           2895      1.75275e+6 
           2910      1.93447e+6 
           2930      1.94467e+6 
           2950      1.93449e+6 
           2970      2.00799e+6 
           2990       2.0387e+6 
           3010      2.08317e+6 
           3030      2.13755e+6 
           3050      2.21336e+6 
           3070      2.17502e+6 
           3090      2.18385e+6 
           3110      2.22156e+6 
           3130      2.25532e+6 
           3150      2.25464e+6 
           3170      2.39285e+6 
           3190      2.30593e+6 
           3210      2.44228e+6 
           3230      2.38155e+6 
           3250      2.58141e+6 
           3270      2.74131e+6 
           3290      2.79736e+6 
           3310       2.8414e+6 
           3330       2.8143e+6 
           3350      2.81766e+6 
           3370       2.6355e+6 
           3390      2.82472e+6 
           3410      2.85473e+6 
           3430      3.00233e+6 
           3450      2.98582e+6 
           3470       3.0275e+6 
           3490      3.08025e+6 
           3510      3.14255e+6 
           3530      3.11641e+6 
           3550      3.29782e+6 
           3570      3.15013e+6 
           3590      3.14845e+6 
           3610      3.23507e+6 
           3630      3.31932e+6 
           3640      3.31191e+6 
           3650      3.42386e+6 
           3670       3.4286e+6 
           3690       3.3896e+6 
           3710      3.65122e+6 
           3730      3.63031e+6 
           3750      3.92308e+6 
           3770      4.07267e+6 
           3790      4.18507e+6 
           3810      4.35146e+6 
           3830      4.02209e+6 
           3850      4.40892e+6 
           3870       4.3768e+6 
           3890      4.19349e+6 
           3910      4.41683e+6 
           3930      3.71512e+6 
           3950      4.52776e+6 
           3970      3.87488e+6 
           3990      4.70956e+6 
           4010      4.77164e+6 
           4030      4.75873e+6 
           4050      4.79292e+6 
           4070      4.74957e+6 
           4090      4.88227e+6 
           4110      4.64129e+6 
           4130      4.87872e+6 
           4150      4.87599e+6 
           4170      4.92119e+6 
           4190      4.85179e+6 
           4210      4.83896e+6 
           4230      4.80447e+6 
           4250       4.8334e+6 
           4270      4.81839e+6 
           4290      4.69272e+6 
           4310      4.40185e+6 
           4330      4.87527e+6 
           4350      4.71228e+6 
           4370      4.95706e+6 
           4390      4.92979e+6 
           4410      4.96905e+6 
           4430      5.06749e+6 
           4450      5.05172e+6 
           4470      5.05809e+6 
           4490      5.11759e+6 
           4510      5.15639e+6 
           4530      5.08507e+6 
           4550      5.09706e+6 
           4570      5.16601e+6 
           4590      5.15953e+6 
           4610      5.18098e+6 
           4630        5.185e+6 
           4650       5.1837e+6 
           4670      5.21056e+6 
           4690      5.21126e+6 
           4710      5.19546e+6 
           4730      5.20651e+6 
           4750      5.21201e+6 
           4770      5.21128e+6 
           4790      5.20382e+6 
           4810      5.21029e+6 
           4830      5.20179e+6 
           4850      5.16122e+6 
           4870      4.83713e+6 
           4890      5.15795e+6 
           4910      5.18477e+6 
           4930      5.11613e+6 
           4950      5.14068e+6 
           4970      5.19227e+6 
           4990      5.14105e+6 
           5010      5.08598e+6 
           5030      5.16414e+6 
           5050      5.11282e+6 
           5070      5.16153e+6 
           5090      5.13748e+6 
           5110      5.12432e+6 
           5130      5.11908e+6 
           5150      5.07614e+6 
           5170       4.9721e+6 
           5190      5.01609e+6 
           5210      5.01208e+6 
           5230      5.03882e+6 
           5250      5.10397e+6 
           5270      4.99789e+6 
           5290       5.0777e+6 
           5310       5.0804e+6 
           5330      5.00349e+6 
           5350      5.05171e+6 
           5370      5.02356e+6 
           5390      5.01721e+6 
           5410      4.99086e+6 
           5430      4.98585e+6 
           5450      4.98192e+6 
           5470      5.00058e+6 
           5490      5.00696e+6 
           5510       4.9878e+6 
           5530       4.9869e+6 
           5550      4.98857e+6 
           5570      4.95742e+6 
           5590      4.94371e+6 
           5610      4.93654e+6 
           5630      4.94657e+6 
           5650      4.93545e+6 
           5670      4.91769e+6 
           5690      4.91564e+6 
           5710      4.89652e+6 
           5730      4.89797e+6 
           5750      4.88389e+6 
           5770      4.87409e+6 
           5790      4.86104e+6 
           5810      4.85162e+6 
           5830      4.84133e+6 
           5850      4.82458e+6 
           5870      4.81549e+6 
           5890      4.75102e+6 
           5910      4.79172e+6 
           5930      4.78003e+6 
           5950       4.7688e+6 
           5970      4.75667e+6 
           5990      4.74428e+6 
           6010      4.73007e+6 
           6030       4.7175e+6 
           6050        4.709e+6 
           6070       4.6954e+6 
           6090      4.68249e+6 
           6110      4.66803e+6 
           6130      4.63291e+6 
           6150       4.6357e+6 
           6170      4.61381e+6 
           6190      4.61442e+6 
           6210      4.60497e+6 
           6230      4.58477e+6 
           6250      4.56454e+6 
           6270      4.56565e+6 
           6290      4.55314e+6 
           6310      4.53312e+6 
           6330      4.52257e+6 
           6350      4.51449e+6 
           6370      4.50142e+6 
           6390       4.4862e+6 
           6410      4.46494e+6 
           6430      4.45297e+6 
           6450      4.43889e+6 
           6470      4.42805e+6 
           6490       4.3957e+6 
           6510      4.40634e+6 
           6530      4.39494e+6 
           6550      4.34443e+6 
           6570      3.99606e+6 
           6590      4.34563e+6 
           6610      4.34033e+6 
           6630      4.32772e+6 
           6650       4.3134e+6 
           6670      4.29646e+6 
           6690      4.28731e+6 
           6710      4.27225e+6 
           6730      4.25987e+6 
           6750      4.24558e+6 
           6770      4.23188e+6 
           6790      4.21875e+6 
           6810      4.20465e+6 
           6830      4.19161e+6 
           6850      4.17656e+6 
           6870      4.16361e+6 
           6890      4.15074e+6 
           6910      4.13677e+6 
           6930      4.12336e+6 
           6950      4.10926e+6 
           6970      4.09626e+6 
           6990      4.08241e+6 
           7010      4.06727e+6 
           7030      4.05484e+6 
           7050      4.04164e+6 
           7070      4.02763e+6 
           7090      4.01415e+6 
           7110      4.00092e+6 
           7130      3.98547e+6 
           7150      3.97116e+6 
           7170      3.95908e+6 
           7190      3.94226e+6 
           7210      3.92998e+6 
           7230      3.91865e+6 
           7250       3.9058e+6 
           7270      3.89211e+6 
           7290      3.87695e+6 
           7310      3.86451e+6 
           7330      3.85046e+6 
           7350      3.83825e+6 
           7370      3.82549e+6 
           7390      3.81019e+6 
           7410      3.79418e+6 
           7430        3.783e+6 
           7450      3.77038e+6 
           7470      3.75812e+6 
           7490      3.74358e+6 
           7510      3.73048e+6 
           7530      3.71807e+6 
           7550       3.7056e+6 
           7570      3.69196e+6 
           7590      3.67835e+6 
           7610      3.66574e+6 
           7630      3.65263e+6 
           7650       3.6398e+6 
           7670      3.62257e+6 
           7690      3.61382e+6 
           7710      3.59814e+6 
           7730      3.58667e+6 
           7750      3.57257e+6 
           7770      3.56207e+6 
           7790      3.54876e+6 
           7810       3.5366e+6 
           7830      3.52237e+6 
           7850      3.51037e+6 
           7870      3.49852e+6 
           7890      3.48564e+6 
           7910      3.47262e+6 
           7930      3.45764e+6 
           7950      3.44515e+6 
           7970      3.43523e+6 
           7990      3.42272e+6 
           8010      3.40917e+6 
           8030      3.39735e+6 
           8050      3.38375e+6 
           8070      3.37272e+6 
           8090      3.35906e+6 
           8110      3.34801e+6 
           8130      3.33589e+6 
           8150      3.32357e+6 
           8170      3.31121e+6 
           8190      3.29405e+6 
           8210      3.28539e+6 
           8230        3.271e+6 
           8250      3.26169e+6 
           8270      3.25051e+6 
           8290      3.23846e+6 
           8310      3.22846e+6 
           8330      3.20689e+6 
           8350      3.20452e+6 
           8370      3.19073e+6 
           8390      3.17173e+6 
           8410      3.16801e+6 
           8430      3.15692e+6 
           8450      3.14511e+6 
           8470      3.12586e+6 
           8490      3.12301e+6 
           8510      3.06153e+6 
           8530       3.1013e+6 
           8550      2.98194e+6 
           8570      3.08098e+6 
           8590      3.06247e+6 
           8610      3.03982e+6 
           8630      3.04628e+6 
           8650      3.03423e+6 
           8670      2.91976e+6 
           8690      3.00112e+6 
           8710      3.00106e+6 
           8730      2.98985e+6 
           8750       2.9448e+6 
           8770      2.96773e+6 
           8790      2.95653e+6 
           8810      2.93623e+6 
           8830      2.92884e+6 
           8850      2.92201e+6 
           8870      2.87576e+6 
           8890      2.90259e+6 
           8910      2.89162e+6 
           8930      2.88014e+6 
           8950       2.8694e+6 
           8970      2.85948e+6 
           8990      2.84901e+6 
           9010      2.79572e+6 
           9030      2.82368e+6 
           9050      2.81752e+6 
           9070      2.80529e+6 
           9090      2.78963e+6 
           9110      2.78452e+6 
           9130      2.77541e+6 
           9150      2.76527e+6 
           9170      2.75497e+6 
           9190      2.74495e+6 
           9210      2.73224e+6 
           9230      2.67995e+6 
           9250      2.71148e+6 
           9270      2.70392e+6 
           9290      2.69412e+6 
           9310      2.68434e+6 
           9330      2.67427e+6 
           9350      2.66427e+6 
           9370      2.65402e+6 
           9390      2.64478e+6 
           9410      2.62989e+6 
           9430      2.62497e+6 
           9450      2.61493e+6 
           9470      2.60587e+6 
           9490      2.59632e+6 
           9510      2.58662e+6 
           9530      2.57685e+6 
           9550      2.52183e+6 
           9570      2.55782e+6 
           9590      2.54872e+6 
           9610      2.53898e+6 
           9630      2.52914e+6 
           9650      2.51976e+6 
           9670      2.50999e+6 
           9690        2.502e+6 
           9710      2.49279e+6 
           9730      2.48358e+6 
           9750      2.47404e+6 
           9770       2.4653e+6 
           9790      2.45618e+6 
           9810      2.44739e+6 
           9830       2.4385e+6 
           9850      2.42957e+6 
           9870      2.42036e+6 
           9890      2.41142e+6 
           9910      2.40274e+6 
           9930      2.39421e+6 
           9950      2.38551e+6 
           9970      2.37682e+6 
           9990      2.36815e+6 
          10025      2.35033e+6 
          10075      2.31422e+6 
          10125      2.31041e+6 
          10175       2.2894e+6 
          10225      2.26901e+6 
          10275      2.24891e+6 
          10325      2.22736e+6 
          10375      2.20843e+6 
          10425      2.18923e+6 
          10475        2.169e+6 
          10525      2.15048e+6 
          10575      2.13104e+6 
          10625       2.1114e+6 
          10675      2.09008e+6 
          10725      2.07476e+6 
          10775      2.05552e+6 
          10825      2.03426e+6 
          10875      2.01977e+6 
          10925      1.98021e+6 
          10975      1.98516e+6 
          11025      1.96961e+6 
          11075      1.95298e+6 
          11125      1.93604e+6 
          11175      1.91933e+6 
          11225      1.90337e+6 
          11275      1.88638e+6 
          11325      1.87102e+6 
          11375      1.85531e+6 
          11425       1.8387e+6 
          11475      1.82466e+6 
          11525      1.80954e+6 
          11575      1.79431e+6 
          11625      1.77776e+6 
          11675      1.76445e+6 
          11725      1.75064e+6 
          11775      1.73512e+6 
          11825      1.71997e+6 
          11875      1.70583e+6 
          11925      1.69463e+6 
          11975       1.6735e+6 
          12025      1.66646e+6 
          12075      1.65251e+6 
          12125      1.64085e+6 
          12175      1.62827e+6 
          12225      1.61548e+6 
          12275      1.60267e+6 
          12325      1.59041e+6 
          12375      1.57806e+6 
          12425      1.56594e+6 
          12475      1.55404e+6 
          12525      1.54221e+6 
          12575      1.53052e+6 
          12625       1.5189e+6 
          12675      1.50757e+6 
          12725      1.49644e+6 
          12775      1.48526e+6 
          12825      1.44063e+6 
          12875      1.46355e+6 
          12925      1.45288e+6 
          12975      1.44251e+6 
          13025      1.43212e+6 
          13075      1.42189e+6 
          13125      1.41141e+6 
          13175      1.40124e+6 
          13225      1.39189e+6 
          13275      1.38185e+6 
          13325      1.37244e+6 
          13375      1.36295e+6 
          13425      1.35372e+6 
          13475      1.34448e+6 
          13525      1.33538e+6 
          13575      1.32619e+6 
          13625      1.31737e+6 
          13675      1.30864e+6 
          13725       1.2999e+6 
          13775      1.29142e+6 
          13825      1.28296e+6 
          13875      1.27457e+6 
          13925      1.26639e+6 
          13975      1.25819e+6 
          14025         1.25e+6 
          14075      1.24222e+6 
          14125      1.23418e+6 
          14175      1.22663e+6 
          14225      1.21849e+6 
          14275      1.21076e+6 
          14325      1.20372e+6 
          14375      1.19636e+6 
          14425      1.18787e+6 
          14475      1.18167e+6 
          14525      1.17337e+6 
          14570      1.16752e+6 
          14620      1.16076e+6 
          14675      1.15316e+6 
          14725        1.146e+6 
          14775      1.13925e+6 
          14825      1.13252e+6 
          14875      1.12253e+6 
          14925      1.11917e+6 
          14975      1.11228e+6 
          15025      1.10016e+6 
          15075      1.09725e+6 
          15125      1.09205e+6 
          15175      1.08543e+6 
          15225      1.07927e+6 
          15275      1.07132e+6 
          15325      1.06468e+6 
          15375      1.05981e+6 
          15425         1.05e+6 
          15475      1.04719e+6 
          15525       1.0408e+6 
          15575       1.0273e+6 
          15625      1.02958e+6 
          15675      1.01905e+6 
          15725       1.0047e+6 
          15775       1.0083e+6 
          15825      1.00322e+6 
          15875          973606 
          15925          987942 
          15975          985074 
          16050          972102 
          16150          944241 
          16250          945381 
          16350          925481 
          16450          892921 
          16550          892561 
          16650          874248 
          16750          852817 
          16850          820791 
          16950          822123 
          17050          805445 
          17150          789201 
          17250          773456 
          17350          738147 
          17450          742528 
          17550          728660 
          17650          714356 
          17750          700470 
          17850          686897 
          17950          673665 
          18050          660647 
          18150          631602 
          18250          634393 
          18350          623570 
          18450          611650 
          18550          600234 
          18650          588745 
          18750          557996 
          18850          566840 
          18950          556425 
          19050          546477 
          19150          536429 
          19250          526641 
          19350          516825 
          19450          494186 
          19550          498380 
          19650          489554 
          19750          480543 
          19850          472195 
          19950          463829 
          20050          455690 
          20150          447689 
          20250          439806 
          20350          432055 
          20450          424651 
          20550          417290 
          20650          410016 
          20750          403020 
          20850          396156 
          20950          389336 
          21050          382789 
          21150          376315 
          21250          369986 
          21350          363776 
          21450          357723 
          21550          351766 
          21650          337433 
          21750          340039 
          21850          334582 
          21950          329163 
          22050          323713 
          22150          318531 
          22250          313369 
          22350          308323 
          22450          303378 
          22550          298500 
          22650          293755 
          22750          289104 
          22850          284898 
          22950          280446 
          23050          276054 
          23150          271734 
          23250          267506 
          23350          263347 
          23450          259304 
          23550          255293 
          23650          251381 
          23750          247505 
          23850          243725 
          23950          240033 
          24050          236354 
          24150          232734 
          24250          229351 
          24350          225781 
          24450          222388 
          24550          219180 
          24650          215855 
          24750          212663 
          24850          209594 
          24950          206175 
          25050          203643 
          25150          200675 
          25250          197097 
          25350          194901 
          25450          192104 
          25550          189328 
          25650          185701 
          25750          184000 
          25850          181351 
          25950          178826 
          26050          176223 
          26150          172613 
          26250          167681 
          26350          168929 
          26450          166641 
          26550          164325 
          26650          161954 
          26750          158334 
          26850          157653 
          26950          155510 
          27050          153389 
          27150          151306 
          27250          149259 
          27350          147247 
          27450          145272 
          27550          141871 
          27650          141221 
          27750          139525 
          27850          137675 
          27950          135857 
          28050          134062 
          28150          132303 
          28250          130570 
          28350          128868 
          28450          127187 
          28550          125539 
          28650          123856 
          28750          120859 
          28850          120747 
          28950          119199 
          29050          117675 
          29150          116181 
          29250          114697 
          29350          113252 
          29450          111820 
          29550          110421 
          29650          109031 
          29750          107673 
          29850          106331 
          29950          105005 
          30050          103703 
          30150          102431 
          30250          101167 
          30350           98865 
          30450         98464.6 
          30550         97498.1 
          30650         96305.5 
          30750         95142.3 
          30850         93984.2 
          30950         92846.9 
          31050         91737.9 
          31150         90610.2 
          31250         89552.9 
          31350         88472.7 
          31450           87431 
          31550         86381.9 
          31650         85374.3 
          31750           84359 
          31850         83369.6 
          31950         82394.6 
          32100         80957.3 
          32300           79084 
          32500         77271.9 
          32700         75505.1 
          32900         73277.8 
          33100         72130.2 
          33300         70515.5 
          33500         68947.6 
          33700         67418.5 
          33900           65914 
          34100         64475.6 
          34300         63072.7 
          34500         61694.7 
          34700         60366.1 
          34900         59069.9 
          35100         57799.4 
          35300         56568.8 
          35500         55377.2 
          35700         54202.8 
          35900         53071.4 
          36100         51967.6 
          36300         50887.6 
          36500         49830.9 
          36700         48813.8 
          36900         47807.4 
          37100         46847.2 
          37300         45853.4 
          37500         44746.7 
          37700         44077.1 
          37900         43201.4 
          38100         42320.8 
          38300           41505 
          38500         40696.2 
          38700         39901.8 
          38900         39126.6 
          39100         38330.6 
          39300         37631.7 
          39500         36911.2 
          39700         36207.9 
          39900         35519.3 
          40100         34842.6 
          40300           34152 
          40500         33342.4 
          40700         32931.3 
          40900         32321.8 
          41100         31724.7 
          41300         31142.1 
          41500         30573.7 
          41700         29956.1 
          41900         29473.4 
          42100         28936.8 
          42300         28423.8 
          42500           27915 
          42700         27418.6 
          42900         26932.2 
          43100         26453.7 
          43300         25986.8 
          43500         25531.4 
          43700         25020.1 
          43900           24646 
          44100         24221.5 
          44300         23801.7 
          44500         23394.2 
          44700         22994.9 
          44900         22605.5 
          45100         22222.1 
          45300         21850.1 
          45500         21483.7 
          45700         21126.5 
          45900         20776.5 
          46100         20433.6 
          46300         20097.5 
          46500         19675.8 
          46700         19391.9 
          46900           19131 
          47100         18822.8 
          47300         18519.1 
          47500         18221.6 
          47700           17930 
          47900         17644.3 
          48100         17364.4 
          48300         17088.5 
          48500         16819.7 
          48700         16554.8 
          48900         16296.7 
          49100         16042.3 
          49300         15793.1 
          49500         15550.4 
          49700         15309.6 
          49900         15075.9 
          50100         14844.3 
          50300           14619 
          50500         14396.2 
          50700         14179.3 
          50900         13966.2 
          51100         13756.5 
          51300         13512.6 
          51500         13349.8 
          51700         13151.5 
          51900         12957.9 
          52100         12767.2 
          52300         12580.2 
          52500         12396.8 
          52700           12215 
          52900         12038.9 
          53100         11865.8 
          53300         11694.4 
          53500         11527.4 
          53700         11360.2 
          53900         11199.4 
          54100           11042 
          54300         10885.6 
          54500         10732.5 
          54700         10580.7 
          54900         10433.6 
          55100         10288.3 
          55300         10141.2 
          55500         10004.9 
          55700         9866.88 
          55900          9730.7 
          56100         9597.76 
          56300          9466.7 
          56500         9338.19 
          56700          9211.5 
          56900         9086.93 
          57100         8958.91 
          57300         8844.04 
          57500         8725.65 
          57700         8609.25 
          57900         8494.82 
          58100         8382.19 
          58300         8271.47 
          58500         8162.83 
          58700         8055.69 
          58900         7950.26 
          59100         7825.14 
          59300          7744.7 
          59500         7637.49 
          59700          7545.6 
          59900         7448.58 
          60100         7352.98 
          60300         7259.01 
          60500         7166.53 
          60700         7075.42 
          60900         6985.75 
          61100          6897.5 
          61300         6810.76 
          61500          6725.4 
          61700          6641.2 
          61900         6558.43 
          62100         6476.89 
          62300         6396.54 
          62500         6317.58 
          62700         6239.77 
          62900         6156.64 
          63100         6087.78 
          63300         6013.55 
          63500         5940.41 
          63700         5868.35 
          63900         5797.44 
          64200         5693.02 
          64600         5557.38 
          65000          5425.8 
          65400         5298.15 
          65800         5174.15 
          66200         5053.79 
          66600         4936.87 
          67000         4823.38 
          67400         4713.06 
          67800         4603.03 
          68200         4501.73 
          68600         4400.63 
          69000          4302.2 
          69400         4206.52 
          69800          4113.6 
          70200         4023.13 
          70600         3935.19 
          71000         3849.58 
          71400         3766.36 
          71800         3685.35 
          72200         3606.54 
          72600         3529.74 
          73000         3455.04 
          73400         3382.31 
          73800         3311.44 
          74200         3242.44 
          74600         3169.38 
          75000         3102.98 
          75400         3045.96 
          75800          2983.8 
          76200         2923.23 
          76600         2864.21 
          77000         2806.63 
          77400         2750.47 
          77800         2695.49 
          78200         2642.36 
          78600         2590.29 
          79000          2539.5 
          79400         2489.95 
          79800         2441.63 
          80200         2394.43 
          80600          2348.4 
          81000         2303.44 
          81400         2259.08 
          81800         2216.72 
          82200          2174.9 
          82600         2134.07 
          83000         2094.19 
          83400         2055.19 
          83800         2017.16 
          84200         1979.98 
          84600         1943.66 
          85000         1908.15 
          85400         1873.48 
          85800         1839.58 
          86200         1806.42 
          86600          1773.5 
          87000         1742.34 
          87400         1710.85 
          87800         1680.49 
          88200         1651.48 
          88600         1622.54 
          89000         1594.19 
          89400         1566.48 
          89800         1539.38 
          90200         1512.84 
          90600         1486.84 
          91000         1461.47 
          91400         1436.58 
          91800         1412.24 
          92200          1388.4 
          92600         1365.09 
          93000         1342.27 
          93400         1319.87 
          93800         1297.46 
          94200         1276.53 
          94600         1255.53 
          95000         1234.96 
          95400         1214.82 
          95800         1195.05 
          96200         1175.73 
          96600         1156.73 
          97000          1138.2 
          97400         1119.97 
          97800         1102.08 
          98200         1084.65 
          98600         1067.49 
          99000          1050.7 
          99400         1034.21 
          99800         1018.07 
         100200         1002.27 
         200000         65.7996 
         400000         4.20053 
         600000        0.834508 
         800000        0.264458 
         1.0e+6         0.10831 
         1.2e+6       0.0521875 
         1.4e+6       0.0281355 
         1.6e+6       0.0164687 
