# Kurucz ODFNEW /NOVER (2003)
# teff = 5250 K (value for the effective temperature for the model. Temperatures are given in K)
# logg = 3 log(cm/s2) (value for Log(G) for the model.)
# meta = -2.5  (value for the Metallicity for the model.)
# lh = 1.25  (l/Hp where l is the  mixing length of the convective element and Hp is the pressure scale height)
# vtur = 2 km/s (Microturbulence velocity)
# alpha = 0.4  (Alpha)
#
# column 1: WAVELENGTH (ANGSTROM), Wavelength in Angstrom
# column 2: FLUX (ERG/CM2/S/A), Flux in erg/cm2/s/A
          147.2     1.03902e-98 
            151     5.76404e-96 
          155.2     4.31407e-93 
          158.8     9.44041e-91 
            162     9.25416e-89 
            166     2.21696e-86 
          170.3     5.98125e-84 
          173.4     2.83829e-82 
          176.8     1.67007e-80 
          180.2     8.40203e-79 
          181.7     4.51278e-78 
          186.1     5.33377e-76 
            191     8.32345e-74 
          193.9     1.45943e-72 
          198.4     1.04972e-70 
          201.8     2.33753e-69 
            205     3.94488e-68 
          210.5     4.11628e-66 
          216.2     3.94223e-64 
          219.8     6.20801e-63 
            223     6.65377e-62 
          226.8     1.01905e-60 
            230     9.45313e-60 
            234     1.39846e-58 
            240     6.69741e-57 
          246.5     3.56305e-55 
          252.4     1.09537e-53 
          256.8     1.26879e-52 
            260     7.14281e-52 
            264     5.82964e-51 
          268.5     5.71948e-50 
          273.5     6.60264e-49 
          278.5     6.97289e-48 
            284     8.43783e-47 
            290     1.14542e-45 
            296     1.39192e-44 
            301     1.03283e-43 
            308     1.52528e-42 
            318      5.7703e-41 
            328     1.73552e-39 
            338     4.23179e-38 
            348      8.5329e-37 
            357     1.09588e-35 
            366     1.23701e-34 
            375     1.23565e-33 
            385     1.39755e-32 
            395      1.3894e-31 
            405     1.22699e-30 
            414     7.93436e-30 
            422     3.88568e-29 
            430      1.7886e-28 
            441      1.3273e-27 
            451     7.50436e-27 
            460     3.33466e-26 
            470     1.63012e-25 
            480     7.42798e-25 
            490     3.17215e-24 
            500     1.27268e-23 
            506     3.78869e-23 
            512     9.33086e-23 
            520     2.57371e-22 
            530     8.79634e-22 
            540     2.82134e-21 
            550     8.75033e-21 
            560     2.58473e-20 
            570     7.33016e-20 
            580     1.97839e-19 
            590     5.26112e-19 
            600     1.33666e-18 
            610     3.28608e-18 
            620     7.82899e-18 
            630     1.81047e-17 
            640     4.07182e-17 
            650     8.91418e-17 
            658     1.63773e-16 
            665      2.7523e-16 
            675     5.66171e-16 
            685     1.13824e-15 
            695     2.23873e-15 
            705     4.31148e-15 
            716     8.66398e-15 
            726     1.60133e-14 
            735     2.74089e-14 
            745     4.89814e-14 
            755     8.60624e-14 
            765      1.4878e-13 
            775     2.53225e-13 
            785     4.24583e-13 
            795     7.01631e-13 
            805     1.14381e-12 
            815     1.83973e-12 
            825     2.92184e-12 
            835      4.5843e-12 
            845     7.10749e-12 
            855     1.08944e-11 
            865     1.65152e-11 
            875       2.477e-11 
            885     3.67761e-11 
            895      5.4062e-11 
            905     7.87152e-11 
            915      3.01802e-6 
            925      1.13746e-5 
            935      1.52437e-5 
            945      2.34418e-5 
            955      3.54963e-5 
            965      4.81782e-5 
            975      5.55885e-5 
            985     0.000105289 
            995     0.000148926 
           1005     0.000193317 
           1015     0.000217154 
           1025     0.000301341 
           1035     0.000440797 
           1045     0.000714562 
           1055     0.000925556 
           1065      0.00134832 
           1075      0.00177081 
           1085      0.00245234 
           1095      0.00307297 
           1105      0.00506739 
           1115      0.00753656 
           1125       0.0103167 
           1135       0.0142208 
           1145         0.01727 
           1155       0.0190137 
           1165       0.0208802 
           1175       0.0225379 
           1185       0.0352282 
           1195       0.0226635 
           1205       0.0239933 
           1215       0.0144786 
           1225       0.0365577 
           1235       0.0534284 
           1245       0.0556481 
           1255        0.108403 
           1265        0.167527 
           1275         0.24018 
           1285        0.364016 
           1295        0.483518 
           1305        0.694296 
           1315        0.905035 
           1325         1.20983 
           1335         1.52474 
           1345         1.95216 
           1355          2.3931 
           1365         3.10304 
           1375         3.70507 
           1385         4.49253 
           1395         5.42669 
           1405         6.37149 
           1415         8.09727 
           1425         9.09382 
           1435         10.8621 
           1442         12.9245 
           1447         12.8386 
           1455         15.5792 
           1465         17.0808 
           1475         20.3514 
           1485         23.2455 
           1495         28.1878 
           1505         33.3631 
           1512         35.5827 
           1517         34.4727 
           1525         40.8735 
           1535         49.6321 
           1545         54.5644 
           1555         61.8466 
           1565         65.0364 
           1575         77.1539 
           1585         86.0297 
           1595         97.1653 
           1605         106.236 
           1615          128.05 
           1625         149.914 
           1635         184.135 
           1645         234.291 
           1655         241.234 
           1665         318.033 
           1672         323.879 
           1677         370.014 
           1685         422.636 
           1695         468.397 
           1705         530.799 
           1715         623.919 
           1725         715.294 
           1735         887.726 
           1745         1199.54 
           1755         2070.28 
           1765         2760.63 
           1775         4837.32 
           1785         8092.61 
           1795         12428.9 
           1805         12594.6 
           1815         16209.5 
           1825         16855.8 
           1835         24682.1 
           1845         14845.5 
           1855         25593.5 
           1865         36910.2 
           1875         39502.9 
           1885           44243 
           1895           52256 
           1905         50993.6 
           1915         64050.3 
           1925         70476.7 
           1935         54892.1 
           1945         85141.5 
           1955         93359.7 
           1967          111965 
           1976          104917 
           1984          112141 
           1995          127292 
           2005          128059 
           2015          144773 
           2025          120609 
           2035          171498 
           2045          195255 
           2055          201236 
           2065          206307 
           2074          252007 
           2078          262929 
           2085          262163 
           2095          263623 
           2105          266464 
           2115          297503 
           2125          269114 
           2135          279417 
           2145          331595 
           2155          331551 
           2165          322901 
           2175          336965 
           2185          379829 
           2195          436708 
           2205          425651 
           2215          376167 
           2225          444804 
           2235          527465 
           2245          502386 
           2255          467757 
           2265          445160 
           2275          496131 
           2285          539614 
           2295          500732 
           2305          569785 
           2315          597666 
           2325          584340 
           2335          537128 
           2345          438084 
           2355          647264 
           2365          504291 
           2375          620733 
           2385          418916 
           2395          535386 
           2405          539879 
           2415          575976 
           2425          778620 
           2435          765248 
           2445          831158 
           2455          847528 
           2465          863234 
           2475          798339 
           2485          685409 
           2495          725738 
           2505          894481 
           2513          709354 
           2518          459640 
           2525          521827 
           2535          671418 
           2545          746418 
           2555          895421 
           2565          887823 
           2575      1.02571e+6 
           2585      1.03126e+6 
           2595      1.00576e+6 
           2605          939710 
           2615          861910 
           2625      1.07503e+6 
           2635      1.20421e+6 
           2645      1.44439e+6 
           2655      1.55875e+6 
           2665       1.4045e+6 
           2675      1.50705e+6 
           2685      1.58369e+6 
           2695      1.41012e+6 
           2705      1.50037e+6 
           2715      1.33592e+6 
           2725      1.37549e+6 
           2735      1.46628e+6 
           2745      1.18323e+6 
           2755      1.33468e+6 
           2765      1.50781e+6 
           2775      1.56741e+6 
           2785      1.26217e+6 
           2795          326715 
           2805          476733 
           2815      1.54586e+6 
           2825       1.7357e+6 
           2835      1.71823e+6 
           2845      1.53051e+6 
           2855          848806 
           2865      1.71419e+6 
           2875      1.79394e+6 
           2885      1.76695e+6 
           2895      1.87528e+6 
           2910      2.07479e+6 
           2930       2.0965e+6 
           2950      2.07843e+6 
           2970      2.15141e+6 
           2990      2.18421e+6 
           3010      2.23732e+6 
           3030      2.29274e+6 
           3050      2.37847e+6 
           3070      2.19768e+6 
           3090      2.17927e+6 
           3110      2.26849e+6 
           3130      2.27997e+6 
           3150      2.25297e+6 
           3170      2.44462e+6 
           3190       2.3642e+6 
           3210      2.52641e+6 
           3230      2.46272e+6 
           3250      2.71923e+6 
           3270      2.90947e+6 
           3290      2.98074e+6 
           3310      3.01556e+6 
           3330      2.97252e+6 
           3350      2.96805e+6 
           3370      2.72182e+6 
           3390       2.9808e+6 
           3410      3.03289e+6 
           3430      3.20855e+6 
           3450      3.17051e+6 
           3470      3.23106e+6 
           3490      3.29929e+6 
           3510      3.35843e+6 
           3530      3.32169e+6 
           3550      3.52919e+6 
           3570      3.34758e+6 
           3590      3.34459e+6 
           3610      3.44783e+6 
           3630       3.5183e+6 
           3640      3.50099e+6 
           3650      3.63029e+6 
           3670      3.65628e+6 
           3690      3.58964e+6 
           3710      3.77192e+6 
           3730      3.64222e+6 
           3750      3.90272e+6 
           3770      4.07612e+6 
           3790      4.18559e+6 
           3810      4.33329e+6 
           3830      3.93528e+6 
           3850      4.37893e+6 
           3870      4.30989e+6 
           3890      4.16984e+6 
           3910      4.32714e+6 
           3930      3.24338e+6 
           3950       4.3754e+6 
           3970      3.55315e+6 
           3990      4.64283e+6 
           4010       4.7365e+6 
           4030      4.72231e+6 
           4050      4.75663e+6 
           4070      4.71773e+6 
           4090      4.86268e+6 
           4110      4.64464e+6 
           4130      4.85287e+6 
           4150      4.84252e+6 
           4170      4.88089e+6 
           4190      4.80716e+6 
           4210      4.79432e+6 
           4230      4.73667e+6 
           4250      4.77771e+6 
           4270      4.74091e+6 
           4290      4.55659e+6 
           4310      4.20736e+6 
           4330      4.82563e+6 
           4350      4.67983e+6 
           4370      4.89986e+6 
           4390      4.86118e+6 
           4410      4.92547e+6 
           4430      5.02065e+6 
           4450      4.99883e+6 
           4470      5.02585e+6 
           4490      5.09498e+6 
           4510      5.12935e+6 
           4530      5.03496e+6 
           4550      5.06922e+6 
           4570      5.13246e+6 
           4590      5.13503e+6 
           4610      5.16095e+6 
           4630       5.1676e+6 
           4650      5.16035e+6 
           4670      5.19208e+6 
           4690       5.1902e+6 
           4710      5.17152e+6 
           4730      5.18883e+6 
           4750      5.19248e+6 
           4770      5.18992e+6 
           4790      5.18083e+6 
           4810      5.18929e+6 
           4830      5.18306e+6 
           4850      5.14809e+6 
           4870      4.83379e+6 
           4890      5.14062e+6 
           4910       5.1654e+6 
           4930      5.10048e+6 
           4950      5.12238e+6 
           4970      5.17458e+6 
           4990      5.11215e+6 
           5010      5.05131e+6 
           5030      5.13644e+6 
           5050      5.09008e+6 
           5070      5.13969e+6 
           5090      5.11959e+6 
           5110        5.106e+6 
           5130      5.09904e+6 
           5150      5.05426e+6 
           5170      4.91502e+6 
           5190      4.95162e+6 
           5210      4.98862e+6 
           5230      5.02009e+6 
           5250      5.08757e+6 
           5270       4.9652e+6 
           5290      5.06087e+6 
           5310      5.06731e+6 
           5330      4.97644e+6 
           5350      5.03381e+6 
           5370      5.00749e+6 
           5390      4.99853e+6 
           5410       4.9713e+6 
           5430       4.9686e+6 
           5450      4.96493e+6 
           5470      4.98446e+6 
           5490      4.98746e+6 
           5510      4.96733e+6 
           5530      4.96805e+6 
           5550      4.97316e+6 
           5570      4.94152e+6 
           5590      4.91406e+6 
           5610      4.91559e+6 
           5630      4.93136e+6 
           5650      4.92047e+6 
           5670      4.90117e+6 
           5690      4.90005e+6 
           5710      4.87896e+6 
           5730      4.88305e+6 
           5750      4.86783e+6 
           5770      4.85892e+6 
           5790      4.84598e+6 
           5810      4.83689e+6 
           5830      4.82681e+6 
           5850       4.8084e+6 
           5870      4.79996e+6 
           5890      4.73451e+6 
           5910      4.77706e+6 
           5930      4.76567e+6 
           5950       4.7539e+6 
           5970      4.74219e+6 
           5990      4.73021e+6 
           6010      4.71599e+6 
           6030       4.7032e+6 
           6050      4.69521e+6 
           6070      4.68129e+6 
           6090      4.66807e+6 
           6110       4.6529e+6 
           6130      4.61236e+6 
           6150      4.62056e+6 
           6170      4.58353e+6 
           6190      4.60085e+6 
           6210      4.59139e+6 
           6230      4.56992e+6 
           6250      4.54911e+6 
           6270      4.55108e+6 
           6290      4.54009e+6 
           6310      4.51997e+6 
           6330      4.50856e+6 
           6350      4.50113e+6 
           6370      4.48842e+6 
           6390      4.47319e+6 
           6410      4.45137e+6 
           6430      4.44012e+6 
           6450      4.41825e+6 
           6470      4.40834e+6 
           6490      4.37942e+6 
           6510      4.39283e+6 
           6530      4.38142e+6 
           6550      4.32906e+6 
           6570       3.9724e+6 
           6590      4.33271e+6 
           6610      4.32783e+6 
           6630      4.31504e+6 
           6650      4.30122e+6 
           6670       4.2841e+6 
           6690      4.27502e+6 
           6710      4.25945e+6 
           6730      4.24773e+6 
           6750       4.2331e+6 
           6770      4.21979e+6 
           6790      4.20649e+6 
           6810      4.19246e+6 
           6830      4.17966e+6 
           6850      4.16468e+6 
           6870      4.15156e+6 
           6890      4.13892e+6 
           6910      4.12502e+6 
           6930      4.11144e+6 
           6950      4.09748e+6 
           6970      4.08462e+6 
           6990      4.07084e+6 
           7010      4.05493e+6 
           7030      4.04317e+6 
           7050      4.03012e+6 
           7070      4.01617e+6 
           7090      4.00284e+6 
           7110      3.98974e+6 
           7130      3.97413e+6 
           7150      3.95782e+6 
           7170      3.94735e+6 
           7190      3.93074e+6 
           7210      3.91752e+6 
           7230       3.9074e+6 
           7250      3.89405e+6 
           7270      3.88092e+6 
           7290      3.86476e+6 
           7310      3.85386e+6 
           7330      3.83847e+6 
           7350       3.8273e+6 
           7370      3.81474e+6 
           7390       3.7995e+6 
           7410      3.78197e+6 
           7430      3.77146e+6 
           7450      3.75993e+6 
           7470      3.74786e+6 
           7490      3.73331e+6 
           7510      3.72026e+6 
           7530       3.7079e+6 
           7550      3.69542e+6 
           7570      3.68164e+6 
           7590      3.66828e+6 
           7610      3.65553e+6 
           7630      3.64273e+6 
           7650      3.62937e+6 
           7670      3.61188e+6 
           7690      3.60344e+6 
           7710      3.58863e+6 
           7730      3.57658e+6 
           7750      3.56216e+6 
           7770      3.55202e+6 
           7790       3.5392e+6 
           7810      3.52691e+6 
           7830      3.51278e+6 
           7850      3.50078e+6 
           7870      3.48909e+6 
           7890      3.47626e+6 
           7910       3.4631e+6 
           7930      3.44703e+6 
           7950       3.4349e+6 
           7970      3.42592e+6 
           7990      3.41351e+6 
           8010      3.40007e+6 
           8030      3.38801e+6 
           8050      3.37445e+6 
           8070       3.3637e+6 
           8090      3.35014e+6 
           8110      3.33902e+6 
           8130      3.32712e+6 
           8150      3.31483e+6 
           8170      3.30241e+6 
           8190      3.28517e+6 
           8210       3.2793e+6 
           8230      3.26511e+6 
           8250      3.25682e+6 
           8270      3.24594e+6 
           8290      3.23375e+6 
           8310         3.22e+6 
           8330      3.20076e+6 
           8350      3.19674e+6 
           8370        3.184e+6 
           8390      3.16322e+6 
           8410      3.16007e+6 
           8430      3.14605e+6 
           8450      3.13635e+6 
           8470      3.11972e+6 
           8490      3.10848e+6 
           8510      3.04286e+6 
           8530      3.08732e+6 
           8550      2.92427e+6 
           8570      3.07052e+6 
           8590       3.0543e+6 
           8610       3.0355e+6 
           8630      3.03596e+6 
           8650      3.02239e+6 
           8670      2.87881e+6 
           8690       2.9896e+6 
           8710      2.99078e+6 
           8730      2.97907e+6 
           8750      2.94283e+6 
           8770      2.95779e+6 
           8790      2.94629e+6 
           8810      2.91997e+6 
           8830      2.91859e+6 
           8850      2.91283e+6 
           8870      2.87375e+6 
           8890      2.89273e+6 
           8910      2.88161e+6 
           8930      2.86994e+6 
           8950      2.85972e+6 
           8970      2.84983e+6 
           8990      2.83931e+6 
           9010      2.79261e+6 
           9030      2.81523e+6 
           9050      2.80804e+6 
           9070      2.79631e+6 
           9090      2.78142e+6 
           9110      2.77531e+6 
           9130       2.7661e+6 
           9150        2.756e+6 
           9170      2.74574e+6 
           9190      2.73576e+6 
           9210      2.72216e+6 
           9230      2.67668e+6 
           9250      2.70043e+6 
           9270       2.6948e+6 
           9290      2.68508e+6 
           9310      2.67539e+6 
           9330      2.66527e+6 
           9350      2.65535e+6 
           9370      2.64514e+6 
           9390      2.63585e+6 
           9410      2.61861e+6 
           9430      2.61574e+6 
           9450      2.60594e+6 
           9470      2.59717e+6 
           9490      2.58762e+6 
           9510      2.57791e+6 
           9530      2.56826e+6 
           9550      2.51968e+6 
           9570      2.54931e+6 
           9590       2.5402e+6 
           9610      2.53033e+6 
           9630      2.52085e+6 
           9650      2.51057e+6 
           9670      2.50141e+6 
           9690       2.4935e+6 
           9710      2.48428e+6 
           9730      2.47507e+6 
           9750      2.46536e+6 
           9770      2.45686e+6 
           9790       2.4475e+6 
           9810      2.43921e+6 
           9830      2.43023e+6 
           9850      2.42138e+6 
           9870      2.41227e+6 
           9890      2.40318e+6 
           9910      2.39457e+6 
           9930      2.38615e+6 
           9950      2.37756e+6 
           9970       2.3689e+6 
           9990      2.36014e+6 
          10025      2.34313e+6 
          10075      2.30843e+6 
          10125      2.30273e+6 
          10175       2.2815e+6 
          10225      2.26141e+6 
          10275      2.24131e+6 
          10325      2.21983e+6 
          10375      2.20069e+6 
          10425      2.18185e+6 
          10475      2.16124e+6 
          10525      2.14327e+6 
          10575      2.12312e+6 
          10625      2.10335e+6 
          10675      2.08234e+6 
          10725      2.06769e+6 
          10775      2.04666e+6 
          10825      2.02384e+6 
          10875      2.01085e+6 
          10925      1.97598e+6 
          10975      1.97725e+6 
          11025       1.9627e+6 
          11075      1.94637e+6 
          11125      1.92937e+6 
          11175       1.9126e+6 
          11225      1.89682e+6 
          11275      1.87965e+6 
          11325      1.86459e+6 
          11375      1.84887e+6 
          11425      1.83221e+6 
          11475      1.81833e+6 
          11525      1.80316e+6 
          11575      1.78792e+6 
          11625      1.77124e+6 
          11675      1.75834e+6 
          11725      1.74444e+6 
          11775       1.7292e+6 
          11825      1.71162e+6 
          11875      1.69958e+6 
          11925      1.68854e+6 
          11975      1.66504e+6 
          12025      1.65857e+6 
          12075      1.64434e+6 
          12125      1.63447e+6 
          12175       1.6223e+6 
          12225      1.60953e+6 
          12275       1.5964e+6 
          12325      1.58449e+6 
          12375        1.572e+6 
          12425      1.55991e+6 
          12475      1.54809e+6 
          12525      1.53628e+6 
          12575      1.52461e+6 
          12625      1.51301e+6 
          12675      1.50168e+6 
          12725      1.49056e+6 
          12775      1.47949e+6 
          12825      1.43802e+6 
          12875      1.45771e+6 
          12925      1.44702e+6 
          12975      1.43667e+6 
          13025      1.42619e+6 
          13075      1.41601e+6 
          13125       1.4054e+6 
          13175      1.39503e+6 
          13225      1.38597e+6 
          13275      1.37576e+6 
          13325      1.36639e+6 
          13375      1.35699e+6 
          13425      1.34774e+6 
          13475       1.3385e+6 
          13525      1.32941e+6 
          13575      1.32022e+6 
          13625      1.31138e+6 
          13675      1.30262e+6 
          13725      1.29397e+6 
          13775       1.2854e+6 
          13825      1.27691e+6 
          13875      1.26855e+6 
          13925      1.26027e+6 
          13975      1.25196e+6 
          14025      1.24374e+6 
          14075      1.23602e+6 
          14125      1.22793e+6 
          14175      1.22042e+6 
          14225      1.21207e+6 
          14275      1.20437e+6 
          14325      1.19753e+6 
          14375      1.19017e+6 
          14425      1.18184e+6 
          14475      1.17543e+6 
          14525      1.16734e+6 
          14570      1.16125e+6 
          14620      1.15431e+6 
          14675      1.14672e+6 
          14725      1.13956e+6 
          14775      1.13279e+6 
          14825      1.12605e+6 
          14875      1.11358e+6 
          14925      1.11276e+6 
          14975      1.10594e+6 
          15025      1.09134e+6 
          15075      1.09019e+6 
          15125      1.08581e+6 
          15175      1.07927e+6 
          15225       1.0727e+6 
          15275      1.06545e+6 
          15325      1.05894e+6 
          15375      1.05304e+6 
          15425      1.04484e+6 
          15475      1.04046e+6 
          15525      1.03391e+6 
          15575      1.02345e+6 
          15625      1.02303e+6 
          15675      1.01299e+6 
          15725      1.00159e+6 
          15775          999689 
          15825          996376 
          15875          972589 
          15925          981272 
          15975          976291 
          16050          964541 
          16150          941193 
          16250          937064 
          16350          918167 
          16450          890262 
          16550          885120 
          16650          867114 
          16750          846774 
          16850          818562 
          16950          815829 
          17050          799406 
          17150          783117 
          17250          767873 
          17350          736457 
          17450          737480 
          17550          723767 
          17650          709615 
          17750          695962 
          17850          682558 
          17950          669502 
          18050          656589 
          18150          630298 
          18250          630898 
          18350          620001 
          18450          608097 
          18550          596905 
          18650          585615 
          18750          556207 
          18850          564041 
          18950          553403 
          19050          543768 
          19150          533809 
          19250          524160 
          19350          514390 
          19450          493240 
          19550          496103 
          19650          487427 
          19750          478215 
          19850          470187 
          19950          461869 
          20050          453909 
          20150          446001 
          20250          438161 
          20350          430382 
          20450          423147 
          20550          415836 
          20650          408488 
          20750          401681 
          20850          394856 
          20950          388040 
          21050          381616 
          21150          375186 
          21250          368902 
          21350          362710 
          21450          356724 
          21550          350793 
          21650          337288 
          21750          339147 
          21850          333651 
          21950          328358 
          22050          322892 
          22150          317802 
          22250          312661 
          22350          307645 
          22450          302735 
          22550          297848 
          22650          293146 
          22750          288529 
          22850          284169 
          22950          279738 
          23050          275402 
          23150          271102 
          23250          266872 
          23350          262746 
          23450          258729 
          23550          254723 
          23650          250862 
          23750          247004 
          23850          243229 
          23950          239599 
          24050          235969 
          24150          232359 
          24250          228941 
          24350          225464 
          24450          222111 
          24550          218805 
          24650          215595 
          24750          212405 
          24850          209112 
          24950          206102 
          25050          203337 
          25150          200383 
          25250          197097 
          25350          194613 
          25450          191825 
          25550          189074 
          25650          185827 
          25750          183768 
          25850          181069 
          25950          178607 
          26050          176040 
          26150          172867 
          26250          167698 
          26350          168728 
          26450          166437 
          26550          164079 
          26650          161747 
          26750          158671 
          26850          157507 
          26950          155360 
          27050          153245 
          27150          151168 
          27250          149132 
          27350          147122 
          27450          145147 
          27550          142154 
          27650          141172 
          27750          139427 
          27850          137578 
          27950          135751 
          28050          133952 
          28150          132208 
          28250          130485 
          28350          128788 
          28450          127103 
          28550          125461 
          28650          123788 
          28750          121091 
          28850          120674 
          28950          119136 
          29050          117603 
          29150          116119 
          29250          114627 
          29350          113186 
          29450          111759 
          29550          110369 
          29650          108962 
          29750          107618 
          29850          106285 
          29950          104955 
          30050          103640 
          30150          102390 
          30250          101125 
          30350         98979.5 
          30450         98432.1 
          30550         97461.8 
          30650         96265.4 
          30750         95102.5 
          30850         93940.6 
          30950         92795.8 
          31050         91702.8 
          31150         90536.4 
          31250         89525.9 
          31350         88415.2 
          31450         87400.5 
          31550         86325.1 
          31650         85351.7 
          31750         84314.1 
          31850         83328.7 
          31950         82365.1 
          32100           80928 
          32300         79040.6 
          32500         77246.9 
          32700           75484 
          32900         73284.8 
          33100         72102.7 
          33300         70464.6 
          33500           68914 
          33700         67391.9 
          33900         65858.2 
          34100         64443.2 
          34300         63050.3 
          34500         61656.7 
          34700           60341 
          34900         59048.3 
          35100         57771.8 
          35300         56538.6 
          35500         55356.3 
          35700         54170.2 
          35900         53039.3 
          36100         51950.2 
          36300         50864.7 
          36500         49811.1 
          36700         48788.6 
          36900         47788.1 
          37100         46819.9 
          37300           45829 
          37500         44752.1 
          37700         44053.2 
          37900           43183 
          38100         42305.2 
          38300         41484.4 
          38500         40675.8 
          38700         39884.2 
          38900         39104.2 
          39100         38325.7 
          39300         37609.8 
          39500         36891.8 
          39700         36191.2 
          39900         35495.6 
          40100         34823.8 
          40300         34147.3 
          40500         33326.3 
          40700         32908.6 
          40900         32301.5 
          41100         31704.7 
          41300         31124.5 
          41500           30554 
          41700         29953.9 
          41900         29456.2 
          42100         28911.3 
          42300         28404.9 
          42500         27896.2 
          42700         27397.9 
          42900         26909.7 
          43100         26423.2 
          43300         25958.7 
          43500         25493.6 
          43700         24990.5 
          43900         24601.1 
          44100         24169.2 
          44300         23751.8 
          44500         23342.9 
          44700         22940.2 
          44900         22553.2 
          45100         22164.7 
          45300           21795 
          45500         21434.6 
          45700         21079.6 
          45900         20726.5 
          46100           20391 
          46300         20051.8 
          46500           19641 
          46700           19366 
          46900         19096.7 
          47100         18790.5 
          47300         18488.8 
          47500         18189.9 
          47700         17900.2 
          47900         17616.4 
          48100         17333.5 
          48300           17061 
          48500         16790.9 
          48700         16527.7 
          48900         16268.4 
          49100         16015.8 
          49300         15765.2 
          49500         15522.7 
          49700         15280.6 
          49900           15052 
          50100         14817.1 
          50300         14594.8 
          50500         14368.7 
          50700         14153.7 
          50900         13944.5 
          51100         13732.1 
          51300         13495.3 
          51500         13326.5 
          51700         13131.2 
          51900         12935.6 
          52100         12745.2 
          52300           12559 
          52500         12377.1 
          52700         12196.2 
          52900         12018.7 
          53100         11847.5 
          53300         11675.9 
          53500         11509.8 
          53700         11343.2 
          53900         11183.3 
          54100         11025.6 
          54300         10868.4 
          54500         10716.9 
          54700         10564.5 
          54900           10418 
          55100         10273.7 
          55300         10128.5 
          55500         9990.35 
          55700         9853.28 
          55900         9716.11 
          56100         9584.35 
          56300         9453.27 
          56500         9325.21 
          56700         9198.84 
          56900         9074.13 
          57100         8948.51 
          57300         8832.22 
          57500         8713.69 
          57700         8597.71 
          57900         8483.47 
          58100         8371.03 
          58300         8260.49 
          58500         8151.93 
          58700         8044.87 
          58900         7939.51 
          59100         7816.62 
          59300         7734.63 
          59500         7629.19 
          59700         7535.56 
          59900         7438.81 
          60100         7343.18 
          60300         7249.48 
          60500         7157.06 
          60700         7066.11 
          60900          6976.3 
          61100         6887.92 
          61300         6801.74 
          61500         6716.44 
          61700         6632.49 
          61900         6549.78 
          62100         6468.29 
          62300         6387.62 
          62500          6308.9 
          62700         6231.53 
          62900         6150.36 
          63100         6079.64 
          63300         6005.46 
          63500         5932.47 
          63700         5860.36 
          63900          5789.6 
          64200         5685.35 
          64600          5549.8 
          65000         5418.22 
          65400         5290.93 
          65800          5167.1 
          66200         5046.82 
          66600         4930.07 
          67000         4816.66 
          67400         4706.51 
          67800         4597.46 
          68200         4495.57 
          68600         4394.47 
          69000         4296.19 
          69400         4200.66 
          69800         4107.88 
          70200         4017.47 
          70600         3929.68 
          71000         3844.19 
          71400         3761.12 
          71800         3680.16 
          72200         3601.41 
          72600         3524.74 
          73000         3450.16 
          73400         3377.49 
          73800          3306.8 
          74200         3237.85 
          74600         3165.25 
          75000          3099.9 
          75400         3041.65 
          75800          2979.6 
          76200         2919.07 
          76600          2860.1 
          77000         2802.63 
          77400         2746.57 
          77800         2691.82 
          78200          2638.6 
          78600         2586.63 
          79000         2535.88 
          79400         2486.43 
          79800         2438.14 
          80200         2391.03 
          80600         2345.03 
          81000         2300.17 
          81400         2256.13 
          81800         2213.56 
          82200         2171.83 
          82600         2131.03 
          83000         2091.23 
          83400         2052.32 
          83800         2014.32 
          84200         1977.21 
          84600         1940.93 
          85000         1905.49 
          85400         1870.85 
          85800         1836.97 
          86200         1803.88 
          86600         1771.18 
          87000          1739.9 
          87400         1708.53 
          87800         1678.24 
          88200         1649.15 
          88600         1620.23 
          89000         1591.96 
          89400         1564.26 
          89800         1537.18 
          90200         1510.71 
          90600         1484.78 
          91000         1459.42 
          91400         1434.55 
          91800         1410.27 
          92200         1386.45 
          92600         1363.16 
          93000          1340.4 
          93400         1318.01 
          93800         1295.75 
          94200         1274.79 
          94600         1253.68 
          95000         1233.25 
          95400         1213.12 
          95800         1193.28 
          96200          1174.1 
          96600         1154.99 
          97000         1136.59 
          97400         1118.42 
          97800         1100.43 
          98200         1083.16 
          98600         1066.02 
          99000         1049.16 
          99400         1032.69 
          99800         1016.71 
         100200         1000.88 
         200000         65.7317 
         400000         4.19653 
         600000        0.833681 
         800000        0.264176 
         1.0e+6        0.108193 
         1.2e+6       0.0521299 
         1.4e+6       0.0281009 
         1.6e+6       0.0164481 
