# Kurucz ODFNEW /NOVER (2003)
# teff = 5000 K (value for the effective temperature for the model. Temperatures are given in K)
# logg = 2 log(cm/s2) (value for Log(G) for the model.)
# meta = -0.5  (value for the Metallicity for the model.)
# lh = 1.25  (l/Hp where l is the  mixing length of the convective element and Hp is the pressure scale height)
# vtur = 2 km/s (Microturbulence velocity)
# alpha = 0  (Alpha)
#
# column 1: WAVELENGTH (ANGSTROM), Wavelength in Angstrom
# column 2: FLUX (ERG/CM2/S/A), Flux in erg/cm2/s/A
          147.2     1.6476e-132 
            151    6.69128e-129 
          155.2    4.03818e-125 
          158.8    4.84509e-122 
            162    2.02361e-119 
            166    2.74399e-116 
          170.3    4.35961e-113 
          173.4    7.03515e-111 
          176.8    1.50869e-108 
          180.2    2.63532e-106 
          181.7    2.41523e-105 
          186.1    1.30271e-102 
            191     1.01562e-99 
          193.9     4.44163e-98 
          198.4     1.25157e-95 
          201.8      7.5116e-94 
            205     3.12822e-92 
          210.5     1.44629e-89 
          216.2     5.98367e-87 
          219.8     2.28352e-85 
            223     5.24879e-84 
          226.8     1.93454e-82 
            230     3.67607e-81 
            234     1.29663e-79 
            240     2.16587e-77 
          246.5     4.16532e-75 
          252.4     3.88316e-73 
          256.8     9.95319e-72 
            260     9.81781e-71 
            264     1.58484e-69 
          268.5     3.26907e-68 
          273.5     8.37442e-67 
          278.5     1.90749e-65 
            284     5.21076e-64 
            290     1.66039e-62 
            296     4.57582e-61 
            301     6.55236e-60 
            308     2.34419e-58 
            318     2.93451e-56 
            328     2.71573e-54 
            338     1.90696e-52 
            348     1.04218e-50 
            357     3.13091e-49 
            366     7.92967e-48 
            375     1.70988e-46 
            385     4.36012e-45 
            395     9.37978e-44 
            405     1.72562e-42 
            414     2.09584e-41 
            422     1.75738e-40 
            430     1.35769e-39 
            441     1.99153e-38 
            451     2.03274e-37 
            460     1.50382e-36 
            470     1.26601e-35 
            480     9.71288e-35 
            490     6.83699e-34 
            500     4.43245e-33 
            506     1.75081e-32 
            512      5.6441e-32 
            520     2.21593e-31 
            530     1.15945e-30 
            540     5.61115e-30 
            550     2.58492e-29 
            560     1.11867e-28 
            570     4.58627e-28 
            580     1.76774e-27 
            590      6.6268e-27 
            600     2.34755e-26 
            610     7.96062e-26 
            620     2.58879e-25 
            630     8.09176e-25 
            640     2.43697e-24 
            650     7.07993e-24 
            658     1.62112e-23 
            665      3.2884e-23 
            675     8.79345e-23 
            685     2.28081e-22 
            695     5.74471e-22 
            705     1.40603e-21 
            716     3.65438e-21 
            726     8.47197e-21 
            735     1.76857e-20 
            745     3.91876e-20 
            755     8.48926e-20 
            765     1.79982e-19 
            775     3.73615e-19 
            785     7.60398e-19 
            795     1.51443e-18 
            805     2.97198e-18 
            815     5.72389e-18 
            825     1.08332e-17 
            835     2.01677e-17 
            845     3.69525e-17 
            855     6.66752e-17 
            865     1.18533e-16 
            875     2.07662e-16 
            885     3.59122e-16 
            895     6.12625e-16 
            905     1.03163e-15 
            915      2.1354e-11 
            925     7.71885e-11 
            935     9.62998e-11 
            945     1.66549e-10 
            955     2.73563e-10 
            965     4.24295e-10 
            975     5.57827e-10 
            985     9.29762e-10 
            995      1.32822e-9 
           1005      2.01706e-9 
           1015      2.75479e-9 
           1025      4.01785e-9 
           1035      6.45581e-9 
           1045      9.48667e-9 
           1055      1.19999e-8 
           1065      1.79283e-8 
           1075      2.50156e-8 
           1085      3.53328e-8 
           1095       4.5172e-8 
           1105        6.051e-8 
           1115      8.68806e-8 
           1125      1.24444e-7 
           1135      1.79023e-7 
           1145      2.42844e-7 
           1155      3.22699e-7 
           1165      4.33819e-7 
           1175      5.79437e-7 
           1185      7.49287e-7 
           1195      8.69575e-7 
           1205      1.04268e-6 
           1215      7.18586e-7 
           1225      1.89255e-6 
           1235      2.75824e-6 
           1245      3.72397e-6 
           1255      4.92683e-6 
           1265       6.4454e-6 
           1275      8.40282e-6 
           1285      1.06846e-5 
           1295      1.38478e-5 
           1305      1.71048e-5 
           1315      2.27403e-5 
           1325      2.87543e-5 
           1335      3.64971e-5 
           1345      4.64793e-5 
           1355      5.98347e-5 
           1365      7.52013e-5 
           1375      9.30214e-5 
           1385     0.000112911 
           1395     0.000141022 
           1405     0.000176515 
           1415      0.00021937 
           1425     0.000257767 
           1435     0.000334885 
           1442     0.000401738 
           1447     0.000408017 
           1455      0.00048056 
           1465     0.000620415 
           1475     0.000716013 
           1485     0.000869447 
           1495      0.00111519 
           1505      0.00139486 
           1512      0.00130024 
           1517      0.00160986 
           1525      0.00213163 
           1535       0.0224961 
           1545       0.0286308 
           1555       0.0575231 
           1565       0.0543416 
           1575        0.186237 
           1585        0.245467 
           1595        0.301469 
           1605         0.32712 
           1615        0.354728 
           1625        0.436004 
           1635        0.570641 
           1645        0.958215 
           1655        0.551101 
           1665          1.2186 
           1672        0.695032 
           1677         1.42302 
           1685         3.61706 
           1695         9.49762 
           1705          12.949 
           1715         13.1262 
           1725         18.2881 
           1735         23.9587 
           1745         34.7603 
           1755         51.9283 
           1765         52.6754 
           1775         52.0884 
           1785         72.5596 
           1795         87.5872 
           1805         99.0798 
           1815         97.5839 
           1825         133.199 
           1835         146.777 
           1845          98.717 
           1855         156.898 
           1865         196.476 
           1875         223.619 
           1885         253.378 
           1895         343.146 
           1905         332.888 
           1915         372.536 
           1925         418.552 
           1935         289.724 
           1945         565.738 
           1955         590.186 
           1967         811.006 
           1976         815.223 
           1984         882.883 
           1995         953.744 
           2005         998.233 
           2015          1093.1 
           2025         910.618 
           2035         1283.32 
           2045          1508.8 
           2055         1562.04 
           2065         1568.95 
           2074         1771.16 
           2078         2128.68 
           2085          2282.1 
           2095         3036.65 
           2105            4123 
           2115         4323.62 
           2125         3260.78 
           2135         4154.56 
           2145         6004.47 
           2155          6318.7 
           2165         6191.58 
           2175         6728.15 
           2185         8762.85 
           2195         9542.51 
           2205         9439.11 
           2215         6680.84 
           2225         9449.77 
           2235         15093.4 
           2245         14357.5 
           2255         10646.2 
           2265         8968.41 
           2275         13474.7 
           2285         18202.2 
           2295         15410.3 
           2305         18809.4 
           2315           14767 
           2325         14072.2 
           2335           10343 
           2345         7058.42 
           2355         14450.3 
           2365         8336.48 
           2375         11374.1 
           2385         6383.48 
           2395         8862.56 
           2405         9169.39 
           2415         12070.1 
           2425         26502.8 
           2435         30949.9 
           2445         40047.3 
           2455         42528.9 
           2465         32203.1 
           2475         27499.4 
           2485         9366.95 
           2495           19729 
           2505         32201.1 
           2513         15377.2 
           2518         9276.34 
           2525         10292.7 
           2535         22024.4 
           2545         34189.4 
           2555          100184 
           2565           54445 
           2575         73986.5 
           2585         48464.6 
           2595         37520.6 
           2605         27239.2 
           2615         25729.5 
           2625         37481.5 
           2635          114393 
           2645          211708 
           2655          325299 
           2665          192581 
           2675          212677 
           2685          264424 
           2695          185138 
           2705          247754 
           2715          143001 
           2725         90889.4 
           2735          128497 
           2745         53506.9 
           2755         84850.7 
           2765          127779 
           2775          127960 
           2785         64531.7 
           2795         19171.6 
           2805         25648.9 
           2815         97307.9 
           2825          188562 
           2835          201779 
           2845          123235 
           2855         47161.5 
           2865          202748 
           2875          336638 
           2885          305766 
           2895          385610 
           2910          540263 
           2930          497280 
           2950          467963 
           2970          511565 
           2990          524592 
           3010          522135 
           3030          587854 
           3050          635084 
           3070          622999 
           3090          643250 
           3110          728835 
           3130          636220 
           3150          634470 
           3170          726324 
           3190          650089 
           3210          728700 
           3230          574506 
           3250          896375 
           3270      1.08464e+6 
           3290      1.05681e+6 
           3310          976785 
           3330          995765 
           3350          931006 
           3370          698234 
           3390          840192 
           3410          934720 
           3430       1.0529e+6 
           3450      1.12688e+6 
           3470      1.15582e+6 
           3490      1.25591e+6 
           3510      1.34264e+6 
           3530      1.20427e+6 
           3550      1.39446e+6 
           3570          987633 
           3590      1.03927e+6 
           3610       1.2866e+6 
           3630       1.3299e+6 
           3640       1.3439e+6 
           3650       1.5057e+6 
           3670      1.55204e+6 
           3690      1.56415e+6 
           3710      1.77922e+6 
           3730      1.39732e+6 
           3750      1.54895e+6 
           3770      1.74938e+6 
           3790      1.74397e+6 
           3810      1.64754e+6 
           3830      1.10572e+6 
           3850      1.15973e+6 
           3870      1.11873e+6 
           3890      1.62735e+6 
           3910      1.86372e+6 
           3930          783002 
           3950      1.52232e+6 
           3970          969593 
           3990      2.33434e+6 
           4010      2.64178e+6 
           4030      2.61237e+6 
           4050      2.54621e+6 
           4070      2.48008e+6 
           4090      2.91013e+6 
           4110      2.90797e+6 
           4130      2.73565e+6 
           4150      2.69075e+6 
           4170      2.69079e+6 
           4190       2.5937e+6 
           4210      2.71408e+6 
           4230      2.76216e+6 
           4250      2.72142e+6 
           4270      2.56168e+6 
           4290      2.27932e+6 
           4310      1.81308e+6 
           4330      2.88119e+6 
           4350      2.75303e+6 
           4370      2.94488e+6 
           4390      2.70817e+6 
           4410      2.99263e+6 
           4430      3.30026e+6 
           4450      3.29673e+6 
           4470      3.51202e+6 
           4490      3.60582e+6 
           4510      3.98046e+6 
           4530      3.59805e+6 
           4550      3.70915e+6 
           4570       3.9706e+6 
           4590      3.77014e+6 
           4610      3.93603e+6 
           4630      3.89437e+6 
           4650      3.93743e+6 
           4670      4.03247e+6 
           4690      3.98428e+6 
           4710        3.896e+6 
           4730      4.04195e+6 
           4750      4.16193e+6 
           4770      4.16684e+6 
           4790      4.15133e+6 
           4810      4.11623e+6 
           4830      4.15617e+6 
           4850      4.00745e+6 
           4870      3.72855e+6 
           4890        4.086e+6 
           4910      4.06419e+6 
           4930      4.01593e+6 
           4950      4.20925e+6 
           4970      4.20991e+6 
           4990      3.93174e+6 
           5010      3.78454e+6 
           5030      4.00644e+6 
           5050      4.03091e+6 
           5070      4.17811e+6 
           5090      3.99615e+6 
           5110       4.0603e+6 
           5130      3.94281e+6 
           5150       3.8489e+6 
           5170      3.74758e+6 
           5190      3.82504e+6 
           5210      3.94382e+6 
           5230      4.00737e+6 
           5250      4.09267e+6 
           5270      3.75768e+6 
           5290      4.11892e+6 
           5310      4.25068e+6 
           5330      3.93373e+6 
           5350       4.2025e+6 
           5370      4.21214e+6 
           5390      4.13153e+6 
           5410      4.05252e+6 
           5430      4.09261e+6 
           5450      4.25491e+6 
           5470      4.15737e+6 
           5490      4.13526e+6 
           5510      4.12937e+6 
           5530      4.19084e+6 
           5550      4.25021e+6 
           5570      4.15855e+6 
           5590      4.08146e+6 
           5610      4.20492e+6 
           5630      4.20516e+6 
           5650      4.19598e+6 
           5670      4.10479e+6 
           5690      4.18979e+6 
           5710       4.0729e+6 
           5730       4.3316e+6 
           5750      4.21493e+6 
           5770       4.2592e+6 
           5790      4.14037e+6 
           5810      4.23702e+6 
           5830      4.29955e+6 
           5850      4.20779e+6 
           5870      4.22465e+6 
           5890       4.0228e+6 
           5910      4.18362e+6 
           5930      4.17826e+6 
           5950       4.1814e+6 
           5970      4.21019e+6 
           5990      4.16312e+6 
           6010      4.10052e+6 
           6030      4.13636e+6 
           6050      4.19829e+6 
           6070      4.16965e+6 
           6090      4.07394e+6 
           6110      4.05368e+6 
           6130      3.92862e+6 
           6150      3.98637e+6 
           6170       3.8815e+6 
           6190      4.04052e+6 
           6210      4.04677e+6 
           6230      3.94076e+6 
           6250         3.82e+6 
           6270      3.98685e+6 
           6290        3.998e+6 
           6310      3.89606e+6 
           6330      3.92902e+6 
           6350       3.9542e+6 
           6370      3.93609e+6 
           6390      3.94452e+6 
           6410      3.86713e+6 
           6430      3.89742e+6 
           6450      3.88135e+6 
           6470      3.86576e+6 
           6490      3.79143e+6 
           6510      3.87956e+6 
           6530      3.89921e+6 
           6550      3.84066e+6 
           6570      3.60017e+6 
           6590      3.82749e+6 
           6610      3.84178e+6 
           6630      3.83904e+6 
           6650      3.81888e+6 
           6670      3.78204e+6 
           6690      3.84186e+6 
           6710      3.75766e+6 
           6730      3.81263e+6 
           6750      3.76271e+6 
           6770      3.76377e+6 
           6790       3.7498e+6 
           6810      3.73114e+6 
           6830      3.74945e+6 
           6850      3.67524e+6 
           6870      3.70177e+6 
           6890      3.72078e+6 
           6910       3.6887e+6 
           6930      3.67238e+6 
           6950      3.63903e+6 
           6970      3.65059e+6 
           6990       3.6248e+6 
           7010      3.54412e+6 
           7030      3.58839e+6 
           7050      3.60308e+6 
           7070      3.56742e+6 
           7090      3.55662e+6 
           7110      3.54998e+6 
           7130      3.50067e+6 
           7150      3.48752e+6 
           7170      3.49155e+6 
           7190      3.39723e+6 
           7210      3.44661e+6 
           7230      3.46209e+6 
           7250      3.47082e+6 
           7270      3.45303e+6 
           7290      3.37478e+6 
           7310      3.40794e+6 
           7330      3.40424e+6 
           7350      3.39989e+6 
           7370      3.42051e+6 
           7390      3.34863e+6 
           7410      3.30211e+6 
           7430      3.33628e+6 
           7450      3.34174e+6 
           7470      3.35047e+6 
           7490      3.32354e+6 
           7510      3.32704e+6 
           7530      3.32394e+6 
           7550      3.33265e+6 
           7570      3.30343e+6 
           7590      3.29141e+6 
           7610      3.28499e+6 
           7630      3.28313e+6 
           7650      3.27609e+6 
           7670      3.20069e+6 
           7690      3.25879e+6 
           7710       3.2002e+6 
           7730      3.20554e+6 
           7750       3.1793e+6 
           7770      3.22049e+6 
           7790      3.20341e+6 
           7810      3.20043e+6 
           7830      3.16646e+6 
           7850      3.15689e+6 
           7870      3.16483e+6 
           7890      3.12642e+6 
           7910      3.07245e+6 
           7930       3.0429e+6 
           7950      3.02695e+6 
           7970      3.07968e+6 
           7990      3.07066e+6 
           8010      3.04219e+6 
           8030      3.03839e+6 
           8050      3.01198e+6 
           8070      3.01471e+6 
           8090      2.95941e+6 
           8110       2.9772e+6 
           8130       2.9844e+6 
           8150      2.97033e+6 
           8170      2.96371e+6 
           8190      2.90219e+6 
           8210      2.90338e+6 
           8230      2.89729e+6 
           8250      2.91337e+6 
           8270       2.9302e+6 
           8290      2.91087e+6 
           8310       2.8588e+6 
           8330      2.84015e+6 
           8350      2.85568e+6 
           8370       2.8535e+6 
           8390      2.79844e+6 
           8410      2.84299e+6 
           8430      2.79002e+6 
           8450       2.8193e+6 
           8470      2.79346e+6 
           8490      2.76233e+6 
           8510      2.62462e+6 
           8530      2.72551e+6 
           8550      2.30802e+6 
           8570      2.78214e+6 
           8590      2.74276e+6 
           8610      2.72886e+6 
           8630      2.75052e+6 
           8650      2.71919e+6 
           8670      2.32907e+6 
           8690      2.67017e+6 
           8710        2.705e+6 
           8730      2.70384e+6 
           8750      2.65242e+6 
           8770      2.69877e+6 
           8790      2.67412e+6 
           8810      2.62908e+6 
           8830      2.64917e+6 
           8850      2.65097e+6 
           8870      2.59292e+6 
           8890      2.64657e+6 
           8910      2.64647e+6 
           8930      2.60543e+6 
           8950       2.5931e+6 
           8970      2.59704e+6 
           8990      2.59967e+6 
           9010      2.50368e+6 
           9030      2.56754e+6 
           9050      2.59029e+6 
           9070      2.55205e+6 
           9090       2.4863e+6 
           9110      2.50671e+6 
           9130      2.53547e+6 
           9150      2.47895e+6 
           9170      2.44965e+6 
           9190      2.45171e+6 
           9210       2.4011e+6 
           9230      2.38483e+6 
           9250      2.38672e+6 
           9270      2.41299e+6 
           9290      2.40078e+6 
           9310      2.41851e+6 
           9330      2.41071e+6 
           9350      2.39308e+6 
           9370      2.37717e+6 
           9390      2.36979e+6 
           9410      2.30859e+6 
           9430      2.34011e+6 
           9450       2.3144e+6 
           9470      2.34189e+6 
           9490      2.33751e+6 
           9510      2.33802e+6 
           9530      2.31863e+6 
           9550      2.28923e+6 
           9570       2.3041e+6 
           9590      2.31302e+6 
           9610        2.295e+6 
           9630      2.27686e+6 
           9650      2.25898e+6 
           9670      2.25009e+6 
           9690      2.26898e+6 
           9710      2.25784e+6 
           9730      2.25263e+6 
           9750      2.23099e+6 
           9770      2.23532e+6 
           9790      2.21409e+6 
           9810      2.23444e+6 
           9830       2.2275e+6 
           9850      2.22355e+6 
           9870      2.20832e+6 
           9890      2.20433e+6 
           9910      2.19179e+6 
           9930      2.20127e+6 
           9950      2.19236e+6 
           9970      2.18945e+6 
           9990      2.18201e+6 
          10025      2.16129e+6 
          10075      2.13544e+6 
          10125      2.12572e+6 
          10175      2.09629e+6 
          10225      2.08845e+6 
          10275       2.0812e+6 
          10325      2.04452e+6 
          10375      2.03161e+6 
          10425       2.0276e+6 
          10475      1.99819e+6 
          10525      1.99279e+6 
          10575      1.96988e+6 
          10625      1.95118e+6 
          10675      1.91562e+6 
          10725      1.91552e+6 
          10775      1.89305e+6 
          10825      1.86541e+6 
          10875      1.85094e+6 
          10925      1.82463e+6 
          10975      1.77017e+6 
          11025      1.76202e+6 
          11075      1.76494e+6 
          11125      1.74878e+6 
          11175      1.74502e+6 
          11225       1.7389e+6 
          11275      1.71074e+6 
          11325      1.71323e+6 
          11375      1.68949e+6 
          11425       1.6778e+6 
          11475      1.68515e+6 
          11525      1.67629e+6 
          11575      1.65386e+6 
          11625       1.6301e+6 
          11675      1.62614e+6 
          11725      1.63379e+6 
          11775      1.60177e+6 
          11825      1.59199e+6 
          11875      1.57292e+6 
          11925      1.58806e+6 
          11975      1.54007e+6 
          12025      1.55131e+6 
          12075      1.53549e+6 
          12125      1.52915e+6 
          12175      1.52867e+6 
          12225      1.51747e+6 
          12275      1.50146e+6 
          12325      1.49468e+6 
          12375      1.48167e+6 
          12425      1.47119e+6 
          12475      1.46503e+6 
          12525      1.45115e+6 
          12575      1.44097e+6 
          12625      1.43095e+6 
          12675      1.41872e+6 
          12725      1.41443e+6 
          12775      1.40647e+6 
          12825      1.35886e+6 
          12875      1.38164e+6 
          12925      1.36741e+6 
          12975      1.36669e+6 
          13025      1.35409e+6 
          13075      1.34953e+6 
          13125      1.33098e+6 
          13175       1.3205e+6 
          13225      1.32137e+6 
          13275      1.30083e+6 
          13325      1.30044e+6 
          13375      1.29131e+6 
          13425      1.28907e+6 
          13475      1.27993e+6 
          13525       1.2723e+6 
          13575      1.25419e+6 
          13625      1.24766e+6 
          13675      1.24313e+6 
          13725      1.23511e+6 
          13775      1.22866e+6 
          13825      1.22308e+6 
          13875      1.21311e+6 
          13925      1.20853e+6 
          13975      1.20067e+6 
          14025      1.18644e+6 
          14075      1.17979e+6 
          14125      1.15952e+6 
          14175      1.15896e+6 
          14225      1.14024e+6 
          14275      1.12807e+6 
          14325      1.13697e+6 
          14375      1.13702e+6 
          14425      1.10649e+6 
          14475       1.1246e+6 
          14525      1.10216e+6 
          14570      1.10173e+6 
          14620      1.09528e+6 
          14675       1.0894e+6 
          14725      1.07444e+6 
          14775      1.07349e+6 
          14825       1.0687e+6 
          14875      1.05618e+6 
          14925      1.06828e+6 
          14975      1.05551e+6 
          15025       1.0399e+6 
          15075      1.03038e+6 
          15125      1.03799e+6 
          15175      1.03664e+6 
          15225      1.02443e+6 
          15275      1.02242e+6 
          15325      1.01601e+6 
          15375      1.01335e+6 
          15425      1.00423e+6 
          15475       1.0047e+6 
          15525          994163 
          15575          977105 
          15625          992110 
          15675          972268 
          15725          960656 
          15775          951533 
          15825          956962 
          15875          913124 
          15925          945160 
          15975          945541 
          16050          933230 
          16150          906470 
          16250          913082 
          16350          893759 
          16450          860873 
          16550          867900 
          16650          849679 
          16750          827492 
          16850          795580 
          16950          805234 
          17050          780783 
          17150          768157 
          17250          749553 
          17350          715820 
          17450          720061 
          17550          709261 
          17650          695079 
          17750          681159 
          17850          669930 
          17950          658231 
          18050          643014 
          18150          617776 
          18250          616205 
          18350          607269 
          18450          592371 
          18550          584008 
          18650          570007 
          18750          543991 
          18850          550427 
          18950          532170 
          19050          532359 
          19150          521153 
          19250          512723 
          19350          499881 
          19450          479757 
          19550          483782 
          19650          474880 
          19750          464269 
          19850          457662 
          19950          449384 
          20050          443966 
          20150          437566 
          20250          426935 
          20350          417627 
          20450          414670 
          20550          406451 
          20650          397780 
          20750          391750 
          20850          385385 
          20950          377045 
          21050          373003 
          21150          366149 
          21250          359967 
          21350          354338 
          21450          348847 
          21550          343135 
          21650          329620 
          21750          329949 
          21850          324892 
          21950          321133 
          22050          313648 
          22150          310523 
          22250          304777 
          22350          299952 
          22450          295447 
          22550          289891 
          22650          285186 
          22750          281796 
          22850          276203 
          22950          258080 
          23050          262093 
          23150          259419 
          23250          240689 
          23350          246550 
          23450          246418 
          23550          227517 
          23650          234529 
          23750          233386 
          23850          216975 
          23950          222392 
          24050          221823 
          24150          209163 
          24250          211779 
          24350          211091 
          24450          202852 
          24550          200503 
          24650          202791 
          24750          196851 
          24850          191634 
          24950          192576 
          25050          191894 
          25150          184409 
          25250          184677 
          25350          183739 
          25450          179756 
          25550          177509 
          25650          174988 
          25750          174762 
          25850          169190 
          25950          169270 
          26050          167524 
          26150          163947 
          26250          160328 
          26350          160670 
          26450          158855 
          26550          156009 
          26650          153265 
          26750          152195 
          26850          151507 
          26950          149037 
          27050          147535 
          27150          145622 
          27250          143952 
          27350          141723 
          27450          140397 
          27550          137349 
          27650          136407 
          27750          134741 
          27850          133173 
          27950          131633 
          28050          129825 
          28150          128215 
          28250          126648 
          28350          125273 
          28450          123379 
          28550          121902 
          28650          120300 
          28750          117554 
          28850          117347 
          28950          115945 
          29050          114398 
          29150          113060 
          29250          111249 
          29350          110164 
          29450          108553 
          29550          107449 
          29650          106035 
          29750          104809 
          29850          103579 
          29950          102120 
          30050          100803 
          30150         99803.9 
          30250         98527.6 
          30350         96280.2 
          30450         95754.5 
          30550         94922.8 
          30650         93646.7 
          30750         92715.9 
          30850         91324.1 
          30950         90223.7 
          31050         89401.2 
          31150         87783.7 
          31250         87203.5 
          31350         85984.9 
          31450         85168.6 
          31550         83914.2 
          31650         83151.6 
          31750         82034.5 
          31850         81089.4 
          31950         80276.2 
          32100         78825.8 
          32300         76906.5 
          32500         75242.5 
          32700         73500.4 
          32900         71311.3 
          33100         70166.8 
          33300         68412.6 
          33500         67064.4 
          33700         65574.1 
          33900         63874.9 
          34100         62567.4 
          34300         61404.4 
          34500         59979.2 
          34700         58764.1 
          34900         57535.8 
          35100         56242.9 
          35300         54951.4 
          35500         53927.4 
          35700         52653.9 
          35900         51551.4 
          36100         50634.9 
          36300         49538.1 
          36500         48397.3 
          36700         47392.9 
          36900         46310.6 
          37100         45355.5 
          37300           44513 
          37500         43337.6 
          37700         42783.6 
          37900         41960.8 
          38100         41103.6 
          38300         40364.7 
          38500         39598.2 
          38700         38792.5 
          38900         38008.8 
          39100         37300.6 
          39300         36609.7 
          39500         35853.6 
          39700         35223.1 
          39900         34378.7 
          40100         33814.1 
          40300         33217.2 
          40500         32460.4 
          40700         31973.9 
          40900           31421 
          41100         30857.2 
          41300         30316.1 
          41500         29716.2 
          41700           29135 
          41900           28658 
          42100           28042 
          42300         27680.6 
          42500         27124.5 
          42700         26680.9 
          42900         25415.4 
          43100         24516.9 
          43300         24574.2 
          43500         23359.3 
          43700         22875.7 
          43900         22734.2 
          44100         21401.1 
          44300         21407.9 
          44500         21056.1 
          44700         19985.7 
          44900         20135.1 
          45100         19732.8 
          45300         18855.8 
          45500         18928.8 
          45700         18716.6 
          45900         17833.9 
          46100         17958.9 
          46300         17580.9 
          46500         17308.6 
          46700         17119.5 
          46900         16896.7 
          47100         16532.4 
          47300         16523.9 
          47500         16189.9 
          47700         15930.1 
          47900         15708.2 
          48100         15362.7 
          48300         15394.3 
          48500         15084.9 
          48700           14806 
          48900         14656.7 
          49100         14386.2 
          49300         14200.5 
          49500         13990.6 
          49700         13814.3 
          49900         13602.8 
          50100         13329.4 
          50300         13272.9 
          50500         12978.3 
          50700         12825.7 
          50900           12680 
          51100         12448.1 
          51300         12295.3 
          51500         12129.3 
          51700           12073 
          51900         11806.6 
          52100         11617.2 
          52300         11471.7 
          52500         11378.1 
          52700         11288.4 
          52900         10997.2 
          53100           10879 
          53300         10751.2 
          53500         10614.2 
          53700         10488.8 
          53900         10364.3 
          54100         10218.3 
          54300         10026.3 
          54500         9960.55 
          54700         9804.37 
          54900         9667.81 
          55100         9550.98 
          55300         9513.43 
          55500         9271.81 
          55700         9259.86 
          55900         9081.24 
          56100         8983.45 
          56300         8833.45 
          56500         8780.22 
          56700         8662.85 
          56900         8496.52 
          57100         8447.73 
          57300         8340.21 
          57500         8232.84 
          57700         8115.55 
          57900         8050.15 
          58100         7915.91 
          58300         7824.12 
          58500         7742.97 
          58700         7618.58 
          58900         7532.39 
          59100         7446.45 
          59300         7358.27 
          59500         7248.02 
          59700         7192.03 
          59900         7101.35 
          60100         7017.14 
          60300         6929.33 
          60500         6829.25 
          60700         6747.92 
          60900         6666.59 
          61100         6572.67 
          61300          6509.5 
          61500         6434.85 
          61700          6365.1 
          61900         6292.97 
          62100          6218.7 
          62300         6134.67 
          62500         6053.42 
          62700         5987.17 
          62900         5913.26 
          63100         5840.82 
          63300         5789.21 
          63500         5708.33 
          63700         5658.43 
          63900         5574.26 
          64200          5485.9 
          64600         5353.99 
          65000         5232.39 
          65400         5112.65 
          65800         5000.04 
          66200         4881.09 
          66600         4773.12 
          67000         4665.35 
          67400         4556.49 
          67800         4454.86 
          68200         4356.02 
          68600         4260.46 
          69000         4164.28 
          69400         4071.21 
          69800         3983.62 
          70200         3893.93 
          70600         3811.09 
          71000         3728.43 
          71400         3648.27 
          71800         3569.23 
          72200         3492.86 
          72600         3418.17 
          73000         3347.02 
          73400          3274.9 
          73800         3207.68 
          74200         3139.32 
          74600            3070 
          75000         3008.14 
          75400         2949.14 
          75800         2889.51 
          76200         2830.64 
          76600         2773.61 
          77000         2716.85 
          77400         2663.12 
          77800         2610.04 
          78200         2558.21 
          78600         2507.66 
          79000         2458.31 
          79400         2410.12 
          79800         2363.24 
          80200         2316.88 
          80600         2271.97 
          81000         2229.08 
          81400         2185.34 
          81800         2144.43 
          82200         2104.37 
          82600          2064.6 
          83000         2025.94 
          83400         1987.38 
          83800          1950.8 
          84200          1915.2 
          84600         1879.87 
          85000         1845.48 
          85400         1811.81 
          85800         1778.83 
          86200         1746.59 
          86600         1715.22 
          87000         1684.71 
          87400         1654.28 
          87800         1624.87 
          88200         1596.03 
          88600         1568.02 
          89000          1540.4 
          89400         1513.83 
          89800         1487.01 
          90200         1461.67 
          90600         1436.95 
          91000         1411.47 
          91400         1387.29 
          91800         1364.27 
          92200         1341.29 
          92600         1318.52 
          93000         1296.75 
          93400         1274.57 
          93800         1253.19 
          94200         1233.02 
          94600         1212.05 
          95000         1192.68 
          95400         1173.05 
          95800         1153.38 
          96200         1135.14 
          96600         1116.11 
          97000         1098.88 
          97400         1080.58 
          97800         1062.86 
          98200         1046.95 
          98600         1030.33 
          99000          1013.8 
          99400          997.42 
          99800         982.556 
         100200         967.223 
         200000         62.8187 
         400000         3.95519 
         600000        0.778647 
         800000        0.245133 
         1.0e+6       0.0998898 
         1.2e+6       0.0479362 
         1.4e+6       0.0257579 
         1.6e+6       0.0150339 
