# Kurucz ODFNEW /NOVER (2003)
# teff = 7500 K (value for the effective temperature for the model. Temperatures are given in K)
# logg = 5 log(cm/s2) (value for Log(G) for the model.)
# meta = -0.5  (value for the Metallicity for the model.)
# lh = 1.25  (l/Hp where l is the  mixing length of the convective element and Hp is the pressure scale height)
# vtur = 2 km/s (Microturbulence velocity)
# alpha = 0.4  (Alpha)
#
# column 1: WAVELENGTH (ANGSTROM), Wavelength in Angstrom
# column 2: FLUX (ERG/CM2/S/A), Flux in erg/cm2/s/A
          252.4     2.85242e-36 
          256.8     1.78093e-35 
            260     6.48075e-35 
            264     3.11157e-34 
          268.5     1.71276e-33 
          273.5     1.06378e-32 
          278.5     6.18069e-32 
            284     3.97099e-31 
            290     2.77705e-30 
            296     1.78596e-29 
            301     7.95032e-29 
            308     5.90447e-28 
            318      8.8177e-27 
            328     1.10795e-25 
            338     1.18845e-24 
            348     1.10508e-23 
            357     7.33897e-23 
            366     4.42493e-22 
            375     2.43301e-21 
            385     1.46473e-20 
            395     8.00229e-20 
            405     4.00007e-19 
            414     1.58676e-18 
            422     5.12174e-18 
            430     1.57813e-17 
            441     6.90615e-17 
            451     2.47058e-16 
            460     7.39572e-16 
            470     2.37293e-15 
            480     7.22212e-15 
            490     2.09421e-14 
            500     5.79455e-14 
            506     1.38302e-13 
            512     2.76845e-13 
            520     5.80963e-13 
            530     1.42833e-12 
            540     3.33101e-12 
            550     7.60819e-12 
            560     1.67234e-11 
            570       3.566e-11 
            580     7.30266e-11 
            590     1.48939e-10 
            600     2.92572e-10 
            610     5.61044e-10 
            620      1.05061e-9 
            630      1.92446e-9 
            640      3.45311e-9 
            650      6.07439e-9 
            658      9.41206e-9 
            665      1.36618e-8 
            675      2.29498e-8 
            685      3.79134e-8 
            695       6.1594e-8 
            705      9.82252e-8 
            716      1.62315e-7 
            726      2.51829e-7 
            735      3.69641e-7 
            745      5.59102e-7 
            755      8.35443e-7 
            765      1.23391e-6 
            775       1.8009e-6 
            785      2.60154e-6 
            795      3.68608e-6 
            805      5.23791e-6 
            815      7.35281e-6 
            825      1.02011e-5 
            835      1.40247e-5 
            845      1.91118e-5 
            855       2.5827e-5 
            865      3.46185e-5 
            875      4.59377e-5 
            885      6.07644e-5 
            895       7.9628e-5 
            905     0.000103517 
            915       0.0766081 
            925        0.316362 
            935        0.431447 
            945        0.587226 
            955        0.807055 
            965         1.04917 
            975         1.24489 
            985         1.65878 
            995         2.02535 
           1005         2.66539 
           1015         3.29628 
           1025         3.71772 
           1035         5.03924 
           1045         6.25764 
           1055         7.65965 
           1065         9.24066 
           1075         11.3994 
           1085         13.9418 
           1095         16.5858 
           1105         44.0187 
           1115         121.713 
           1125         166.542 
           1135         233.841 
           1145         286.539 
           1155         309.313 
           1165         390.213 
           1175         450.534 
           1185         456.349 
           1195         258.171 
           1205         221.439 
           1215         69.0489 
           1225         254.036 
           1235         602.876 
           1245         1061.92 
           1255         1607.19 
           1265         1731.68 
           1275         2346.64 
           1285         3146.21 
           1295          3696.7 
           1305         3700.43 
           1315          4787.7 
           1325         5529.19 
           1335         6148.45 
           1345         7096.33 
           1355         7556.85 
           1365         8595.59 
           1375         9365.11 
           1385         10093.5 
           1395         11340.1 
           1405         12436.3 
           1415           13706 
           1425         14854.9 
           1435         15560.2 
           1442           17638 
           1447         18082.5 
           1455         19871.9 
           1465         20826.8 
           1475           22670 
           1485         24542.1 
           1495         27255.7 
           1505         29785.4 
           1512         31062.6 
           1517         32717.8 
           1525         35576.4 
           1535         50311.6 
           1545         65042.4 
           1555         70454.5 
           1565         67654.3 
           1575         83649.3 
           1585         90823.8 
           1595          100841 
           1605          105017 
           1615          114971 
           1625          122612 
           1635          152046 
           1645          209482 
           1655          180936 
           1665          323605 
           1672          274477 
           1677          575249 
           1685      1.00655e+6 
           1695          785775 
           1705      1.90126e+6 
           1715      4.32034e+6 
           1725      5.03509e+6 
           1735      7.45656e+6 
           1745      7.22424e+6 
           1755      9.77532e+6 
           1765      5.45861e+6 
           1775      8.58414e+6 
           1785      9.93013e+6 
           1795      1.23015e+7 
           1805      8.94396e+6 
           1815       9.1429e+6 
           1825      8.31466e+6 
           1835       9.1755e+6 
           1845       6.2897e+6 
           1855      8.76018e+6 
           1865      1.15167e+7 
           1875      1.10084e+7 
           1885      1.15482e+7 
           1895      1.19501e+7 
           1905      1.08149e+7 
           1915      1.28575e+7 
           1925      1.24335e+7 
           1935      8.66476e+6 
           1945      1.37864e+7 
           1955      1.42056e+7 
           1967      1.57563e+7 
           1976      1.46656e+7 
           1984      1.36249e+7 
           1995      1.42068e+7 
           2005      1.29821e+7 
           2015      1.34511e+7 
           2025      1.14821e+7 
           2035      1.48164e+7 
           2045      1.59186e+7 
           2055      1.51877e+7 
           2065      1.51788e+7 
           2074      1.75855e+7 
           2078      1.87968e+7 
           2085      1.80417e+7 
           2095      1.68433e+7 
           2105      1.57697e+7 
           2115      1.66029e+7 
           2125      1.60507e+7 
           2135      1.40593e+7 
           2145      1.70719e+7 
           2155      1.66948e+7 
           2165      1.52075e+7 
           2175      1.51293e+7 
           2185      1.69796e+7 
           2195      1.84407e+7 
           2205      1.72727e+7 
           2215      1.48773e+7 
           2225      1.58024e+7 
           2235      1.88281e+7 
           2245      1.70439e+7 
           2255      1.55018e+7 
           2265      1.49378e+7 
           2275      1.62531e+7 
           2285      1.77346e+7 
           2295      1.55161e+7 
           2305       1.6902e+7 
           2315      1.68934e+7 
           2325      1.65268e+7 
           2335      1.45863e+7 
           2345      1.15368e+7 
           2355      1.64596e+7 
           2365      1.24963e+7 
           2375      1.48471e+7 
           2385      1.05928e+7 
           2395      1.24604e+7 
           2405      1.23889e+7 
           2415      1.24809e+7 
           2425      1.57928e+7 
           2435      1.48233e+7 
           2445      1.65614e+7 
           2455      1.65474e+7 
           2465      1.68288e+7 
           2475      1.50344e+7 
           2485      1.45403e+7 
           2495      1.39289e+7 
           2505      1.73097e+7 
           2513      1.31885e+7 
           2518      1.14332e+7 
           2525      1.11022e+7 
           2535      1.03746e+7 
           2545      9.45862e+6 
           2555      1.16614e+7 
           2565      1.25881e+7 
           2575      1.62007e+7 
           2585      1.67927e+7 
           2595      1.66182e+7 
           2605       1.5294e+7 
           2615      1.42357e+7 
           2625      1.77768e+7 
           2635       1.8583e+7 
           2645      2.20986e+7 
           2655      2.35534e+7 
           2665      1.96713e+7 
           2675      2.14235e+7 
           2685      2.23862e+7 
           2695      1.92799e+7 
           2705      2.07244e+7 
           2715       1.8356e+7 
           2725      1.87481e+7 
           2735      2.01942e+7 
           2745      1.52881e+7 
           2755      1.67781e+7 
           2765      1.83259e+7 
           2775      1.93217e+7 
           2785      1.47156e+7 
           2795      5.53856e+6 
           2805      7.48525e+6 
           2815      1.95334e+7 
           2825      2.23079e+7 
           2835      2.18133e+7 
           2845       1.9886e+7 
           2855      1.45348e+7 
           2865      2.14883e+7 
           2875        2.168e+7 
           2885      2.11697e+7 
           2895      2.12493e+7 
           2910      2.43448e+7 
           2930      2.28792e+7 
           2950      2.28129e+7 
           2970      2.38336e+7 
           2990      2.35778e+7 
           3010       2.3831e+7 
           3030      2.39819e+7 
           3050      2.41362e+7 
           3070      2.42488e+7 
           3090      2.42804e+7 
           3110      2.39021e+7 
           3130      2.40068e+7 
           3150      2.43373e+7 
           3170      2.43544e+7 
           3190      2.25699e+7 
           3210      2.34488e+7 
           3230      2.19677e+7 
           3250      2.34056e+7 
           3270      2.43589e+7 
           3290      2.44757e+7 
           3310      2.48654e+7 
           3330      2.42211e+7 
           3350      2.37864e+7 
           3370      2.33457e+7 
           3390       2.3665e+7 
           3410      2.36335e+7 
           3430      2.39841e+7 
           3450      2.37388e+7 
           3470      2.35714e+7 
           3490      2.37177e+7 
           3510      2.40013e+7 
           3530      2.35421e+7 
           3550      2.44506e+7 
           3570      2.30713e+7 
           3590      2.28103e+7 
           3610       2.3043e+7 
           3630      2.31269e+7 
           3640      2.27836e+7 
           3650      2.40878e+7 
           3670       2.3895e+7 
           3690      2.31772e+7 
           3710      2.29786e+7 
           3730      2.14734e+7 
           3750      2.37943e+7 
           3770      2.47541e+7 
           3790      2.83516e+7 
           3810      3.16257e+7 
           3830      2.52695e+7 
           3850      3.38186e+7 
           3870      3.62771e+7 
           3890      2.50504e+7 
           3910      3.59724e+7 
           3930      2.80018e+7 
           3950      3.53031e+7 
           3970      2.23599e+7 
           3990      3.63688e+7 
           4010      3.98843e+7 
           4030      3.99603e+7 
           4050      3.93967e+7 
           4070      3.79529e+7 
           4090      3.30132e+7 
           4110      2.69164e+7 
           4130      3.72646e+7 
           4150      3.87546e+7 
           4170      3.87607e+7 
           4190      3.83143e+7 
           4210       3.8372e+7 
           4230       3.7191e+7 
           4250       3.7722e+7 
           4270      3.70698e+7 
           4290      3.63401e+7 
           4310      3.38499e+7 
           4330      2.94027e+7 
           4350        2.583e+7 
           4370      3.51993e+7 
           4390      3.56534e+7 
           4410      3.54722e+7 
           4430      3.52237e+7 
           4450       3.5136e+7 
           4470       3.5288e+7 
           4490      3.51276e+7 
           4510      3.56798e+7 
           4530      3.44457e+7 
           4550      3.43237e+7 
           4570      3.49547e+7 
           4590      3.41698e+7 
           4610      3.44926e+7 
           4630      3.39176e+7 
           4650      3.38948e+7 
           4670      3.39557e+7 
           4690      3.31666e+7 
           4710      3.19855e+7 
           4730       3.3024e+7 
           4750      3.28416e+7 
           4770      3.25403e+7 
           4790      3.20902e+7 
           4810      3.15666e+7 
           4830      3.04886e+7 
           4850      2.56459e+7 
           4870      2.13677e+7 
           4890      2.90124e+7 
           4910      3.01267e+7 
           4930      2.98874e+7 
           4950      3.01906e+7 
           4970      3.03554e+7 
           4990      2.95028e+7 
           5010      2.87724e+7 
           5030      2.94077e+7 
           5050      2.90245e+7 
           5070      2.92415e+7 
           5090      2.89017e+7 
           5110      2.88519e+7 
           5130      2.84126e+7 
           5150      2.79282e+7 
           5170      2.68725e+7 
           5190       2.6649e+7 
           5210      2.72054e+7 
           5230      2.70555e+7 
           5250      2.74157e+7 
           5270      2.58108e+7 
           5290      2.69016e+7 
           5310      2.67675e+7 
           5330      2.56082e+7 
           5350      2.62793e+7 
           5370      2.60199e+7 
           5390      2.58323e+7 
           5410      2.52246e+7 
           5430      2.54633e+7 
           5450      2.53986e+7 
           5470      2.51993e+7 
           5490      2.49736e+7 
           5510      2.49167e+7 
           5530      2.46629e+7 
           5550      2.47251e+7 
           5570      2.43026e+7 
           5590       2.3947e+7 
           5610      2.39429e+7 
           5630      2.40049e+7 
           5650      2.37963e+7 
           5670      2.34377e+7 
           5690      2.34257e+7 
           5710      2.31821e+7 
           5730      2.32879e+7 
           5750      2.29405e+7 
           5770      2.28745e+7 
           5790      2.26774e+7 
           5810      2.25762e+7 
           5830      2.24482e+7 
           5850      2.21838e+7 
           5870      2.20504e+7 
           5890      2.16001e+7 
           5910      2.17626e+7 
           5930      2.16107e+7 
           5950      2.14561e+7 
           5970      2.13221e+7 
           5990      2.11484e+7 
           6010      2.09516e+7 
           6030      2.07538e+7 
           6050      2.07074e+7 
           6070       2.0609e+7 
           6090      2.04109e+7 
           6110      2.02098e+7 
           6130      1.98476e+7 
           6150      1.97028e+7 
           6170      1.94585e+7 
           6190      1.97066e+7 
           6210      1.95847e+7 
           6230      1.93272e+7 
           6250      1.89934e+7 
           6270      1.91734e+7 
           6290      1.90545e+7 
           6310      1.88071e+7 
           6330      1.86856e+7 
           6350      1.84784e+7 
           6370      1.83802e+7 
           6390      1.83557e+7 
           6410      1.80855e+7 
           6430       1.8026e+7 
           6450      1.77097e+7 
           6470      1.76319e+7 
           6490      1.74125e+7 
           6510      1.72772e+7 
           6530      1.67855e+7 
           6550      1.50007e+7 
           6570      1.23837e+7 
           6590      1.60076e+7 
           6610      1.66351e+7 
           6630      1.67269e+7 
           6650      1.67006e+7 
           6670       1.6598e+7 
           6690      1.65427e+7 
           6710      1.64216e+7 
           6730      1.63383e+7 
           6750      1.61507e+7 
           6770      1.61277e+7 
           6790      1.60133e+7 
           6810      1.58958e+7 
           6830      1.57972e+7 
           6850      1.56625e+7 
           6870      1.55874e+7 
           6890      1.54851e+7 
           6910      1.53799e+7 
           6930      1.52732e+7 
           6950      1.51737e+7 
           6970      1.50673e+7 
           6990      1.49812e+7 
           7010       1.4761e+7 
           7030      1.47503e+7 
           7050      1.46735e+7 
           7070       1.4568e+7 
           7090      1.44799e+7 
           7110       1.4295e+7 
           7130       1.4252e+7 
           7150      1.41289e+7 
           7170      1.40296e+7 
           7190      1.39116e+7 
           7210       1.3857e+7 
           7230      1.37761e+7 
           7250      1.36802e+7 
           7270      1.36228e+7 
           7290      1.34511e+7 
           7310      1.34417e+7 
           7330      1.33215e+7 
           7350      1.32832e+7 
           7370      1.31974e+7 
           7390      1.30605e+7 
           7410      1.28968e+7 
           7430      1.28541e+7 
           7450      1.28075e+7 
           7470       1.2737e+7 
           7490      1.26416e+7 
           7510      1.25843e+7 
           7530      1.25182e+7 
           7550       1.2452e+7 
           7570      1.23528e+7 
           7590      1.22825e+7 
           7610      1.21901e+7 
           7630      1.21314e+7 
           7650       1.2025e+7 
           7670      1.18925e+7 
           7690      1.18339e+7 
           7710      1.17973e+7 
           7730      1.17357e+7 
           7750      1.16244e+7 
           7770      1.14049e+7 
           7790      1.15327e+7 
           7810       1.1436e+7 
           7830      1.13488e+7 
           7850      1.12684e+7 
           7870      1.12051e+7 
           7890       1.1123e+7 
           7910      1.10656e+7 
           7930      1.08936e+7 
           7950      1.08699e+7 
           7970        1.088e+7 
           7990      1.07778e+7 
           8010      1.07305e+7 
           8030      1.06532e+7 
           8050      1.05829e+7 
           8070      1.05369e+7 
           8090      1.04595e+7 
           8110      1.04057e+7 
           8130      1.03614e+7 
           8150      1.02902e+7 
           8170      1.02229e+7 
           8190      1.00585e+7 
           8210      1.00101e+7 
           8230      9.95262e+6 
           8250      9.90996e+6 
           8270      9.92598e+6 
           8290      9.85896e+6 
           8310      9.75046e+6 
           8330      9.66189e+6 
           8350      9.65402e+6 
           8370      9.62999e+6 
           8390      9.53596e+6 
           8410      9.50824e+6 
           8430      9.42236e+6 
           8450      9.28284e+6 
           8470      9.29524e+6 
           8490      9.21282e+6 
           8510      8.91415e+6 
           8530      9.09503e+6 
           8550       8.2656e+6 
           8570       9.0806e+6 
           8590      8.88418e+6 
           8610      8.79671e+6 
           8630      8.94213e+6 
           8650       8.7669e+6 
           8670      7.86197e+6 
           8690        8.632e+6 
           8710       8.7821e+6 
           8730      8.59163e+6 
           8750       7.8714e+6 
           8770       8.4287e+6 
           8790      8.60298e+6 
           8810      8.53581e+6 
           8830      8.45129e+6 
           8850      8.03843e+6 
           8870      7.37543e+6 
           8890      8.20412e+6 
           8910      8.32156e+6 
           8930      8.29708e+6 
           8950      8.32165e+6 
           8970       8.2195e+6 
           8990      7.99512e+6 
           9010      6.99394e+6 
           9030      7.41669e+6 
           9050      7.93545e+6 
           9070       7.9179e+6 
           9090      7.83796e+6 
           9110      7.92887e+6 
           9130      7.95563e+6 
           9150      7.90469e+6 
           9170      7.82142e+6 
           9190      7.68615e+6 
           9210      7.29706e+6 
           9230      6.22672e+6 
           9250      7.08174e+6 
           9270      7.39317e+6 
           9290      7.55387e+6 
           9310      7.55536e+6 
           9330      7.52257e+6 
           9350      7.49602e+6 
           9370      7.46234e+6 
           9390      7.40922e+6 
           9410      7.16418e+6 
           9430      7.26261e+6 
           9450      7.23655e+6 
           9470      7.21609e+6 
           9490      7.13468e+6 
           9510      6.97765e+6 
           9530      6.60494e+6 
           9550      5.64789e+6 
           9570      6.60907e+6 
           9590      6.84902e+6 
           9610      6.86215e+6 
           9630      6.83612e+6 
           9650       6.8515e+6 
           9670      6.78129e+6 
           9690      6.76817e+6 
           9710      6.78907e+6 
           9730       6.7576e+6 
           9750      6.68315e+6 
           9770      6.67831e+6 
           9790      6.63926e+6 
           9810      6.61143e+6 
           9830      6.56311e+6 
           9850      6.51901e+6 
           9870      6.48334e+6 
           9890      6.40553e+6 
           9910      6.37625e+6 
           9930      6.35823e+6 
           9950      6.32471e+6 
           9970      6.27435e+6 
           9990      6.20093e+6 
          10025      5.78773e+6 
          10075        5.543e+6 
          10125      5.98192e+6 
          10175      5.93237e+6 
          10225      5.89467e+6 
          10275      5.82567e+6 
          10325      5.73546e+6 
          10375      5.66491e+6 
          10425      5.59267e+6 
          10475      5.47074e+6 
          10525      5.44235e+6 
          10575      5.35699e+6 
          10625      5.28032e+6 
          10675      5.13477e+6 
          10725      5.12303e+6 
          10775      5.05288e+6 
          10825      4.94845e+6 
          10875      4.84189e+6 
          10925      4.25793e+6 
          10975      4.53449e+6 
          11025      4.72033e+6 
          11075      4.71313e+6 
          11125      4.65229e+6 
          11175      4.59838e+6 
          11225      4.55183e+6 
          11275      4.44931e+6 
          11325      4.40159e+6 
          11375      4.37084e+6 
          11425      4.29717e+6 
          11475      4.27926e+6 
          11525      4.22576e+6 
          11575      4.17134e+6 
          11625      4.08981e+6 
          11675      4.03081e+6 
          11725       4.0261e+6 
          11775      3.92161e+6 
          11825      3.88744e+6 
          11875      3.84168e+6 
          11925      3.83867e+6 
          11975      3.73654e+6 
          12025      3.72012e+6 
          12075         3.67e+6 
          12125      3.63723e+6 
          12175      3.61275e+6 
          12225       3.5699e+6 
          12275      3.51488e+6 
          12325      3.48418e+6 
          12375      3.44182e+6 
          12425       3.4027e+6 
          12475      3.36386e+6 
          12525      3.31881e+6 
          12575      3.27389e+6 
          12625      3.23382e+6 
          12675      3.19593e+6 
          12725       3.1376e+6 
          12775      2.99813e+6 
          12825      2.59252e+6 
          12875      2.95469e+6 
          12925       2.9993e+6 
          12975      2.98719e+6 
          13025      2.95853e+6 
          13075      2.93396e+6 
          13125      2.89306e+6 
          13175      2.85487e+6 
          13225      2.83871e+6 
          13275      2.80219e+6 
          13325      2.77313e+6 
          13375      2.74338e+6 
          13425        2.714e+6 
          13475      2.68456e+6 
          13525      2.65259e+6 
          13575      2.62062e+6 
          13625      2.59614e+6 
          13675       2.5645e+6 
          13725      2.52645e+6 
          13775      2.50636e+6 
          13825      2.47821e+6 
          13875      2.46077e+6 
          13925      2.42876e+6 
          13975      2.40176e+6 
          14025      2.37586e+6 
          14075      2.35406e+6 
          14125      2.32345e+6 
          14175      2.30409e+6 
          14225      2.27173e+6 
          14275      2.24253e+6 
          14325      2.23057e+6 
          14375      2.20888e+6 
          14425      2.15178e+6 
          14475      2.16103e+6 
          14525      2.12207e+6 
          14570      2.11377e+6 
          14620      2.08877e+6 
          14675      2.07034e+6 
          14725       2.0431e+6 
          14775      2.01877e+6 
          14825       2.0026e+6 
          14875      1.95954e+6 
          14925      1.96841e+6 
          14975      1.94471e+6 
          15025      1.90408e+6 
          15075      1.89264e+6 
          15125       1.8864e+6 
          15175      1.86875e+6 
          15225       1.8435e+6 
          15275      1.82806e+6 
          15325      1.80813e+6 
          15375      1.78794e+6 
          15425      1.76006e+6 
          15475      1.74871e+6 
          15525      1.73324e+6 
          15575      1.70971e+6 
          15625      1.70341e+6 
          15675      1.67385e+6 
          15725      1.64936e+6 
          15775       1.6309e+6 
          15825      1.62648e+6 
          15875      1.56647e+6 
          15925       1.5871e+6 
          15975      1.57954e+6 
          16050      1.54493e+6 
          16150      1.49061e+6 
          16250      1.50299e+6 
          16350      1.43971e+6 
          16450      1.37693e+6 
          16550      1.41338e+6 
          16650      1.38503e+6 
          16750      1.30827e+6 
          16850      1.23894e+6 
          16950      1.29866e+6 
          17050      1.27645e+6 
          17150      1.24807e+6 
          17250      1.20437e+6 
          17350      1.07584e+6 
          17450      1.13734e+6 
          17550      1.14536e+6 
          17650      1.12442e+6 
          17750       1.1051e+6 
          17850      1.08284e+6 
          17950      1.06025e+6 
          18050      1.02505e+6 
          18150          914187 
          18250          956238 
          18350          971499 
          18450          954588 
          18550          934678 
          18650          903345 
          18750          792352 
          18850          862977 
          18950          856883 
          19050          851668 
          19150          834517 
          19250          816516 
          19350          786285 
          19450          697129 
          19550          757170 
          19650          756957 
          19750          743284 
          19850          733089 
          19950          719028 
          20050          706851 
          20150          694554 
          20250          680839 
          20350          666368 
          20450          657489 
          20550          645334 
          20650          631837 
          20750          622069 
          20850          611029 
          20950          599038 
          21050          589858 
          21150          578617 
          21250          568119 
          21350          557537 
          21450          547086 
          21550          529957 
          21650          471721 
          21750          506296 
          21850          508474 
          21950          503844 
          22050          494372 
          22150          487146 
          22250          479710 
          22350          471747 
          22450          463935 
          22550          454199 
          22650          448068 
          22750          441059 
          22850          433159 
          22950          426481 
          23050          420385 
          23150          413422 
          23250          407002 
          23350          400331 
          23450          394184 
          23550          387956 
          23650          381921 
          23750          375158 
          23850          369317 
          23950          364111 
          24050          358302 
          24150          352440 
          24250          347349 
          24350          341712 
          24450          336818 
          24550          330767 
          24650          326545 
          24750          321347 
          24850          315496 
          24950          311543 
          25050          307368 
          25150          302844 
          25250          297661 
          25350          293846 
          25450          289342 
          25550          284756 
          25650          279099 
          25750          276805 
          25850          272203 
          25950          268733 
          26050          263032 
          26150          254380 
          26250          232332 
          26350          248070 
          26450          248960 
          26550          246148 
          26650          241498 
          26750          234784 
          26850          235656 
          26950          233672 
          27050          230599 
          27150          227523 
          27250          224380 
          27350          221010 
          27450          217097 
          27550          208059 
          27650          208346 
          27750          208725 
          27850          206559 
          27950          204259 
          28050          201536 
          28150          198828 
          28250          196144 
          28350          193548 
          28450          190328 
          28550          187347 
          28650          182067 
          28750          173980 
          28850          178963 
          28950          177985 
          29050          176213 
          29150          173955 
          29250          171601 
          29350          169594 
          29450          167354 
          29550          165282 
          29650          163162 
          29750          161037 
          29850          159030 
          29950          156903 
          30050          154813 
          30150          152516 
          30250          149693 
          30350          141482 
          30450          142090 
          30550          144427 
          30650          143217 
          30750          141909 
          30850          140028 
          30950          138382 
          31050          136694 
          31150          134556 
          31250          133380 
          31350          131749 
          31450          130189 
          31550          128490 
          31650          127146 
          31750          125490 
          31850          124083 
          31950          122636 
          32100          120370 
          32300          117617 
          32500          114829 
          32700          111843 
          32900          104536 
          33100          105326 
          33300          104221 
          33500          102094 
          33700         99714.6 
          33900         97479.4 
          34100         95283.1 
          34300         93291.4 
          34500           91314 
          34700         89285.1 
          34900         87349.2 
          35100         85457.6 
          35300           83594 
          35500         81820.8 
          35700         80037.5 
          35900         78353.1 
          36100         76724.2 
          36300         75117.7 
          36500         73459.8 
          36700         71911.7 
          36900         70312.5 
          37100         68877.7 
          37300         65993.8 
          37500         64048.7 
          37700         64775.8 
          37900         63579.9 
          38100         62236.7 
          38300         61033.7 
          38500         59976.8 
          38700         58754.8 
          38900           57475 
          39100         56255.2 
          39300         55362.1 
          39500         54281.4 
          39700         53300.8 
          39900         52154.9 
          40100         50951.9 
          40300         49890.7 
          40500         47274.6 
          40700         48139.3 
          40900           47449 
          41100         46618.1 
          41300         45759.1 
          41500           44781 
          41700         43548.7 
          41900         43155.4 
          42100         42391.4 
          42300         41728.3 
          42500         40967.3 
          42700         40235.2 
          42900         39517.1 
          43100         38810.5 
          43300         38099.1 
          43500         37375.3 
          43700         36173.9 
          43900         35868.5 
          44100           35449 
          44300         34872.4 
          44500           34278 
          44700         33728.8 
          44900         33148.7 
          45100         32581.2 
          45300         32029.8 
          45500         31488.6 
          45700         30941.2 
          45900         30425.4 
          46100         29896.1 
          46300         29293.9 
          46500         27660.8 
          46700         27636.9 
          46900         27802.4 
          47100         27488.7 
          47300         27083.3 
          47500         26638.6 
          47700         26208.7 
          47900         25791.7 
          48100         25374.1 
          48300         24972.2 
          48500         24572.9 
          48700         24182.5 
          48900         23802.3 
          49100         23422.8 
          49300         23059.6 
          49500         22690.6 
          49700         22345.2 
          49900         22001.5 
          50100         21661.1 
          50300         21328.4 
          50500         21001.7 
          50700         20682.5 
          50900         20348.7 
          51100         19938.7 
          51300         19152.2 
          51500         19375.9 
          51700         19157.2 
          51900         18882.6 
          52100         18596.3 
          52300         18323.5 
          52500           18057 
          52700         17791.4 
          52900         17530.6 
          53100         17273.2 
          53300         17024.4 
          53500         16777.6 
          53700         16522.2 
          53900         16290.9 
          54100         16065.1 
          54300         15829.5 
          54500         15608.2 
          54700         15375.9 
          54900         15167.9 
          55100           14955 
          55300           14730 
          55500         14540.8 
          55700         14338.2 
          55900         14129.7 
          56100         13944.2 
          56300           13749 
          56500         13564.5 
          56700         13377.6 
          56900         13189.4 
          57100           12977 
          57300           12835 
          57500         12666.1 
          57700         12494.7 
          57900         12326.5 
          58100         12162.5 
          58300         12001.6 
          58500           11846 
          58700         11682.3 
          58900         11459.7 
          59100         10996.2 
          59300         11179.2 
          59500         11011.6 
          59700         10905.2 
          59900         10798.9 
          60100         10658.3 
          60300         10524.5 
          60500         10389.2 
          60700         10254.4 
          60900         10120.9 
          61100         9986.15 
          61300         9868.16 
          61500         9744.81 
          61700         9621.28 
          61900         9499.33 
          62100         9381.38 
          62300         9254.76 
          62500         9145.18 
          62700         9016.98 
          62900         8839.85 
          63100         8780.49 
          63300          8704.6 
          63500         8598.09 
          63700         8491.91 
          63900         8389.11 
          64200         8237.68 
          64600         8038.39 
          65000         7844.98 
          65400         7661.85 
          65800         7481.01 
          66200         7305.17 
          66600         7135.55 
          67000         6969.45 
          67400         6798.24 
          67800         6593.85 
          68200         6501.51 
          68600         6354.42 
          69000         6211.17 
          69400         6071.65 
          69800         5937.07 
          70200         5803.86 
          70600         5677.52 
          71000         5553.71 
          71400          5432.4 
          71800         5314.45 
          72200         5199.07 
          72600         5087.97 
          73000         4980.55 
          73400         4873.97 
          73800         4771.89 
          74200         4667.14 
          74600            4471 
          75000         4359.81 
          75400         4373.45 
          75800          4296.4 
          76200         4208.66 
          76600         4123.34 
          77000         4039.63 
          77400         3958.55 
          77800         3879.24 
          78200         3801.95 
          78600         3726.52 
          79000         3652.97 
          79400         3581.23 
          79800         3511.17 
          80200         3442.67 
          80600         3375.82 
          81000         3311.27 
          81400          3243.9 
          81800         3184.15 
          82200         3125.31 
          82600         3066.23 
          83000         3008.53 
          83400         2951.74 
          83800         2896.91 
          84200         2843.31 
          84600         2790.96 
          85000         2739.67 
          85400         2689.53 
          85800         2640.46 
          86200         2592.38 
          86600            2538 
          87000         2499.63 
          87400         2434.69 
          87800         2391.39 
          88200         2368.69 
          88600         2326.81 
          89000         2285.92 
          89400         2246.04 
          89800         2206.55 
          90200         2168.64 
          90600         2131.36 
          91000         2094.46 
          91400         2058.54 
          91800          2023.7 
          92200         1989.38 
          92600         1955.71 
          93000         1922.81 
          93400         1890.44 
          93800         1849.77 
          94200         1825.31 
          94600         1797.82 
          95000         1768.14 
          95400          1738.9 
          95800          1710.7 
          96200         1682.62 
          96600         1655.56 
          97000          1628.8 
          97400         1602.34 
          97800         1576.78 
          98200         1551.61 
          98600         1527.04 
          99000         1502.88 
          99400         1479.03 
          99800         1455.81 
         100200         1433.03 
         200000         92.5295 
         400000         5.79904 
         600000          1.1394 
         800000        0.358393 
         1.0e+6        0.145983 
         1.2e+6       0.0700481 
         1.4e+6       0.0376383 
         1.6e+6       0.0219724 
