# Kurucz ODFNEW /NOVER (2003)
# teff = 7250 K (value for the effective temperature for the model. Temperatures are given in K)
# logg = 3 log(cm/s2) (value for Log(G) for the model.)
# meta = 0.5  (value for the Metallicity for the model.)
# lh = 1.25  (l/Hp where l is the  mixing length of the convective element and Hp is the pressure scale height)
# vtur = 2 km/s (Microturbulence velocity)
# alpha = 0.4  (Alpha)
#
# column 1: WAVELENGTH (ANGSTROM), Wavelength in Angstrom
# column 2: FLUX (ERG/CM2/S/A), Flux in erg/cm2/s/A
            205     2.91442e-55 
          210.5     1.55274e-53 
          216.2     7.68128e-52 
          219.8     8.11131e-51 
            223     6.16188e-50 
          226.8     6.34947e-49 
            230      4.2616e-48 
            234     4.26012e-47 
            240     1.16132e-45 
          246.5     3.46081e-44 
          252.4     6.45172e-43 
          256.8     5.22344e-42 
            260     2.28356e-41 
            264     1.37047e-40 
          268.5     9.61939e-40 
          273.5     7.75395e-39 
          278.5     5.79212e-38 
            284     4.85672e-37 
            290     4.48895e-36 
            296      3.7728e-35 
            301     2.08139e-34 
            308     2.06442e-33 
            318     4.55731e-32 
            328     8.26512e-31 
            338     1.25219e-29 
            348     1.61217e-28 
            357     1.41278e-27 
            366     1.10876e-26 
            375      7.8357e-26 
            385     6.14916e-25 
            395     4.32083e-24 
            405     2.74373e-23 
            414     1.33654e-22 
            422     5.14035e-22 
            430     1.87482e-21 
            441      1.0244e-20 
            451      4.4422e-20 
            460     1.56994e-19 
            470     6.01164e-19 
            480     2.16816e-18 
            490     7.39777e-18 
            500     2.39283e-17 
            506     6.23797e-17 
            512     1.36119e-16 
            520     3.20527e-16 
            530     9.05116e-16 
            540     2.41076e-15 
            550     6.27027e-15 
            560     1.56146e-14 
            570     3.75454e-14 
            580     8.63163e-14 
            590     1.96936e-13 
            600     4.30863e-13 
            610     9.19702e-13 
            620     1.90501e-12 
            630      3.8494e-12 
            640     7.58885e-12 
            650     1.46456e-11 
            658     2.43781e-11 
            665     3.73897e-11 
            675      6.8536e-11 
            685     1.23434e-10 
            695     2.17392e-10 
            705     3.70654e-10 
            716     6.73086e-10 
            726      1.12431e-9 
            735      1.75943e-9 
            745      2.84415e-9 
            755      4.54461e-9 
            765      7.18214e-9 
            775      1.11722e-8 
            785      1.72596e-8 
            795      2.57799e-8 
            805       3.8697e-8 
            815      5.81975e-8 
            825      8.56162e-8 
            835       1.2447e-7 
            845      1.79114e-7 
            855      2.55389e-7 
            865      3.60479e-7 
            875      4.98648e-7 
            885      6.98986e-7 
            895      9.61594e-7 
            905      1.30352e-6 
            915     0.000523545 
            925       0.0017213 
            935      0.00238373 
            945      0.00327762 
            955       0.0046524 
            965      0.00631749 
            975      0.00849779 
            985       0.0113591 
            995       0.0150661 
           1005       0.0203201 
           1015       0.0266992 
           1025       0.0331637 
           1035       0.0452684 
           1045       0.0584814 
           1055       0.0751851 
           1065       0.0960171 
           1075        0.122327 
           1085        0.155028 
           1095        0.195078 
           1105        0.487764 
           1115         1.65976 
           1125           2.492 
           1135         3.57509 
           1145         4.68446 
           1155         5.29162 
           1165         7.53667 
           1175         9.26335 
           1185         9.90795 
           1195         5.43584 
           1205         8.60469 
           1215         2.80462 
           1225         11.0057 
           1235         20.4817 
           1245         43.8239 
           1255         85.7255 
           1265         69.6804 
           1275         113.847 
           1285         152.001 
           1295          182.35 
           1305         134.046 
           1315         224.353 
           1325         263.874 
           1335         299.824 
           1345         352.484 
           1355         374.529 
           1365         416.435 
           1375         455.094 
           1385         504.145 
           1395         577.225 
           1405         651.997 
           1415         697.097 
           1425         765.472 
           1435         809.194 
           1442          945.01 
           1447         970.967 
           1455         1087.29 
           1465         1159.95 
           1475         1253.85 
           1485         1397.81 
           1495         1627.49 
           1505         1824.25 
           1512         1818.27 
           1517         2010.77 
           1525          2439.9 
           1535         5559.27 
           1545         8997.06 
           1555         10080.1 
           1565         9747.77 
           1575         14392.1 
           1585         16552.4 
           1595         20068.3 
           1605         19950.7 
           1615         20224.3 
           1625         19983.3 
           1635         24221.1 
           1645         28605.3 
           1655         18484.2 
           1665         30073.4 
           1672           19633 
           1677         35079.2 
           1685         57080.8 
           1695         85836.7 
           1705          150030 
           1715          472061 
           1725          583966 
           1735          898551 
           1745          721261 
           1755      1.20666e+6 
           1765          688960 
           1775      1.13829e+6 
           1785      1.00396e+6 
           1795      1.78086e+6 
           1805          917094 
           1815      1.02687e+6 
           1825          870998 
           1835          964629 
           1845          833546 
           1855      1.29692e+6 
           1865       1.7776e+6 
           1875      1.51458e+6 
           1885      1.65112e+6 
           1895      1.93672e+6 
           1905      1.63221e+6 
           1915      1.76488e+6 
           1925      1.39798e+6 
           1935          631839 
           1945      1.98173e+6 
           1955      2.11389e+6 
           1967       2.5278e+6 
           1976       2.1269e+6 
           1984      1.97722e+6 
           1995      2.24389e+6 
           2005      2.28538e+6 
           2015       2.1182e+6 
           2025      1.97597e+6 
           2035      2.78588e+6 
           2045      3.16723e+6 
           2055      2.52986e+6 
           2065      2.52167e+6 
           2074      3.18683e+6 
           2078      4.44912e+6 
           2085      4.15897e+6 
           2095      4.00057e+6 
           2105      4.05787e+6 
           2115      4.41609e+6 
           2125      4.00821e+6 
           2135      3.26948e+6 
           2145      4.38628e+6 
           2155      4.70577e+6 
           2165      3.87128e+6 
           2175      4.12858e+6 
           2185      4.61681e+6 
           2195      5.04985e+6 
           2205      4.57195e+6 
           2215      3.26187e+6 
           2225       3.3495e+6 
           2235      4.74333e+6 
           2245      4.35001e+6 
           2255      3.14658e+6 
           2265      3.15991e+6 
           2275      4.01345e+6 
           2285      4.36442e+6 
           2295      3.79188e+6 
           2305       4.3212e+6 
           2315      3.80995e+6 
           2325      3.55883e+6 
           2335      2.08782e+6 
           2345      1.38736e+6 
           2355       2.8404e+6 
           2365      1.43883e+6 
           2375      2.08267e+6 
           2385      1.05027e+6 
           2395      1.46415e+6 
           2405      1.41201e+6 
           2415      1.99649e+6 
           2425      3.64633e+6 
           2435      3.55138e+6 
           2445      4.08187e+6 
           2455      4.20901e+6 
           2465      3.81415e+6 
           2475      3.45639e+6 
           2485      3.31211e+6 
           2495      3.24906e+6 
           2505      4.66254e+6 
           2513      2.69949e+6 
           2518      2.55491e+6 
           2525       1.9679e+6 
           2535      2.01361e+6 
           2545      2.47697e+6 
           2555      4.15919e+6 
           2565      3.26957e+6 
           2575      4.19846e+6 
           2585       3.7286e+6 
           2595      3.21175e+6 
           2605      2.61606e+6 
           2615      2.41274e+6 
           2625      3.51382e+6 
           2635      5.39357e+6 
           2645      8.25506e+6 
           2655      9.42114e+6 
           2665       6.2369e+6 
           2675      7.45127e+6 
           2685      7.42305e+6 
           2695       6.4951e+6 
           2705      7.54898e+6 
           2715       5.8943e+6 
           2725      5.76386e+6 
           2735      6.24254e+6 
           2745      2.90188e+6 
           2755      3.63833e+6 
           2765      4.39107e+6 
           2775      4.79332e+6 
           2785      2.64563e+6 
           2795          879177 
           2805      1.14062e+6 
           2815       3.7891e+6 
           2825      6.61774e+6 
           2835      7.21705e+6 
           2845      7.23529e+6 
           2855       5.1996e+6 
           2865      8.36649e+6 
           2875      8.59553e+6 
           2885      8.49712e+6 
           2895      8.35985e+6 
           2910      1.08182e+7 
           2930      9.67616e+6 
           2950       9.6744e+6 
           2970      1.11453e+7 
           2990      1.10102e+7 
           3010      1.19696e+7 
           3030      1.18391e+7 
           3050      1.18484e+7 
           3070      1.16593e+7 
           3090      1.26957e+7 
           3110      1.22042e+7 
           3130      1.20726e+7 
           3150      1.24791e+7 
           3170      1.21853e+7 
           3190      1.09967e+7 
           3210      1.21025e+7 
           3230      1.03454e+7 
           3250      1.21195e+7 
           3270      1.31932e+7 
           3290      1.30302e+7 
           3310      1.35764e+7 
           3330      1.30832e+7 
           3350      1.27445e+7 
           3370      1.22749e+7 
           3390      1.29094e+7 
           3410      1.33435e+7 
           3430      1.34589e+7 
           3450      1.36632e+7 
           3470       1.3376e+7 
           3490      1.33701e+7 
           3510      1.39499e+7 
           3530      1.37034e+7 
           3550      1.49932e+7 
           3570      1.33883e+7 
           3590      1.33845e+7 
           3610      1.36358e+7 
           3630      1.37782e+7 
           3640      1.34978e+7 
           3650      1.47448e+7 
           3670      1.44453e+7 
           3690      1.40005e+7 
           3710      1.58245e+7 
           3730      1.64982e+7 
           3750      2.06262e+7 
           3770      2.27537e+7 
           3790      2.71766e+7 
           3810      3.14389e+7 
           3830      2.42394e+7 
           3850      3.28325e+7 
           3870      3.65714e+7 
           3890       2.4418e+7 
           3910      3.28774e+7 
           3930      1.49359e+7 
           3950      2.57704e+7 
           3970      1.41445e+7 
           3990      3.42225e+7 
           4010      3.90269e+7 
           4030      3.87286e+7 
           4050      3.83425e+7 
           4070      3.76527e+7 
           4090      3.45671e+7 
           4110      2.83192e+7 
           4130      3.76246e+7 
           4150      4.03186e+7 
           4170      3.91095e+7 
           4190      3.94195e+7 
           4210      3.91627e+7 
           4230      3.76605e+7 
           4250      3.88274e+7 
           4270      3.67062e+7 
           4290      3.65653e+7 
           4310      3.36004e+7 
           4330      3.08374e+7 
           4350       2.6718e+7 
           4370      3.70517e+7 
           4390      3.63474e+7 
           4410      3.58151e+7 
           4430      3.46324e+7 
           4450      3.54499e+7 
           4470      3.63175e+7 
           4490       3.5649e+7 
           4510      3.80858e+7 
           4530      3.49175e+7 
           4550      3.50935e+7 
           4570      3.70923e+7 
           4590      3.48421e+7 
           4610      3.61217e+7 
           4630      3.48156e+7 
           4650      3.53025e+7 
           4670      3.57073e+7 
           4690      3.38329e+7 
           4710      3.23387e+7 
           4730      3.43576e+7 
           4750      3.45664e+7 
           4770      3.38533e+7 
           4790      3.37781e+7 
           4810       3.2879e+7 
           4830      3.26864e+7 
           4850      2.68327e+7 
           4870      2.17172e+7 
           4890      3.07029e+7 
           4910      3.13705e+7 
           4930       3.0729e+7 
           4950      3.19357e+7 
           4970      3.21184e+7 
           4990      2.97676e+7 
           5010      2.79814e+7 
           5030      2.93898e+7 
           5050      2.92564e+7 
           5070       3.0329e+7 
           5090      2.96825e+7 
           5110      2.99036e+7 
           5130      2.87261e+7 
           5150       2.7941e+7 
           5170      2.75349e+7 
           5190      2.69637e+7 
           5210      2.74455e+7 
           5230      2.74632e+7 
           5250      2.77259e+7 
           5270        2.467e+7 
           5290      2.70928e+7 
           5310      2.68958e+7 
           5330      2.50553e+7 
           5350      2.65899e+7 
           5370      2.68207e+7 
           5390      2.62006e+7 
           5410       2.5289e+7 
           5430      2.57419e+7 
           5450      2.64234e+7 
           5470      2.58163e+7 
           5490      2.52073e+7 
           5510      2.49725e+7 
           5530        2.528e+7 
           5550      2.52474e+7 
           5570      2.48163e+7 
           5590      2.43918e+7 
           5610      2.46899e+7 
           5630      2.47275e+7 
           5650      2.42211e+7 
           5670      2.34471e+7 
           5690      2.37701e+7 
           5710      2.35149e+7 
           5730      2.44594e+7 
           5750      2.34999e+7 
           5770      2.36779e+7 
           5790      2.31168e+7 
           5810      2.32291e+7 
           5830      2.32972e+7 
           5850      2.29335e+7 
           5870      2.28081e+7 
           5890      2.20594e+7 
           5910      2.24389e+7 
           5930      2.22235e+7 
           5950      2.20509e+7 
           5970      2.20271e+7 
           5990      2.15978e+7 
           6010      2.11008e+7 
           6030      2.12252e+7 
           6050      2.10923e+7 
           6070      2.13012e+7 
           6090      2.07623e+7 
           6110      2.03915e+7 
           6130      1.98747e+7 
           6150         1.94e+7 
           6170      1.92378e+7 
           6190      2.01107e+7 
           6210       1.9952e+7 
           6230      1.94844e+7 
           6250      1.85816e+7 
           6270       1.9618e+7 
           6290      1.95382e+7 
           6310      1.87872e+7 
           6330      1.87749e+7 
           6350      1.82663e+7 
           6370      1.82799e+7 
           6390      1.86002e+7 
           6410      1.80672e+7 
           6430       1.8272e+7 
           6450      1.75947e+7 
           6470      1.78749e+7 
           6490      1.74698e+7 
           6510      1.75813e+7 
           6530      1.71884e+7 
           6550      1.55126e+7 
           6570      1.25391e+7 
           6590      1.65029e+7 
           6610      1.70076e+7 
           6630      1.70457e+7 
           6650      1.69621e+7 
           6670      1.67064e+7 
           6690      1.67514e+7 
           6710      1.65831e+7 
           6730      1.64664e+7 
           6750       1.6001e+7 
           6770      1.62823e+7 
           6790      1.60655e+7 
           6810      1.59664e+7 
           6830       1.5865e+7 
           6850      1.56489e+7 
           6870      1.57287e+7 
           6890      1.55939e+7 
           6910      1.54572e+7 
           6930      1.53077e+7 
           6950      1.52431e+7 
           6970      1.50852e+7 
           6990      1.50483e+7 
           7010      1.44068e+7 
           7030      1.47465e+7 
           7050      1.46765e+7 
           7070       1.4568e+7 
           7090      1.44792e+7 
           7110      1.40088e+7 
           7130      1.41008e+7 
           7150      1.40154e+7 
           7170      1.37937e+7 
           7190      1.36107e+7 
           7210      1.37164e+7 
           7230       1.3526e+7 
           7250      1.33376e+7 
           7270      1.35323e+7 
           7290      1.31668e+7 
           7310      1.32887e+7 
           7330      1.32156e+7 
           7350      1.31807e+7 
           7370      1.31357e+7 
           7390      1.28556e+7 
           7410      1.26402e+7 
           7430      1.24671e+7 
           7450      1.24566e+7 
           7470      1.24569e+7 
           7490        1.243e+7 
           7510      1.24381e+7 
           7530      1.23707e+7 
           7550       1.2376e+7 
           7570      1.21339e+7 
           7590      1.21687e+7 
           7610      1.20262e+7 
           7630      1.20525e+7 
           7650      1.18544e+7 
           7670      1.15858e+7 
           7690      1.15727e+7 
           7710       1.1625e+7 
           7730      1.15359e+7 
           7750      1.14068e+7 
           7770      1.11266e+7 
           7790      1.14526e+7 
           7810      1.12538e+7 
           7830       1.1119e+7 
           7850      1.09542e+7 
           7870      1.10056e+7 
           7890      1.08507e+7 
           7910      1.07284e+7 
           7930      1.05102e+7 
           7950      1.05087e+7 
           7970      1.07217e+7 
           7990      1.04816e+7 
           8010      1.05385e+7 
           8030      1.03663e+7 
           8050      1.03381e+7 
           8070      1.02887e+7 
           8090      1.02149e+7 
           8110      1.02419e+7 
           8130      1.02303e+7 
           8150      1.01263e+7 
           8170      1.00627e+7 
           8190      9.72825e+6 
           8210      9.57695e+6 
           8230      9.59999e+6 
           8250      9.60497e+6 
           8270      9.77395e+6 
           8290      9.67038e+6 
           8310      9.47168e+6 
           8330      9.39151e+6 
           8350      9.42114e+6 
           8370      9.42833e+6 
           8390      9.28014e+6 
           8410      9.25736e+6 
           8430      9.09845e+6 
           8450      8.85864e+6 
           8470      8.83943e+6 
           8490      8.82396e+6 
           8510      8.06102e+6 
           8530      8.66633e+6 
           8550      6.70669e+6 
           8570      9.06881e+6 
           8590      8.50892e+6 
           8610      8.27023e+6 
           8630      9.07517e+6 
           8650      8.64556e+6 
           8670      6.50829e+6 
           8690      8.50728e+6 
           8710      9.06714e+6 
           8730      8.78343e+6 
           8750      7.27798e+6 
           8770      8.60797e+6 
           8790       8.9989e+6 
           8810      8.95712e+6 
           8830      8.68128e+6 
           8850       8.0976e+6 
           8870       7.0144e+6 
           8890      8.43483e+6 
           8910      8.70689e+6 
           8930      8.58526e+6 
           8950      8.73882e+6 
           8970      8.53414e+6 
           8990      8.30556e+6 
           9010      6.88349e+6 
           9030       7.5114e+6 
           9050      8.31447e+6 
           9070      8.16519e+6 
           9090      8.00574e+6 
           9110      8.14539e+6 
           9130      8.27787e+6 
           9150      8.29707e+6 
           9170      8.17759e+6 
           9190      8.03364e+6 
           9210      7.51557e+6 
           9230      6.13828e+6 
           9250      7.18918e+6 
           9270      7.53083e+6 
           9290      7.90789e+6 
           9310      7.90698e+6 
           9330       7.8043e+6 
           9350      7.82611e+6 
           9370      7.81934e+6 
           9390      7.65917e+6 
           9410      7.22077e+6 
           9430      7.44521e+6 
           9450      7.40993e+6 
           9470      7.52107e+6 
           9490      7.47894e+6 
           9510      7.28465e+6 
           9530      6.86253e+6 
           9550      5.68755e+6 
           9570      6.84889e+6 
           9590      7.13986e+6 
           9610      7.03389e+6 
           9630      6.90518e+6 
           9650      7.01413e+6 
           9670      6.86187e+6 
           9690      6.75934e+6 
           9710      7.00763e+6 
           9730      6.96731e+6 
           9750      6.73863e+6 
           9770      6.88906e+6 
           9790      6.81142e+6 
           9810      6.82713e+6 
           9830      6.70386e+6 
           9850      6.64094e+6 
           9870      6.60438e+6 
           9890      6.49836e+6 
           9910      6.43341e+6 
           9930      6.53589e+6 
           9950      6.46779e+6 
           9970      6.44073e+6 
           9990      6.38439e+6 
          10025      5.96953e+6 
          10075      5.67587e+6 
          10125      6.08702e+6 
          10175      6.03098e+6 
          10225      6.01358e+6 
          10275      5.97161e+6 
          10325      5.82875e+6 
          10375       5.7643e+6 
          10425      5.68003e+6 
          10475      5.44808e+6 
          10525      5.46242e+6 
          10575      5.41459e+6 
          10625      5.34873e+6 
          10675      5.13378e+6 
          10725      5.14203e+6 
          10775      5.06392e+6 
          10825      4.95327e+6 
          10875      4.89254e+6 
          10925      4.31885e+6 
          10975      4.59141e+6 
          11025      4.78666e+6 
          11075      4.76319e+6 
          11125      4.66142e+6 
          11175      4.61226e+6 
          11225      4.56737e+6 
          11275      4.37197e+6 
          11325      4.32992e+6 
          11375       4.3394e+6 
          11425      4.21174e+6 
          11475      4.28498e+6 
          11525      4.22264e+6 
          11575      4.14772e+6 
          11625      4.01036e+6 
          11675      3.94403e+6 
          11725      4.01158e+6 
          11775       3.8545e+6 
          11825      3.82574e+6 
          11875      3.75646e+6 
          11925      3.83417e+6 
          11975      3.68111e+6 
          12025      3.68469e+6 
          12075      3.62013e+6 
          12125      3.57957e+6 
          12175      3.56777e+6 
          12225      3.51344e+6 
          12275      3.46537e+6 
          12325       3.4269e+6 
          12375      3.38721e+6 
          12425      3.35024e+6 
          12475      3.30165e+6 
          12525      3.24172e+6 
          12575      3.19003e+6 
          12625      3.17923e+6 
          12675      3.14223e+6 
          12725      3.11107e+6 
          12775      3.01359e+6 
          12825      2.61199e+6 
          12875      2.94696e+6 
          12925      2.94089e+6 
          12975      2.92991e+6 
          13025      2.88969e+6 
          13075      2.87072e+6 
          13125      2.81718e+6 
          13175      2.76654e+6 
          13225      2.76892e+6 
          13275      2.71881e+6 
          13325      2.69739e+6 
          13375      2.66631e+6 
          13425      2.62955e+6 
          13475      2.60613e+6 
          13525      2.56548e+6 
          13575      2.52311e+6 
          13625      2.50726e+6 
          13675       2.4664e+6 
          13725      2.41366e+6 
          13775      2.40649e+6 
          13825      2.38734e+6 
          13875      2.38093e+6 
          13925      2.32578e+6 
          13975      2.30435e+6 
          14025      2.27952e+6 
          14075      2.26431e+6 
          14125      2.22338e+6 
          14175      2.20922e+6 
          14225      2.17212e+6 
          14275      2.13567e+6 
          14325      2.12923e+6 
          14375       2.1201e+6 
          14425       2.0216e+6 
          14475      2.05926e+6 
          14525      2.00154e+6 
          14570      2.01138e+6 
          14620      1.97878e+6 
          14675       1.9722e+6 
          14725      1.92773e+6 
          14775      1.90262e+6 
          14825      1.89461e+6 
          14875       1.8567e+6 
          14925      1.87607e+6 
          14975      1.84139e+6 
          15025      1.80996e+6 
          15075      1.78124e+6 
          15125      1.78298e+6 
          15175      1.77207e+6 
          15225      1.73721e+6 
          15275      1.72698e+6 
          15325      1.69953e+6 
          15375      1.69073e+6 
          15425      1.63498e+6 
          15475      1.64724e+6 
          15525      1.63446e+6 
          15575      1.57475e+6 
          15625      1.62857e+6 
          15675      1.56377e+6 
          15725      1.51299e+6 
          15775      1.54809e+6 
          15825      1.55006e+6 
          15875      1.39305e+6 
          15925      1.49961e+6 
          15975      1.51828e+6 
          16050      1.47414e+6 
          16150      1.38114e+6 
          16250       1.4522e+6 
          16350      1.38182e+6 
          16450      1.29067e+6 
          16550      1.36046e+6 
          16650      1.33825e+6 
          16750      1.27125e+6 
          16850      1.18554e+6 
          16950      1.25804e+6 
          17050       1.2224e+6 
          17150      1.20789e+6 
          17250      1.16216e+6 
          17350      1.04028e+6 
          17450      1.10066e+6 
          17550      1.09997e+6 
          17650      1.07761e+6 
          17750      1.05754e+6 
          17850      1.03771e+6 
          17950      1.02464e+6 
          18050          988844 
          18150          897776 
          18250          934668 
          18350          939792 
          18450          921099 
          18550          898221 
          18650          877134 
          18750          789523 
          18850          840648 
          18950          817458 
          19050          823463 
          19150          804839 
          19250          790094 
          19350          766554 
          19450          691174 
          19550          741231 
          19650          732409 
          19750          715362 
          19850          706595 
          19950          692733 
          20050          681988 
          20150          671534 
          20250          656209 
          20350          640496 
          20450          636473 
          20550          622657 
          20650          609838 
          20750          599600 
          20850          588368 
          20950          578103 
          21050          570099 
          21150          556981 
          21250          547596 
          21350          538222 
          21450          531414 
          21550          519525 
          21650          469704 
          21750          496612 
          21850          494539 
          21950          489566 
          22050          476938 
          22150          470491 
          22250          464886 
          22350          456957 
          22450          449599 
          22550          437560 
          22650          432177 
          22750          427360 
          22850          419082 
          22950          410924 
          23050          407657 
          23150          400375 
          23250          395071 
          23350          388315 
          23450          382537 
          23550          376667 
          23650          371211 
          23750          362061 
          23850          357872 
          23950          352887 
          24050          346656 
          24150          340225 
          24250          336624 
          24350          329697 
          24450          326073 
          24550          319209 
          24650          316215 
          24750          310289 
          24850          306149 
          24950          298296 
          25050          298290 
          25150          294434 
          25250          285034 
          25350          285691 
          25450          281170 
          25550          276025 
          25650          264194 
          25750          269396 
          25850          264406 
          25950          262977 
          26050          256581 
          26150          243417 
          26250          231687 
          26350          245390 
          26450          243823 
          26550          240825 
          26650          235112 
          26750          221058 
          26850          230384 
          26950          229357 
          27050          225944 
          27150          223082 
          27250          220093 
          27350          216935 
          27450          213468 
          27550          198380 
          27650          202758 
          27750          204768 
          27850          202523 
          27950          200435 
          28050          197586 
          28150          194911 
          28250          192103 
          28350          189934 
          28450          186614 
          28550          184375 
          28650          179313 
          28750          167189 
          28850          176012 
          28950          174654 
          29050          172963 
          29150          170164 
          29250          167651 
          29350          166244 
          29450          163957 
          29550          162150 
          29650          160038 
          29750          157862 
          29850          156045 
          29950          153610 
          30050          151513 
          30150          149764 
          30250          147507 
          30350          138083 
          30450          140054 
          30550          142061 
          30650          140582 
          30750          139084 
          30850          136608 
          30950          135483 
          31050          133858 
          31150          131326 
          31250          130541 
          31350          128717 
          31450          127526 
          31550          126011 
          31650          124577 
          31750          122900 
          31850          121699 
          31950          120296 
          32100          118027 
          32300          115454 
          32500          112628 
          32700          109916 
          32900          102736 
          33100          103483 
          33300          101961 
          33500           99895 
          33700         97342.8 
          33900         95191.2 
          34100         93015.2 
          34300         91235.6 
          34500         89626.9 
          34700         87423.5 
          34900         85663.5 
          35100         83821.6 
          35300         81934.2 
          35500         80248.4 
          35700         78399.9 
          35900         76795.1 
          36100         75166.1 
          36300         73771.1 
          36500         71723.5 
          36700         70476.8 
          36900           68456 
          37100         67421.6 
          37300         64994.6 
          37500           62452 
          37700         63482.3 
          37900         62305.2 
          38100         60614.7 
          38300         59703.4 
          38500         58850.9 
          38700         57552.4 
          38900         56187.9 
          39100           54582 
          39300         54362.1 
          39500         53173.1 
          39700         52373.4 
          39900         51021.4 
          40100         49614.1 
          40300         48573.1 
          40500         46764.7 
          40700         47368.4 
          40900         46554.9 
          41100         45882.1 
          41300         45047.9 
          41500         43962.9 
          41700         42064.6 
          41900         42419.4 
          42100         41613.4 
          42300         41126.1 
          42500         40331.2 
          42700         39642.2 
          42900         38935.7 
          43100         38214.2 
          43300         37444.1 
          43500           36774 
          43700         35027.7 
          43900         35256.6 
          44100         34776.8 
          44300         34267.7 
          44500         33678.8 
          44700         33149.9 
          44900         32556.3 
          45100         32012.6 
          45300         31455.2 
          45500         30937.2 
          45700         30365.8 
          45900         29863.9 
          46100         29403.3 
          46300         28868.6 
          46500         27326.3 
          46700         26923.4 
          46900         27396.5 
          47100         27033.6 
          47300         26633.7 
          47500         26159.4 
          47700         25731.9 
          47900         25366.4 
          48100           24941 
          48300         24558.8 
          48500         24151.7 
          48700         23780.6 
          48900         23411.6 
          49100         23016.5 
          49300         22670.5 
          49500         22304.7 
          49700         21954.7 
          49900         21656.6 
          50100         21312.9 
          50300         20954.6 
          50500         20672.3 
          50700         20352.7 
          50900         19979.3 
          51100         19635.7 
          51300         18732.8 
          51500         19093.2 
          51700         18796.4 
          51900         18590.2 
          52100         18293.7 
          52300         18027.4 
          52500           17755 
          52700         17449.6 
          52900         17265.4 
          53100           17014 
          53300         16764.5 
          53500         16522.3 
          53700         16160.3 
          53900         15971.9 
          54100         15823.1 
          54300         15571.4 
          54500         15369.8 
          54700         15120.3 
          54900         14930.4 
          55100         14696.9 
          55300         14383.8 
          55500         14303.5 
          55700         14113.6 
          55900         13846.4 
          56100         13728.7 
          56300         13529.1 
          56500         13362.7 
          56700         13171.3 
          56900           12966 
          57100           12635 
          57300         12626.1 
          57500         12475.8 
          57700         12301.2 
          57900         12128.7 
          58100           11975 
          58300         11817.6 
          58500         11673.1 
          58700           11503 
          58900         11275.1 
          59100           10801 
          59300           11010 
          59500         10647.7 
          59700         10694.9 
          59900         10622.5 
          60100           10480 
          60300           10366 
          60500         10232.3 
          60700         10087.9 
          60900         9956.67 
          61100         9810.96 
          61300         9715.47 
          61500          9597.6 
          61700         9471.15 
          61900         9341.72 
          62100         9240.03 
          62300         9090.33 
          62500         9002.16 
          62700         8866.05 
          62900         8548.66 
          63100         8609.61 
          63300         8564.69 
          63500         8460.84 
          63700         8360.08 
          63900         8255.79 
          64200         8111.36 
          64600         7905.78 
          65000         7713.28 
          65400         7542.32 
          65800         7361.37 
          66200         7183.02 
          66600         7022.42 
          67000         6854.39 
          67400         6682.64 
          67800         6432.73 
          68200         6391.68 
          68600         6248.27 
          69000         6102.61 
          69400         5958.31 
          69800         5835.62 
          70200         5702.04 
          70600         5578.81 
          71000         5456.49 
          71400         5339.28 
          71800         5220.91 
          72200         5102.16 
          72600         4989.27 
          73000         4896.49 
          73400         4788.66 
          73800         4691.31 
          74200         4583.52 
          74600         4399.59 
          75000         4260.02 
          75400         4298.04 
          75800         4220.54 
          76200         4135.92 
          76600         4051.62 
          77000         3965.67 
          77400         3889.51 
          77800         3792.41 
          78200          3736.9 
          78600         3662.92 
          79000         3590.13 
          79400         3518.97 
          79800         3449.41 
          80200         3379.18 
          80600         3313.77 
          81000          3253.1 
          81400            3166 
          81800         3120.25 
          82200         3069.89 
          82600         3011.07 
          83000          2953.9 
          83400         2893.19 
          83800         2840.31 
          84200         2789.85 
          84600          2739.9 
          85000         2690.08 
          85400         2639.17 
          85800         2591.74 
          86200         2542.95 
          86600         2470.94 
          87000         2452.35 
          87400         2385.07 
          87800          2343.4 
          88200         2321.62 
          88600         2281.65 
          89000         2241.49 
          89400         2203.33 
          89800         2162.17 
          90200         2125.48 
          90600         2091.43 
          91000         2052.88 
          91400         2017.77 
          91800         1985.03 
          92200         1951.49 
          92600         1917.53 
          93000         1886.17 
          93400         1853.34 
          93800         1798.09 
          94200         1787.95 
          94600         1762.63 
          95000          1732.2 
          95400         1702.68 
          95800         1677.21 
          96200         1648.35 
          96600         1623.18 
          97000         1596.81 
          97400         1568.94 
          97800         1544.24 
          98200         1519.62 
          98600         1494.06 
          99000         1473.05 
          99400         1448.79 
          99800         1425.85 
         100200         1403.46 
         200000         89.7445 
         400000         5.57089 
         600000         1.08959 
         800000          0.3418 
         1.0e+6        0.138975 
         1.2e+6       0.0665974 
         1.4e+6       0.0357509 
         1.6e+6        0.020854 
