# Kurucz ODFNEW /NOVER (2003)
# teff = 5500 K (value for the effective temperature for the model. Temperatures are given in K)
# logg = 4 log(cm/s2) (value for Log(G) for the model.)
# meta = -0.5  (value for the Metallicity for the model.)
# lh = 1.25  (l/Hp where l is the  mixing length of the convective element and Hp is the pressure scale height)
# vtur = 2 km/s (Microturbulence velocity)
# alpha = 0.4  (Alpha)
#
# column 1: WAVELENGTH (ANGSTROM), Wavelength in Angstrom
# column 2: FLUX (ERG/CM2/S/A), Flux in erg/cm2/s/A
          147.2    7.35678e-105 
            151    6.21593e-102 
          155.2     7.23194e-99 
          158.8     2.26748e-96 
            162     3.01941e-94 
            166     1.04339e-91 
          170.3     4.09449e-89 
          173.4     2.51654e-87 
          176.8     1.94606e-85 
          180.2     1.27363e-83 
          181.7     7.65819e-83 
          186.1     1.24745e-80 
            191     2.73462e-78 
          193.9     5.81629e-77 
          198.4     5.58224e-75 
          201.8      1.5327e-73 
            205     3.13046e-72 
          210.5     4.47337e-70 
          216.2      5.8357e-68 
          219.8     1.10792e-66 
            223     1.39506e-65 
          226.8     2.57194e-64 
            230     2.77598e-63 
            234     4.93375e-62 
            240      3.0761e-60 
          246.5     2.14665e-58 
          252.4     8.34111e-57 
          256.8     1.14253e-55 
            260     7.24034e-55 
            264     6.82422e-54 
          268.5     7.83222e-53 
          273.5     1.06982e-51 
          278.5     1.32886e-50 
            284     1.90952e-49 
            290     3.10356e-48 
            296     4.48295e-47 
            301     3.82118e-46 
            308     6.80157e-45 
            318     3.31212e-43 
            328     1.26272e-41 
            338     3.84861e-40 
            348     9.57626e-39 
            357     1.47131e-37 
            366     1.96937e-36 
            375     2.31374e-35 
            385     3.10635e-34 
            395     3.63389e-33 
            405     3.74605e-32 
            414     2.76663e-31 
            422     1.51757e-30 
            430      7.7909e-30 
            441     6.67467e-29 
            451     4.27402e-28 
            460     2.11456e-27 
            470     1.15915e-26 
            480      5.8949e-26 
            490     2.79684e-25 
            500     1.24153e-24 
            506     3.92406e-24 
            512     1.02206e-23 
            520     3.03696e-23 
            530     1.13535e-22 
            540     3.97129e-22 
            550     1.33879e-21 
            560      4.2859e-21 
            570     1.31362e-20 
            580     3.82194e-20 
            590     1.09253e-19 
            600     2.97721e-19 
            610     7.83346e-19 
            620     1.99253e-18 
            630     4.90973e-18 
            640     1.17434e-17 
            650     2.72868e-17 
            658     5.25081e-17 
            665     9.17491e-17 
            675     1.99475e-16 
            685     4.23364e-16 
            695     8.77196e-16 
            705     1.77266e-15 
            716     3.76894e-15 
            726     7.30693e-15 
            735     1.30392e-14 
            745      2.4373e-14 
            755     4.47482e-14 
            765     8.07887e-14 
            775     1.43309e-13 
            785     2.50421e-13 
            795     4.27684e-13 
            805     7.27792e-13 
            815     1.21851e-12 
            825     2.00839e-12 
            835     3.26671e-12 
            845     5.24596e-12 
            855     8.32229e-12 
            865     1.30461e-11 
            875      2.0192e-11 
            885     3.09945e-11 
            895     4.70149e-11 
            905     7.05783e-11 
            915      2.40133e-7 
            925      9.48577e-7 
            935      1.30675e-6 
            945      2.01433e-6 
            955      3.07084e-6 
            965      4.53503e-6 
            975      6.04075e-6 
            985      8.90467e-6 
            995      1.25101e-5 
           1005      1.83548e-5 
           1015       2.4643e-5 
           1025      3.05088e-5 
           1035      4.85003e-5 
           1045      6.77545e-5 
           1055      8.74785e-5 
           1065      0.00011956 
           1075      0.00016099 
           1085     0.000216666 
           1095     0.000275356 
           1105     0.000490602 
           1115       0.0008252 
           1125       0.0010898 
           1135      0.00151759 
           1145      0.00195735 
           1155      0.00236827 
           1165      0.00309661 
           1175      0.00389411 
           1185      0.00454632 
           1195      0.00426214 
           1205      0.00457438 
           1215      0.00291589 
           1225      0.00654659 
           1235       0.0109897 
           1245       0.0147518 
           1255        0.017706 
           1265       0.0208992 
           1275       0.0255614 
           1285       0.0305449 
           1295       0.0374388 
           1305        0.041652 
           1315       0.0526111 
           1325       0.0603561 
           1335       0.0725229 
           1345       0.0847557 
           1355        0.102581 
           1365        0.117581 
           1375        0.138407 
           1385        0.160885 
           1395        0.188116 
           1405        0.226054 
           1415        0.263775 
           1425         0.30387 
           1435        0.358705 
           1442        0.418515 
           1447        0.430094 
           1455         0.49412 
           1465        0.583975 
           1475        0.643321 
           1485        0.751264 
           1495         0.91953 
           1505         1.07847 
           1512         1.08503 
           1517         1.26243 
           1525         1.60633 
           1535         6.61628 
           1545         8.35882 
           1555         13.4608 
           1565         13.4263 
           1575         22.8031 
           1585         27.9088 
           1595         31.9654 
           1605         36.4456 
           1615         41.5869 
           1625           46.07 
           1635         54.9122 
           1645         76.6942 
           1655         55.3577 
           1665         88.2783 
           1672         68.5154 
           1677         111.483 
           1685         212.791 
           1695          358.29 
           1705           483.2 
           1715         464.324 
           1725         596.665 
           1735          711.74 
           1745         963.714 
           1755         1301.54 
           1765         1211.37 
           1775         1330.61 
           1785         1811.15 
           1795         2029.67 
           1805         2157.33 
           1815         2060.32 
           1825         2503.93 
           1835         2889.22 
           1845         2038.68 
           1855          3033.3 
           1865         3915.11 
           1875         4219.91 
           1885         4643.77 
           1895          5832.6 
           1905         5512.42 
           1915         6484.14 
           1925         6707.09 
           1935          5079.3 
           1945         8670.79 
           1955         9050.02 
           1967         11776.8 
           1976         10501.3 
           1984           10969 
           1995         12943.1 
           2005         14314.7 
           2015         16412.8 
           2025         12558.8 
           2035         19134.7 
           2045         22479.3 
           2055         22199.5 
           2065         23123.8 
           2074         23266.9 
           2078         32849.3 
           2085         33684.6 
           2095         55891.1 
           2105         92154.1 
           2115          110672 
           2125         73841.3 
           2135         92136.3 
           2145          131425 
           2155          127790 
           2165          114155 
           2175          117965 
           2185          154835 
           2195          159863 
           2205          143586 
           2215         87190.5 
           2225          137995 
           2235          203560 
           2245          198387 
           2255          146164 
           2265          122443 
           2275          146110 
           2285          208855 
           2295          160068 
           2305          190959 
           2315          178614 
           2325          176063 
           2335          144584 
           2345         90095.4 
           2355          177061 
           2365          104420 
           2375          139388 
           2385         80912.8 
           2395          106851 
           2405          112478 
           2415          121857 
           2425          214719 
           2435          216054 
           2445          278412 
           2455          292988 
           2465          249937 
           2475          225215 
           2485          107372 
           2495          154219 
           2505          212943 
           2513         96992.6 
           2518         65995.6 
           2525         69813.7 
           2535          105581 
           2545          160486 
           2555          452605 
           2565          396769 
           2575          609756 
           2585          557661 
           2595          488851 
           2605          388830 
           2615          349865 
           2625          526007 
           2635      1.03596e+6 
           2645      1.36017e+6 
           2655      1.88808e+6 
           2665      1.22234e+6 
           2675      1.32936e+6 
           2685      1.58515e+6 
           2695      1.08916e+6 
           2705      1.38273e+6 
           2715          962519 
           2725          741372 
           2735          916362 
           2745          503971 
           2755          700843 
           2765          877465 
           2775          747429 
           2785          327754 
           2795          129198 
           2805          163964 
           2815          542734 
           2825          973377 
           2835          874323 
           2845          421276 
           2855          195334 
           2865          704696 
           2875      1.31041e+6 
           2885       1.1856e+6 
           2895      1.69067e+6 
           2910      2.29879e+6 
           2930      2.12186e+6 
           2950      2.07583e+6 
           2970      2.13548e+6 
           2990      2.15083e+6 
           3010      2.22122e+6 
           3030      2.38933e+6 
           3050      2.51916e+6 
           3070      2.40142e+6 
           3090      2.22891e+6 
           3110      2.56307e+6 
           3130      2.37045e+6 
           3150      2.29303e+6 
           3170      2.56984e+6 
           3190      2.32422e+6 
           3210      2.56001e+6 
           3230      2.12918e+6 
           3250      3.00599e+6 
           3270      3.54819e+6 
           3290      3.51423e+6 
           3310      3.34697e+6 
           3330      3.33325e+6 
           3350      3.21616e+6 
           3370      2.55407e+6 
           3390      2.99565e+6 
           3410      3.18516e+6 
           3430      3.42502e+6 
           3450      3.46582e+6 
           3470      3.58273e+6 
           3490      3.84954e+6 
           3510      4.05317e+6 
           3530      3.75281e+6 
           3550      4.39998e+6 
           3570      3.40877e+6 
           3590        3.363e+6 
           3610       3.7453e+6 
           3630      3.74931e+6 
           3640       3.8183e+6 
           3650      4.26427e+6 
           3670       4.3754e+6 
           3690      4.19446e+6 
           3710      4.45125e+6 
           3730      3.46974e+6 
           3750      3.88423e+6 
           3770      4.61234e+6 
           3790      4.76049e+6 
           3810      4.82561e+6 
           3830      2.98838e+6 
           3850      4.23355e+6 
           3870      4.14538e+6 
           3890      4.32569e+6 
           3910      4.54965e+6 
           3930      2.16107e+6 
           3950      3.83212e+6 
           3970      2.56979e+6 
           3990      5.45852e+6 
           4010      6.02318e+6 
           4030      6.03244e+6 
           4050      5.89561e+6 
           4070      5.76344e+6 
           4090      6.39702e+6 
           4110      6.16252e+6 
           4130      6.28387e+6 
           4150      6.29038e+6 
           4170      6.33656e+6 
           4190      6.13244e+6 
           4210      6.14233e+6 
           4230      5.73867e+6 
           4250      5.94946e+6 
           4270       5.6517e+6 
           4290      5.09802e+6 
           4310      4.32701e+6 
           4330      6.11563e+6 
           4350      5.90423e+6 
           4370      6.40248e+6 
           4390      5.89839e+6 
           4410      6.28105e+6 
           4430      6.59169e+6 
           4450      6.45305e+6 
           4470      6.80609e+6 
           4490      6.89714e+6 
           4510      7.39471e+6 
           4530      6.77606e+6 
           4550      6.99977e+6 
           4570      7.34576e+6 
           4590      7.05676e+6 
           4610      7.23072e+6 
           4630      7.16153e+6 
           4650      7.16696e+6 
           4670      7.38365e+6 
           4690       7.2809e+6 
           4710      7.05549e+6 
           4730      7.28103e+6 
           4750      7.33122e+6 
           4770      7.31259e+6 
           4790      7.29368e+6 
           4810      7.28477e+6 
           4830      7.34843e+6 
           4850      7.03538e+6 
           4870      6.39602e+6 
           4890      7.07468e+6 
           4910      7.05013e+6 
           4930      6.92391e+6 
           4950      7.12561e+6 
           4970      7.18993e+6 
           4990      6.78065e+6 
           5010      6.51004e+6 
           5030      6.83643e+6 
           5050      6.82715e+6 
           5070      7.03983e+6 
           5090      6.84503e+6 
           5110      6.91562e+6 
           5130      6.79037e+6 
           5150      6.56516e+6 
           5170      5.87217e+6 
           5190      5.94533e+6 
           5210      6.56498e+6 
           5230      6.70562e+6 
           5250      6.87318e+6 
           5270      6.21003e+6 
           5290      6.82712e+6 
           5310      7.02965e+6 
           5330      6.46499e+6 
           5350      6.83937e+6 
           5370      6.83555e+6 
           5390      6.74355e+6 
           5410      6.57395e+6 
           5430      6.69171e+6 
           5450      6.81823e+6 
           5470      6.73358e+6 
           5490      6.68074e+6 
           5510      6.66645e+6 
           5530      6.74102e+6 
           5550      6.82241e+6 
           5570      6.63422e+6 
           5590      6.50353e+6 
           5610      6.64302e+6 
           5630      6.71607e+6 
           5650      6.67462e+6 
           5670      6.52016e+6 
           5690      6.60903e+6 
           5710      6.46946e+6 
           5730      6.77227e+6 
           5750      6.59705e+6 
           5770      6.64577e+6 
           5790      6.51431e+6 
           5810      6.60257e+6 
           5830      6.65743e+6 
           5850      6.53042e+6 
           5870      6.52185e+6 
           5890      6.19975e+6 
           5910      6.47162e+6 
           5930      6.44979e+6 
           5950      6.44077e+6 
           5970      6.44948e+6 
           5990      6.40239e+6 
           6010      6.32084e+6 
           6030      6.31452e+6 
           6050      6.40108e+6 
           6070      6.34966e+6 
           6090      6.24952e+6 
           6110      6.19666e+6 
           6130          6.0e+6 
           6150       6.0705e+6 
           6170      5.88712e+6 
           6190      6.14244e+6 
           6210      6.14387e+6 
           6230      6.01227e+6 
           6250      5.86391e+6 
           6270      6.04505e+6 
           6290      6.06123e+6 
           6310      5.90923e+6 
           6330      5.90956e+6 
           6350      5.91901e+6 
           6370      5.90697e+6 
           6390      5.92855e+6 
           6410      5.80625e+6 
           6430         5.85e+6 
           6450      5.75918e+6 
           6470      5.74532e+6 
           6490      5.68492e+6 
           6510      5.78045e+6 
           6530      5.78564e+6 
           6550      5.65298e+6 
           6570      5.18721e+6 
           6590      5.67227e+6 
           6610      5.71318e+6 
           6630      5.68245e+6 
           6650      5.65957e+6 
           6670      5.59875e+6 
           6690      5.64781e+6 
           6710      5.55805e+6 
           6730      5.59286e+6 
           6750      5.52809e+6 
           6770      5.51858e+6 
           6790      5.49723e+6 
           6810      5.45897e+6 
           6830      5.47857e+6 
           6850       5.3881e+6 
           6870       5.4057e+6 
           6890       5.4023e+6 
           6910      5.37084e+6 
           6930      5.34867e+6 
           6950      5.32136e+6 
           6970      5.31444e+6 
           6990      5.29086e+6 
           7010       5.1704e+6 
           7030      5.22754e+6 
           7050      5.22369e+6 
           7070       5.1822e+6 
           7090      5.16574e+6 
           7110      5.16564e+6 
           7130      5.09624e+6 
           7150      5.05877e+6 
           7170      5.04635e+6 
           7190      4.94128e+6 
           7210      4.97819e+6 
           7230      4.98881e+6 
           7250      4.98247e+6 
           7270      4.97327e+6 
           7290      4.87555e+6 
           7310      4.92745e+6 
           7330      4.88833e+6 
           7350      4.89321e+6 
           7370      4.89207e+6 
           7390      4.80548e+6 
           7410      4.72811e+6 
           7430      4.76684e+6 
           7450       4.7685e+6 
           7470      4.79013e+6 
           7490       4.7445e+6 
           7510      4.73543e+6 
           7530      4.72625e+6 
           7550      4.71863e+6 
           7570      4.67374e+6 
           7590      4.65751e+6 
           7610      4.63014e+6 
           7630      4.63786e+6 
           7650      4.60347e+6 
           7670      4.50566e+6 
           7690       4.5617e+6 
           7710      4.52748e+6 
           7730       4.5148e+6 
           7750      4.46267e+6 
           7770      4.49832e+6 
           7790       4.4909e+6 
           7810      4.46268e+6 
           7830      4.42663e+6 
           7850      4.41316e+6 
           7870      4.42932e+6 
           7890      4.40314e+6 
           7910      4.35934e+6 
           7930      4.28065e+6 
           7950       4.2828e+6 
           7970      4.32325e+6 
           7990      4.31196e+6 
           8010      4.26703e+6 
           8030       4.2486e+6 
           8050      4.21066e+6 
           8070      4.22904e+6 
           8090      4.17672e+6 
           8110      4.19034e+6 
           8130      4.19432e+6 
           8150      4.16599e+6 
           8170      4.14573e+6 
           8190      4.05873e+6 
           8210      4.04138e+6 
           8230      4.04006e+6 
           8250       4.0547e+6 
           8270       4.0691e+6 
           8290      4.04127e+6 
           8310      3.97279e+6 
           8330      3.95987e+6 
           8350      3.96211e+6 
           8370      3.96455e+6 
           8390      3.88819e+6 
           8410      3.93262e+6 
           8430      3.85662e+6 
           8450      3.88007e+6 
           8470      3.85279e+6 
           8490       3.7894e+6 
           8510      3.62694e+6 
           8530      3.72401e+6 
           8550      3.20446e+6 
           8570      3.80336e+6 
           8590      3.75228e+6 
           8610      3.73659e+6 
           8630        3.754e+6 
           8650      3.69064e+6 
           8670      3.20964e+6 
           8690      3.62955e+6 
           8710      3.67622e+6 
           8730      3.64916e+6 
           8750      3.58767e+6 
           8770      3.65298e+6 
           8790      3.62438e+6 
           8810      3.54208e+6 
           8830      3.59012e+6 
           8850      3.57756e+6 
           8870      3.49288e+6 
           8890      3.56656e+6 
           8910      3.55716e+6 
           8930      3.50548e+6 
           8950      3.50512e+6 
           8970      3.50252e+6 
           8990      3.49488e+6 
           9010      3.35543e+6 
           9030      3.44158e+6 
           9050      3.47013e+6 
           9070      3.42608e+6 
           9090      3.35599e+6 
           9110      3.37241e+6 
           9130      3.39978e+6 
           9150      3.38137e+6 
           9170      3.36525e+6 
           9190      3.36418e+6 
           9210      3.29425e+6 
           9230      3.22024e+6 
           9250      3.24085e+6 
           9270      3.28129e+6 
           9290      3.28149e+6 
           9310      3.28019e+6 
           9330      3.25982e+6 
           9350      3.24486e+6 
           9370      3.22514e+6 
           9390      3.21949e+6 
           9410      3.11588e+6 
           9430      3.16885e+6 
           9450      3.14453e+6 
           9470      3.17259e+6 
           9490      3.16564e+6 
           9510      3.14121e+6 
           9530      3.12174e+6 
           9550      3.02524e+6 
           9570      3.09269e+6 
           9590      3.09857e+6 
           9610      3.06651e+6 
           9630      3.05363e+6 
           9650      3.02318e+6 
           9670      3.01593e+6 
           9690      3.02379e+6 
           9710      3.01199e+6 
           9730      3.00117e+6 
           9750      2.97203e+6 
           9770      2.97187e+6 
           9790      2.94523e+6 
           9810      2.96424e+6 
           9830      2.94167e+6 
           9850      2.94091e+6 
           9870      2.91814e+6 
           9890      2.90292e+6 
           9910      2.88677e+6 
           9930       2.8975e+6 
           9950      2.88655e+6 
           9970      2.87646e+6 
           9990      2.85876e+6 
          10025      2.83145e+6 
          10075      2.78141e+6 
          10125      2.78388e+6 
          10175      2.73745e+6 
          10225       2.7244e+6 
          10275      2.70666e+6 
          10325      2.66209e+6 
          10375      2.63909e+6 
          10425      2.62676e+6 
          10475      2.58279e+6 
          10525      2.57691e+6 
          10575      2.53859e+6 
          10625      2.51091e+6 
          10675      2.46298e+6 
          10725      2.46166e+6 
          10775      2.42618e+6 
          10825      2.37742e+6 
          10875      2.36988e+6 
          10925      2.33861e+6 
          10975      2.31369e+6 
          11025      2.32117e+6 
          11075      2.31614e+6 
          11125      2.28618e+6 
          11175       2.2629e+6 
          11225      2.25274e+6 
          11275      2.21091e+6 
          11325      2.20297e+6 
          11375      2.18137e+6 
          11425      2.15092e+6 
          11475       2.1564e+6 
          11525        2.136e+6 
          11575      2.10889e+6 
          11625      2.07571e+6 
          11675      2.06836e+6 
          11725      2.06605e+6 
          11775      2.02849e+6 
          11825      1.99817e+6 
          11875      1.98709e+6 
          11925      1.99775e+6 
          11975      1.92704e+6 
          12025      1.93796e+6 
          12075      1.91683e+6 
          12125      1.91245e+6 
          12175      1.91238e+6 
          12225       1.8969e+6 
          12275       1.8708e+6 
          12325      1.86394e+6 
          12375      1.84391e+6 
          12425      1.82463e+6 
          12475      1.81885e+6 
          12525      1.80023e+6 
          12575      1.78663e+6 
          12625      1.77168e+6 
          12675      1.75428e+6 
          12725      1.74483e+6 
          12775      1.73092e+6 
          12825      1.64695e+6 
          12875      1.69897e+6 
          12925      1.68295e+6 
          12975      1.67853e+6 
          13025      1.65878e+6 
          13075      1.65198e+6 
          13125      1.62507e+6 
          13175      1.61176e+6 
          13225      1.61407e+6 
          13275      1.58838e+6 
          13325      1.58232e+6 
          13375      1.57199e+6 
          13425      1.56429e+6 
          13475      1.55256e+6 
          13525      1.54188e+6 
          13575      1.52182e+6 
          13625      1.51231e+6 
          13675      1.50063e+6 
          13725      1.49245e+6 
          13775      1.48082e+6 
          13825      1.47179e+6 
          13875      1.46237e+6 
          13925      1.45139e+6 
          13975       1.4383e+6 
          14025      1.42371e+6 
          14075      1.41906e+6 
          14125      1.40051e+6 
          14175      1.40053e+6 
          14225      1.37558e+6 
          14275      1.35539e+6 
          14325      1.36684e+6 
          14375      1.36267e+6 
          14425       1.3288e+6 
          14475      1.34178e+6 
          14525      1.31996e+6 
          14570      1.31698e+6 
          14620      1.30827e+6 
          14675      1.30147e+6 
          14725      1.28172e+6 
          14775      1.27698e+6 
          14825      1.27136e+6 
          14875      1.23414e+6 
          14925       1.2617e+6 
          14975      1.24713e+6 
          15025      1.20306e+6 
          15075       1.2097e+6 
          15125      1.22205e+6 
          15175      1.21907e+6 
          15225      1.19758e+6 
          15275      1.19864e+6 
          15325      1.18788e+6 
          15375      1.17803e+6 
          15425      1.17085e+6 
          15475      1.16592e+6 
          15525      1.15204e+6 
          15575      1.14146e+6 
          15625      1.14409e+6 
          15675       1.1227e+6 
          15725       1.1141e+6 
          15775      1.08282e+6 
          15825      1.09682e+6 
          15875      1.05645e+6 
          15925      1.08024e+6 
          15975      1.07325e+6 
          16050      1.06238e+6 
          16150      1.03382e+6 
          16250      1.03389e+6 
          16350      1.00674e+6 
          16450          978499 
          16550          980767 
          16650          959848 
          16750          929865 
          16850          898174 
          16950          907041 
          17050          882592 
          17150          862044 
          17250          843329 
          17350          799170 
          17450          807122 
          17550          799369 
          17650          782005 
          17750          766678 
          17850          754754 
          17950          740334 
          18050          723100 
          18150          687296 
          18250          689342 
          18350          681290 
          18450          664031 
          18550          655051 
          18650          639716 
          18750          600731 
          18850          616555 
          18950          596038 
          19050          595922 
          19150          583088 
          19250          573833 
          19350          559184 
          19450          528981 
          19550          540734 
          19650          531957 
          19750          518480 
          19850          512552 
          19950          502410 
          20050          496286 
          20150          489276 
          20250          477666 
          20350          465769 
          20450          463540 
          20550          454089 
          20650          443712 
          20750          438159 
          20850          430040 
          20950          420580 
          21050          417027 
          21150          409269 
          21250          401939 
          21350          395340 
          21450          389558 
          21550          382471 
          21650          362839 
          21750          366590 
          21850          361498 
          21950          358235 
          22050          349290 
          22150          346458 
          22250          339950 
          22350          334599 
          22450          329405 
          22550          322786 
          22650          317504 
          22750          313881 
          22850          306962 
          22950          300352 
          23050          298142 
          23150          293315 
          23250          284915 
          23350          282480 
          23450          279802 
          23550          270869 
          23650          270186 
          23750          264797 
          23850          257541 
          23950          257391 
          24050          253796 
          24150          246544 
          24250          245060 
          24350          241628 
          24450          237355 
          24550          231844 
          24650          231783 
          24750          226679 
          24850          221356 
          24950          221038 
          25050          218028 
          25150          214034 
          25250          211745 
          25350          208923 
          25450          204627 
          25550          202157 
          25650          198900 
          25750          197756 
          25850          192457 
          25950          191687 
          26050          189269 
          26150          185742 
          26250          178397 
          26350          180480 
          26450          177793 
          26550          175297 
          26650          172345 
          26750          170864 
          26850          169630 
          26950          167175 
          27050          164989 
          27150          162565 
          27250          160506 
          27350          158242 
          27450          156411 
          27550          152974 
          27650          151683 
          27750          149916 
          27850          147963 
          27950          146216 
          28050          144256 
          28150          142415 
          28250          140531 
          28350          138866 
          28450          136621 
          28550          135088 
          28650          133146 
          28750          130143 
          28850          129840 
          28950          128306 
          29050          126549 
          29150          125066 
          29250          122826 
          29350          121780 
          29450          120047 
          29550          118800 
          29650          117216 
          29750          115748 
          29850          114407 
          29950          112746 
          30050          111283 
          30150          110152 
          30250          108684 
          30350          106153 
          30450          105551 
          30550          104744 
          30650          103247 
          30750          102310 
          30850          100733 
          30950         99560.3 
          31050         98595.7 
          31150         96577.6 
          31250         96168.8 
          31350           94920 
          31450         93951.7 
          31550         92429.8 
          31650         91632.3 
          31750         90416.9 
          31850           89397 
          31950           88495 
          32100         86803.4 
          32300         84792.9 
          32500         82882.3 
          32700         80994.2 
          32900         78421.9 
          33100         77167.6 
          33300           75316 
          33500         73831.9 
          33700         72168.7 
          33900         70339.5 
          34100         68823.5 
          34300         67578.1 
          34500         66072.1 
          34700         64661.8 
          34900         63276.4 
          35100         61878.5 
          35300         60453.8 
          35500         59296.2 
          35700         57915.4 
          35900         56710.7 
          36100         55682.2 
          36300         54478.5 
          36500         53145.1 
          36700         52033.2 
          36900         50886.9 
          37100         49926.4 
          37300           48905 
          37500         47524.8 
          37700         47045.8 
          37900         46125.7 
          38100         45162.6 
          38300         44340.3 
          38500           43497 
          38700         42605.9 
          38900         41693.4 
          39100         41011.7 
          39300         40195.3 
          39500         39306.4 
          39700         38679.5 
          39900         37781.6 
          40100         37096.4 
          40300         36487.8 
          40500         35526.6 
          40700         35066.9 
          40900         34454.5 
          41100           33839 
          41300         33255.8 
          41500         32564.2 
          41700         32001.3 
          41900         31441.1 
          42100         30705.3 
          42300         30360.9 
          42500         29771.3 
          42700         29267.8 
          42900         28346.7 
          43100         27607.6 
          43300         27296.9 
          43500         26391.5 
          43700         25848.6 
          43900         25574.5 
          44100         24614.7 
          44300         24421.8 
          44500         24071.5 
          44700         23268.3 
          44900         23151.2 
          45100         22735.2 
          45300         22074.1 
          45500         21889.5 
          45700           21610 
          45900           20975 
          46100         20816.5 
          46300         20459.5 
          46500         20078.3 
          46700         19839.3 
          46900         19572.9 
          47100         19242.3 
          47300         19056.3 
          47500         18707.5 
          47700         18395.3 
          47900         18136.9 
          48100         17779.6 
          48300           17644 
          48500         17325.8 
          48700         17036.1 
          48900         16799.3 
          49100           16544 
          49300         16298.4 
          49500         16031.7 
          49700         15800.7 
          49900         15597.1 
          50100         15307.8 
          50300           15152 
          50500         14856.5 
          50700         14663.3 
          50900         14485.6 
          51100         14227.6 
          51300         14019.9 
          51500         13833.1 
          51700         13694.5 
          51900           13439 
          52100           13232 
          52300         13041.4 
          52500         12892.9 
          52700         12736.1 
          52900         12487.7 
          53100         12343.2 
          53300         12161.4 
          53500         12006.2 
          53700         11825.9 
          53900         11680.5 
          54100         11520.1 
          54300         11318.4 
          54500         11205.8 
          54700         11033.4 
          54900         10876.7 
          55100         10750.8 
          55300         10631.9 
          55500         10437.6 
          55700         10349.7 
          55900         10158.8 
          56100         10045.6 
          56300         9898.49 
          56500         9801.75 
          56700         9671.09 
          56900         9510.25 
          57100         9415.55 
          57300         9291.76 
          57500         9167.41 
          57700         9043.55 
          57900         8938.59 
          58100         8810.42 
          58300         8701.19 
          58500          8599.2 
          58700         8474.22 
          58900         8354.66 
          59100         8253.34 
          59300         8159.94 
          59500         8037.92 
          59700         7959.11 
          59900         7858.69 
          60100         7755.26 
          60300         7664.02 
          60500         7563.41 
          60700         7464.98 
          60900         7367.37 
          61100         7264.12 
          61300         7192.74 
          61500         7107.98 
          61700         7020.12 
          61900         6935.79 
          62100         6851.14 
          62300         6747.72 
          62500         6672.39 
          62700         6597.31 
          62900         6517.33 
          63100         6426.88 
          63300         6367.63 
          63500         6286.28 
          63700          6211.5 
          63900         6133.37 
          64200         6028.65 
          64600         5879.39 
          65000         5739.22 
          65400          5611.8 
          65800         5482.17 
          66200         5351.74 
          66600         5230.65 
          67000          5108.3 
          67400         4988.72 
          67800         4877.74 
          68200         4768.53 
          68600         4661.61 
          69000         4556.68 
          69400         4453.15 
          69800         4357.72 
          70200         4256.37 
          70600         4167.84 
          71000         4077.44 
          71400         3988.43 
          71800         3902.31 
          72200         3818.22 
          72600         3736.37 
          73000         3658.78 
          73400         3579.29 
          73800         3506.01 
          74200         3431.09 
          74600         3352.63 
          75000         3286.62 
          75400         3222.75 
          75800         3157.81 
          76200         3093.15 
          76600         3030.88 
          77000         2967.83 
          77400          2910.2 
          77800         2852.28 
          78200         2795.64 
          78600         2740.36 
          79000          2686.3 
          79400         2633.61 
          79800         2582.31 
          80200         2531.25 
          80600         2481.83 
          81000         2435.68 
          81400         2386.67 
          81800         2342.61 
          82200         2299.35 
          82600         2255.71 
          83000         2213.67 
          83400         2170.72 
          83800         2131.43 
          84200         2092.52 
          84600         2053.99 
          85000          2016.4 
          85400         1979.58 
          85800         1943.66 
          86200         1908.07 
          86600         1874.31 
          87000         1840.69 
          87400         1807.41 
          87800         1775.39 
          88200         1743.44 
          88600         1712.76 
          89000         1682.56 
          89400         1653.82 
          89800         1624.03 
          90200         1596.55 
          90600         1569.96 
          91000         1542.17 
          91400         1515.58 
          91800         1490.56 
          92200         1465.47 
          92600         1440.53 
          93000         1416.75 
          93400         1392.51 
          93800         1369.31 
          94200         1347.09 
          94600         1324.32 
          95000         1303.05 
          95400         1281.42 
          95800         1260.23 
          96200         1239.96 
          96600         1219.54 
          97000         1200.58 
          97400         1180.33 
          97800         1161.09 
          98200         1143.72 
          98600         1125.62 
          99000          1107.7 
          99400         1089.69 
          99800         1073.41 
         100200         1056.68 
         200000          68.674 
         400000         4.32674 
         600000        0.852267 
         800000        0.268449 
         1.0e+6        0.109432 
         1.2e+6       0.0525302 
         1.4e+6       0.0282316 
         1.6e+6       0.0164819 
