# Kurucz ODFNEW /NOVER (2003)
# teff = 11250 K (value for the effective temperature for the model. Temperatures are given in K)
# logg = 5 log(cm/s2) (value for Log(G) for the model.)
# meta = -4  (value for the Metallicity for the model.)
# lh = 1.25  (l/Hp where l is the  mixing length of the convective element and Hp is the pressure scale height)
# vtur = 2 km/s (Microturbulence velocity)
# alpha = 0.4  (Alpha)
#
# column 1: WAVELENGTH (ANGSTROM), Wavelength in Angstrom
# column 2: FLUX (ERG/CM2/S/A), Flux in erg/cm2/s/A
          147.2     1.73866e-35 
            151     1.65225e-35 
          155.2     1.56403e-35 
          158.8     1.49392e-35 
            162     1.43549e-35 
            166     1.36714e-35 
          170.3     1.29897e-35 
          173.4     1.25294e-35 
          176.8     1.20522e-35 
          180.2     1.16017e-35 
          181.7     1.14109e-35 
          186.1     1.08777e-35 
            191     1.03267e-35 
          193.9     1.00201e-35 
          198.4     9.57076e-36 
          201.8     9.25097e-36 
            205     8.96441e-36 
          210.5      1.6074e-23 
          216.2     2.60441e-22 
          219.8     9.50322e-22 
            223     2.87056e-21 
          226.8     1.02344e-20 
            230     2.88892e-20 
            234     1.01021e-19 
            240       6.097e-19 
          246.5     3.86214e-18 
          252.4      1.8953e-17 
          256.8     5.90976e-17 
            260     1.31794e-16 
            264     3.49173e-16 
          268.5     1.00542e-15 
          273.5     3.11921e-15 
          278.5     9.30528e-15 
            284     2.95163e-14 
            290     9.86171e-14 
            296     3.12177e-13 
            301     7.89086e-13 
            308     2.73703e-12 
            318      1.4642e-11 
            328     7.04337e-11 
            338     3.07071e-10 
            348       1.2278e-9 
            357      3.97897e-9 
            366      1.21819e-8 
            375      3.52043e-8 
            385      1.07845e-7 
            395       3.1109e-7 
            405      8.50796e-7 
            414       2.0174e-6 
            422       4.2049e-6 
            430      8.52439e-6 
            441      2.15909e-5 
            451      4.82152e-5 
            460      9.63865e-5 
            470     0.000201684 
            480     0.000408598 
            490     0.000804814 
            500      0.00153902 
            506      0.00623841 
            512       0.0116742 
            520       0.0185314 
            530        0.032873 
            540       0.0552369 
            550       0.0935896 
            560        0.153178 
            570        0.246028 
            580        0.380761 
            590        0.601858 
            600        0.918948 
            610         1.38158 
            620         2.04731 
            630         2.99267 
            640         4.31924 
            650         6.15723 
            658         8.10706 
            665         10.2526 
            675         14.2084 
            685         19.4842 
            695         26.4524 
            705         35.5737 
            716         48.7681 
            726         64.3807 
            735         82.0858 
            745         106.715 
            755         137.685 
            765         176.357 
            775          224.31 
            785         283.385 
            795         355.721 
            805         443.779 
            815         550.372 
            825         678.708 
            835         832.374 
            845         1015.45 
            855         1232.45 
            865         1488.44 
            875         1789.06 
            885         2140.63 
            895         2550.06 
            905         3024.74 
            915         7900.64 
            925         22698.6 
            935           33444 
            945         58520.1 
            955         99772.7 
            965          142212 
            975         85564.4 
            985          763729 
            995      8.26615e+6 
           1005      5.03984e+6 
           1015          426745 
           1025          130866 
           1035          410658 
           1045      7.51441e+6 
           1055      7.23825e+7 
           1065      1.91606e+8 
           1075      2.95522e+8 
           1085      3.57425e+8 
           1095      4.00506e+8 
           1105      4.13437e+8 
           1115      4.17388e+8 
           1125      4.00833e+8 
           1135      3.87162e+8 
           1145      3.50717e+8 
           1155      2.94261e+8 
           1165      2.17426e+8 
           1175      1.19999e+8 
           1185      4.13182e+7 
           1195       3.6034e+6 
           1205      1.13546e+6 
           1215          555693 
           1225      1.17031e+6 
           1235      2.98918e+6 
           1245      2.17464e+7 
           1255      8.66368e+7 
           1265      1.67256e+8 
           1275      2.39253e+8 
           1285      2.88954e+8 
           1295      3.16318e+8 
           1305       3.2892e+8 
           1315      3.50886e+8 
           1325      3.60974e+8 
           1335      3.64464e+8 
           1345      3.76724e+8 
           1355      3.76252e+8 
           1365      3.74278e+8 
           1375      3.61361e+8 
           1385      3.43161e+8 
           1395      3.31057e+8 
           1405      3.60274e+8 
           1415      3.83724e+8 
           1425        3.873e+8 
           1435      3.85268e+8 
           1442      3.83657e+8 
           1447      3.81838e+8 
           1455      3.79145e+8 
           1465      3.75303e+8 
           1475      3.71946e+8 
           1485      3.68166e+8 
           1495       3.6437e+8 
           1505      3.61008e+8 
           1512      3.58513e+8 
           1517      3.56514e+8 
           1525      3.52913e+8 
           1535      3.48777e+8 
           1545       3.4625e+8 
           1555      3.42231e+8 
           1565      3.35857e+8 
           1575      3.34582e+8 
           1585      3.30973e+8 
           1595      3.27828e+8 
           1605      3.24268e+8 
           1615      3.21565e+8 
           1625      3.18589e+8 
           1635      3.15958e+8 
           1645      3.13521e+8 
           1655      3.07006e+8 
           1665      3.08004e+8 
           1672      3.01118e+8 
           1677      3.04282e+8 
           1685      3.02116e+8 
           1695      2.99126e+8 
           1705      2.96119e+8 
           1715      2.93816e+8 
           1725      2.90812e+8 
           1735       2.8837e+8 
           1745      2.85359e+8 
           1755      2.82863e+8 
           1765      2.80005e+8 
           1775        2.776e+8 
           1785      2.74794e+8 
           1795      2.72454e+8 
           1805      2.69721e+8 
           1815      2.67272e+8 
           1825      2.64905e+8 
           1835      2.62529e+8 
           1845      2.60123e+8 
           1855      2.57808e+8 
           1865      2.55505e+8 
           1875      2.53355e+8 
           1885      2.51151e+8 
           1895       2.4899e+8 
           1905       2.4684e+8 
           1915       2.4471e+8 
           1925      2.42622e+8 
           1935      2.40402e+8 
           1945      2.38534e+8 
           1955      2.36534e+8 
           1967      2.34173e+8 
           1976       2.3242e+8 
           1984      2.30894e+8 
           1995      2.28829e+8 
           2005      2.26955e+8 
           2015      2.25079e+8 
           2025      2.23284e+8 
           2035      2.21522e+8 
           2045      2.19749e+8 
           2055      2.17811e+8 
           2065      2.16255e+8 
           2074      2.14776e+8 
           2078      2.14116e+8 
           2085      2.12949e+8 
           2095      2.11316e+8 
           2105      2.09695e+8 
           2115      2.08088e+8 
           2125      2.06509e+8 
           2135      2.04959e+8 
           2145       2.0343e+8 
           2155      2.01903e+8 
           2165      2.00331e+8 
           2175      1.98892e+8 
           2185       1.9747e+8 
           2195      1.96058e+8 
           2205      1.94601e+8 
           2215      1.93124e+8 
           2225      1.91758e+8 
           2235      1.90475e+8 
           2245      1.89119e+8 
           2255      1.87749e+8 
           2265      1.86432e+8 
           2275      1.85176e+8 
           2285      1.83905e+8 
           2295      1.82606e+8 
           2305      1.81394e+8 
           2315      1.80153e+8 
           2325      1.78941e+8 
           2335       1.7735e+8 
           2345      1.75532e+8 
           2355      1.75267e+8 
           2365      1.73573e+8 
           2375      1.72829e+8 
           2385      1.70826e+8 
           2395      1.70112e+8 
           2405      1.69143e+8 
           2415      1.68075e+8 
           2425      1.67511e+8 
           2435      1.66418e+8 
           2445      1.65337e+8 
           2455      1.64355e+8 
           2465      1.63272e+8 
           2475      1.62282e+8 
           2485      1.61259e+8 
           2495      1.60156e+8 
           2505        1.593e+8 
           2513      1.58479e+8 
           2518      1.58022e+8 
           2525      1.57283e+8 
           2535      1.56238e+8 
           2545       1.5542e+8 
           2555      1.54558e+8 
           2565      1.53492e+8 
           2575      1.52695e+8 
           2585      1.51735e+8 
           2595      1.50758e+8 
           2605      1.49487e+8 
           2615      1.48759e+8 
           2625      1.48125e+8 
           2635      1.47263e+8 
           2645      1.46701e+8 
           2655      1.45865e+8 
           2665      1.45017e+8 
           2675      1.44208e+8 
           2685      1.43408e+8 
           2695      1.42594e+8 
           2705        1.418e+8 
           2715      1.40982e+8 
           2725      1.40187e+8 
           2735      1.39426e+8 
           2745      1.38232e+8 
           2755      1.37568e+8 
           2765      1.37122e+8 
           2775      1.36419e+8 
           2785      1.35674e+8 
           2795      1.33142e+8 
           2805      1.32966e+8 
           2815      1.33501e+8 
           2825      1.32784e+8 
           2835      1.32065e+8 
           2845      1.31366e+8 
           2855      1.30656e+8 
           2865      1.29979e+8 
           2875        1.293e+8 
           2885      1.28618e+8 
           2895      1.27951e+8 
           2910      1.26951e+8 
           2930       1.2561e+8 
           2950      1.24328e+8 
           2970      1.23069e+8 
           2990      1.21812e+8 
           3010      1.20581e+8 
           3030      1.19368e+8 
           3050      1.18168e+8 
           3070      1.16989e+8 
           3090      1.15827e+8 
           3110      1.14681e+8 
           3130      1.13551e+8 
           3150       1.1244e+8 
           3170      1.11348e+8 
           3190      1.10263e+8 
           3210      1.09204e+8 
           3230      1.08152e+8 
           3250      1.07125e+8 
           3270      1.06104e+8 
           3290      1.05096e+8 
           3310      1.04102e+8 
           3330       1.0312e+8 
           3350      1.02151e+8 
           3370      1.01194e+8 
           3390      1.00249e+8 
           3410      9.93134e+7 
           3430      9.83924e+7 
           3450      9.74796e+7 
           3470      9.65813e+7 
           3490       9.5691e+7 
           3510      9.48115e+7 
           3530      9.39458e+7 
           3550      9.30875e+7 
           3570      9.22396e+7 
           3590      9.14018e+7 
           3610      9.05768e+7 
           3630      8.97559e+7 
           3640      8.93487e+7 
           3650      9.01493e+7 
           3670      8.96672e+7 
           3690      8.82137e+7 
           3710      8.59651e+7 
           3730       8.1512e+7 
           3750      9.07767e+7 
           3770      9.40651e+7 
           3790      1.12307e+8 
           3810      1.32527e+8 
           3830      1.07483e+8 
           3850      1.48841e+8 
           3870      1.72127e+8 
           3890      9.12564e+7 
           3910      1.72154e+8 
           3930      1.94518e+8 
           3950      1.70503e+8 
           3970      8.79551e+7 
           3990      1.59745e+8 
           4010      1.88834e+8 
           4030      1.90157e+8 
           4050      1.87557e+8 
           4070      1.75926e+8 
           4090      1.24556e+8 
           4110      9.51274e+7 
           4130      1.62434e+8 
           4150      1.74213e+8 
           4170      1.75042e+8 
           4190      1.73592e+8 
           4210      1.71468e+8 
           4230      1.69044e+8 
           4250      1.66347e+8 
           4270      1.63129e+8 
           4290      1.58347e+8 
           4310      1.46771e+8 
           4330      1.01283e+8 
           4350      8.65567e+7 
           4370      1.37746e+8 
           4390      1.47086e+8 
           4410      1.48062e+8 
           4430      1.47009e+8 
           4450       1.4546e+8 
           4470      1.43047e+8 
           4490      1.41992e+8 
           4510      1.40286e+8 
           4530      1.38413e+8 
           4550      1.36572e+8 
           4570      1.34761e+8 
           4590      1.32979e+8 
           4610      1.31229e+8 
           4630      1.29507e+8 
           4650      1.27814e+8 
           4670      1.26148e+8 
           4690      1.24437e+8 
           4710      1.22532e+8 
           4730      1.20898e+8 
           4750      1.19143e+8 
           4770      1.17243e+8 
           4790      1.14956e+8 
           4810      1.11486e+8 
           4830      1.03416e+8 
           4850      7.60474e+7 
           4870      6.26085e+7 
           4890      9.59276e+7 
           4910      1.03819e+8 
           4930      1.04858e+8 
           4950      1.04543e+8 
           4970      1.03635e+8 
           4990      1.02555e+8 
           5010      1.01346e+8 
           5030      1.00385e+8 
           5050      9.91573e+7 
           5070      9.79735e+7 
           5090      9.67863e+7 
           5110      9.56175e+7 
           5130      9.44669e+7 
           5150      9.33326e+7 
           5170      9.22158e+7 
           5190      9.11163e+7 
           5210      9.00336e+7 
           5230      8.89662e+7 
           5250      8.79151e+7 
           5270      8.68788e+7 
           5290      8.58596e+7 
           5310      8.48547e+7 
           5330       8.3865e+7 
           5350      8.28903e+7 
           5370      8.19292e+7 
           5390      8.09838e+7 
           5410      8.00515e+7 
           5430       7.9132e+7 
           5450      7.82276e+7 
           5470      7.73355e+7 
           5490      7.64556e+7 
           5510      7.55888e+7 
           5530      7.47339e+7 
           5550      7.38917e+7 
           5570      7.30609e+7 
           5590      7.22424e+7 
           5610      7.14362e+7 
           5630      7.06407e+7 
           5650      6.98559e+7 
           5670      6.90827e+7 
           5690       6.8321e+7 
           5710      6.75694e+7 
           5730      6.68289e+7 
           5750      6.60981e+7 
           5770      6.53782e+7 
           5790      6.46677e+7 
           5810      6.39666e+7 
           5830      6.32757e+7 
           5850      6.25939e+7 
           5870      6.17997e+7 
           5890       6.1258e+7 
           5910      6.06036e+7 
           5930      5.99576e+7 
           5950      5.93201e+7 
           5970      5.86918e+7 
           5990      5.80716e+7 
           6010      5.74594e+7 
           6030      5.68561e+7 
           6050      5.62606e+7 
           6070      5.56737e+7 
           6090      5.50943e+7 
           6110      5.45223e+7 
           6130      5.39586e+7 
           6150       5.3401e+7 
           6170      5.28525e+7 
           6190        5.231e+7 
           6210      5.17743e+7 
           6230      5.12463e+7 
           6250       5.0725e+7 
           6270      5.02103e+7 
           6290       4.9702e+7 
           6310      4.92001e+7 
           6330      4.87045e+7 
           6350       4.8215e+7 
           6370      4.77326e+7 
           6390      4.72562e+7 
           6410      4.66922e+7 
           6430       4.6179e+7 
           6450      4.56558e+7 
           6470      4.50869e+7 
           6490      4.44051e+7 
           6510      4.34038e+7 
           6530      4.12759e+7 
           6550      3.46905e+7 
           6570      2.87647e+7 
           6590      3.82792e+7 
           6610      4.08528e+7 
           6630      4.13043e+7 
           6650      4.12173e+7 
           6670       4.0951e+7 
           6690      4.06324e+7 
           6710      4.02943e+7 
           6730       4.0002e+7 
           6750      3.96214e+7 
           6770      3.92446e+7 
           6790      3.88724e+7 
           6810      3.85055e+7 
           6830      3.81422e+7 
           6850      3.77833e+7 
           6870      3.74288e+7 
           6890      3.70777e+7 
           6910      3.67316e+7 
           6930      3.63897e+7 
           6950      3.60511e+7 
           6970      3.57173e+7 
           6990      3.53867e+7 
           7010      3.50601e+7 
           7030      3.47382e+7 
           7050      3.44194e+7 
           7070      3.40983e+7 
           7090      3.37923e+7 
           7110      3.34847e+7 
           7130        3.318e+7 
           7150      3.28789e+7 
           7170      3.25822e+7 
           7190      3.22882e+7 
           7210       3.1997e+7 
           7230        3.171e+7 
           7250      3.14263e+7 
           7270      3.11453e+7 
           7290      3.08669e+7 
           7310      3.05932e+7 
           7330      3.03213e+7 
           7350      3.00533e+7 
           7370      2.97877e+7 
           7390      2.95253e+7 
           7410      2.92653e+7 
           7430      2.90083e+7 
           7450      2.87544e+7 
           7470      2.85034e+7 
           7490      2.82547e+7 
           7510      2.80088e+7 
           7530      2.77659e+7 
           7550      2.75258e+7 
           7570      2.72885e+7 
           7590      2.70533e+7 
           7610      2.68209e+7 
           7630      2.65905e+7 
           7650      2.63635e+7 
           7670      2.61385e+7 
           7690      2.59154e+7 
           7710      2.56956e+7 
           7730      2.54777e+7 
           7750      2.52616e+7 
           7770      2.50482e+7 
           7790      2.48378e+7 
           7810      2.46292e+7 
           7830      2.44224e+7 
           7850       2.4218e+7 
           7870       2.4016e+7 
           7890      2.38158e+7 
           7910      2.36178e+7 
           7930      2.34221e+7 
           7950      2.32281e+7 
           7970      2.30364e+7 
           7990      2.28469e+7 
           8010      2.26589e+7 
           8030      2.24732e+7 
           8050       2.2289e+7 
           8070      2.21069e+7 
           8090      2.19269e+7 
           8110      2.17485e+7 
           8130       2.1572e+7 
           8150      2.13971e+7 
           8170      2.12242e+7 
           8190      2.10533e+7 
           8210       2.1005e+7 
           8230      2.08463e+7 
           8250      2.06922e+7 
           8270      2.05394e+7 
           8290      2.03878e+7 
           8310      2.02374e+7 
           8330      2.00877e+7 
           8350      1.99381e+7 
           8370      1.97886e+7 
           8390      1.96355e+7 
           8410       1.9482e+7 
           8430      1.93213e+7 
           8450       1.9165e+7 
           8470      1.89486e+7 
           8490      1.88344e+7 
           8510      1.85581e+7 
           8530      1.85546e+7 
           8550      1.79752e+7 
           8570      1.83843e+7 
           8590      1.76356e+7 
           8610      1.73846e+7 
           8630      1.81665e+7 
           8650      1.74371e+7 
           8670      1.58522e+7 
           8690      1.76152e+7 
           8710      1.80792e+7 
           8730      1.72134e+7 
           8750      1.44817e+7 
           8770      1.63333e+7 
           8790      1.78223e+7 
           8810      1.80666e+7 
           8830      1.74375e+7 
           8850      1.52481e+7 
           8870       1.3435e+7 
           8890      1.62619e+7 
           8910      1.74845e+7 
           8930      1.78173e+7 
           8950      1.77048e+7 
           8970      1.71657e+7 
           8990      1.58178e+7 
           9010      1.28319e+7 
           9030      1.36816e+7 
           9050      1.59224e+7 
           9070      1.67535e+7 
           9090      1.69908e+7 
           9110      1.69926e+7 
           9130      1.68811e+7 
           9150      1.66747e+7 
           9170      1.63126e+7 
           9190      1.55806e+7 
           9210      1.39537e+7 
           9230      1.12927e+7 
           9250      1.33925e+7 
           9270      1.49915e+7 
           9290      1.55639e+7 
           9310      1.57214e+7 
           9330      1.57246e+7 
           9350      1.56634e+7 
           9370      1.55722e+7 
           9390      1.54623e+7 
           9410       1.5338e+7 
           9430      1.51959e+7 
           9450      1.50249e+7 
           9470      1.47943e+7 
           9490      1.44216e+7 
           9510      1.36895e+7 
           9530      1.20953e+7 
           9550        1.009e+7 
           9570      1.22198e+7 
           9590      1.34306e+7 
           9610       1.3865e+7 
           9630      1.39858e+7 
           9650       1.3985e+7 
           9670      1.39361e+7 
           9690      1.38645e+7 
           9710      1.37811e+7 
           9730      1.36919e+7 
           9750      1.35993e+7 
           9770      1.35046e+7 
           9790       1.3409e+7 
           9810      1.33121e+7 
           9830      1.32143e+7 
           9850      1.31153e+7 
           9870      1.30146e+7 
           9890      1.29104e+7 
           9910      1.28008e+7 
           9930      1.26806e+7 
           9950      1.25398e+7 
           9970      1.23562e+7 
           9990      1.20731e+7 
          10025      1.05783e+7 
          10075      1.00817e+7 
          10125      1.16085e+7 
          10175      1.16351e+7 
          10225      1.14838e+7 
          10275      1.13163e+7 
          10325      1.11292e+7 
          10375      1.09399e+7 
          10425      1.07545e+7 
          10475      1.05727e+7 
          10525       1.0395e+7 
          10575      1.02211e+7 
          10625      1.00504e+7 
          10675      9.88308e+6 
          10725      9.69649e+6 
          10775      9.51553e+6 
          10825      9.29473e+6 
          10875      8.88645e+6 
          10925      7.34422e+6 
          10975      7.95866e+6 
          11025      8.60383e+6 
          11075      8.60065e+6 
          11125      8.49886e+6 
          11175      8.38526e+6 
          11225       8.2593e+6 
          11275      8.12872e+6 
          11325        8.001e+6 
          11375       7.8755e+6 
          11425      7.75274e+6 
          11475      7.63211e+6 
          11525      7.51385e+6 
          11575       7.3979e+6 
          11625      7.28422e+6 
          11675      7.17276e+6 
          11725      7.06349e+6 
          11775      6.95608e+6 
          11825      6.85077e+6 
          11875      6.74752e+6 
          11925      6.64628e+6 
          11975      6.54676e+6 
          12025      6.44918e+6 
          12075      6.35351e+6 
          12125      6.25971e+6 
          12175      6.16748e+6 
          12225       6.0768e+6 
          12275      5.98789e+6 
          12325      5.90072e+6 
          12375        5.815e+6 
          12425      5.73096e+6 
          12475      5.64832e+6 
          12525      5.56705e+6 
          12575      5.48022e+6 
          12625       5.3901e+6 
          12675      5.29419e+6 
          12725      5.15984e+6 
          12775      4.82821e+6 
          12825      4.15803e+6 
          12875      4.76009e+6 
          12925      4.89134e+6 
          12975      4.86893e+6 
          13025      4.81652e+6 
          13075      4.76169e+6 
          13125      4.69901e+6 
          13175      4.63455e+6 
          13225      4.57136e+6 
          13275      4.50898e+6 
          13325      4.44783e+6 
          13375      4.38769e+6 
          13425      4.32852e+6 
          13475      4.27052e+6 
          13525      4.21326e+6 
          13575      4.15713e+6 
          13625      4.10172e+6 
          13675       4.0474e+6 
          13725      3.99397e+6 
          13775       3.9414e+6 
          13825      3.88968e+6 
          13875      3.83881e+6 
          13925      3.78875e+6 
          13975       3.7395e+6 
          14025      3.69106e+6 
          14075      3.64339e+6 
          14125      3.59649e+6 
          14175      3.55054e+6 
          14225      3.50515e+6 
          14275      3.46048e+6 
          14325      3.41654e+6 
          14375      3.37331e+6 
          14425      3.33059e+6 
          14475      3.28874e+6 
          14525      3.24757e+6 
          14570      3.21103e+6 
          14620      3.17712e+6 
          14675      3.13481e+6 
          14725      3.09688e+6 
          14775      3.05939e+6 
          14825      3.02267e+6 
          14875      2.98638e+6 
          14925      2.95051e+6 
          14975      2.91538e+6 
          15025      2.88049e+6 
          15075      2.84616e+6 
          15125      2.81239e+6 
          15175      2.77867e+6 
          15225      2.74583e+6 
          15275      2.71238e+6 
          15325      2.67931e+6 
          15375      2.64789e+6 
          15425      2.61238e+6 
          15475       2.5842e+6 
          15525       2.5507e+6 
          15575      2.51214e+6 
          15625      2.49964e+6 
          15675      2.44938e+6 
          15725      2.41158e+6 
          15775      2.41736e+6 
          15825      2.38105e+6 
          15875      2.28744e+6 
          15925      2.30578e+6 
          15975      2.31898e+6 
          16050      2.24632e+6 
          16150      2.14969e+6 
          16250       2.1965e+6 
          16350      2.07966e+6 
          16450      1.97468e+6 
          16550      2.06628e+6 
          16650      2.02618e+6 
          16750      1.88564e+6 
          16850      1.78305e+6 
          16950       1.8932e+6 
          17050      1.86886e+6 
          17150      1.82676e+6 
          17250      1.75981e+6 
          17350      1.55461e+6 
          17450      1.65388e+6 
          17550      1.67325e+6 
          17650      1.64528e+6 
          17750      1.61435e+6 
          17850      1.57823e+6 
          17950       1.5414e+6 
          18050      1.49026e+6 
          18150      1.32281e+6 
          18250       1.3795e+6 
          18350      1.41217e+6 
          18450      1.39037e+6 
          18550      1.36031e+6 
          18650      1.31132e+6 
          18750      1.16267e+6 
          18850      1.25279e+6 
          18950      1.25513e+6 
          19050       1.2342e+6 
          19150      1.20994e+6 
          19250      1.18225e+6 
          19350      1.13334e+6 
          19450      1.00939e+6 
          19550      1.08987e+6 
          19650      1.09451e+6 
          19750      1.07863e+6 
          19850      1.06004e+6 
          19950      1.04016e+6 
          20050      1.02063e+6 
          20150      1.00162e+6 
          20250          983114 
          20350          964924 
          20450          947223 
          20550          929909 
          20650          912973 
          20750          896495 
          20850          880290 
          20950          864524 
          21050          849044 
          21150          833934 
          21250          819154 
          21350          803035 
          21450          785617 
          21550          757462 
          21650          680154 
          21750          723034 
          21850          731274 
          21950          722421 
          22050          712055 
          22150          699943 
          22250          688087 
          22350          676476 
          22450          665104 
          22550          653972 
          22650          643078 
          22750          632407 
          22850          622345 
          22950          612184 
          23050          602240 
          23150          592493 
          23250          582940 
          23350          573583 
          23450          564406 
          23550          555412 
          23650          546596 
          23750          537949 
          23850          529467 
          23950          521147 
          24050          512985 
          24150          504967 
          24250          497102 
          24350          489387 
          24450          481768 
          24550          474370 
          24650          466914 
          24750          459760 
          24850          452876 
          24950          445199 
          25050          439256 
          25150          432547 
          25250          424301 
          25350          419353 
          25450          413959 
          25550          406373 
          25650          397359 
          25750          394642 
          25850          390039 
          25950          383430 
          26050          372981 
          26150          358421 
          26250          332465 
          26350          351037 
          26450          355447 
          26550          351743 
          26650          343554 
          26750          329650 
          26850          333852 
          26950          333376 
          27050          329839 
          27150          325554 
          27250          320916 
          27350          315632 
          27450          307842 
          27550          290949 
          27650          292500 
          27750          296956 
          27850          295065 
          27950          291723 
          28050          288273 
          28150          284645 
          28250          280566 
          28350          276256 
          28450          271897 
          28550          266233 
          28650          255300 
          28750          242930 
          28850          252682 
          28950          253475 
          29050          251300 
          29150          248656 
          29250          245607 
          29350          242401 
          29450          239251 
          29550          236146 
          29650          233094 
          29750          230087 
          29850          227131 
          29950          224042 
          30050          220647 
          30150          216985 
          30250          211465 
          30350          198233 
          30450          198538 
          30550          204317 
          30650          203892 
          30750          202006 
          30850          200030 
          30950          197551 
          31050          195109 
          31150          192705 
          31250          190336 
          31350          188004 
          31450          185706 
          31550          183444 
          31650          181219 
          31750          179025 
          31850          176867 
          31950          174735 
          32100          171603 
          32300          167535 
          32500          163446 
          32700          158553 
          32900          146789 
          33100          148036 
          33300          148081 
          33500          145092 
          33700          141899 
          33900          138735 
          34100          135642 
          34300          132630 
          34500          129694 
          34700          126843 
          34900          124063 
          35100          121363 
          35300          118731 
          35500          116168 
          35700          113673 
          35900          111244 
          36100          108870 
          36300          106573 
          36500          104297 
          36700          102111 
          36900         99839.8 
          37100         97471.6 
          37300         92475.8 
          37500         89959.6 
          37700         91586.7 
          37900         90111.2 
          38100         88165.9 
          38300         86438.5 
          38500         84937.9 
          38700         83274.9 
          38900         81432.5 
          39100         79463.1 
          39300         78351.4 
          39500         76973.3 
          39700         75487.4 
          39900         73913.8 
          40100         71873.3 
          40300         70087.7 
          40500         66296.6 
          40700         67841.3 
          40900         67201.9 
          41100         66023.2 
          41300           64747 
          41500         63194.7 
          41700         60902.3 
          41900         60813.7 
          42100         60111.9 
          42300         59167.9 
          42500         58136.8 
          42700         57083.1 
          42900         56052.6 
          43100         55044.9 
          43300         53930.7 
          43500         52679.4 
          43700         50401.2 
          43900         50175.6 
          44100         50083.8 
          44300         49411.8 
          44500         48593.9 
          44700         47796.1 
          44900         46902.2 
          45100         46098.2 
          45300         45306.5 
          45500           44527 
          45700         43757.5 
          45900         42981.8 
          46100         42164.7 
          46300         41103.5 
          46500         38628.6 
          46700         38289.8 
          46900         38842.6 
          47100         38722.3 
          47300         38215.3 
          47500         37635.4 
          47700         37040.6 
          47900         36449.5 
          48100           35867 
          48300         35294.4 
          48500         34731.7 
          48700         34178.5 
          48900         33636.4 
          49100         33105.1 
          49300         32582.9 
          49500           32071 
          49700         31567.9 
          49900         31076.3 
          50100           30590 
          50300           30112 
          50500         29637.6 
          50700         29156.5 
          50900         28625.4 
          51100         27837.6 
          51300         26538.8 
          51500         27088.7 
          51700         26947.2 
          51900         26611.2 
          52100           26238 
          52300         25854.5 
          52500         25465.2 
          52700         25086.4 
          52900         24730.2 
          53100         24374.6 
          53300         24018.3 
          53500         23661.3 
          53700         23298.6 
          53900         22961.3 
          54100         22651.6 
          54300         22353.4 
          54500           22059 
          54700           21728 
          54900         21383.8 
          55100         21052.6 
          55300         20734.3 
          55500         20479.9 
          55700         20223.8 
          55900         19969.7 
          56100         19692.3 
          56300         19419.5 
          56500         19151.3 
          56700           18843 
          56900           18549 
          57100         18233.3 
          57300         18036.2 
          57500         17830.1 
          57700         17624.1 
          57900         17396.9 
          58100         17162.4 
          58300         16905.2 
          58500         16654.4 
          58700         16380.3 
          58900         15948.9 
          59100         15240.4 
          59300         15567.4 
          59500         15402.3 
          59700         15268.6 
          59900         15158.4 
          60100           14992 
          60300         14810.8 
          60500         14625.6 
          60700         14440.4 
          60900         14256.3 
          61100         14075.3 
          61300         13896.4 
          61500         13719.5 
          61700         13545.6 
          61900         13372.7 
          62100         13200.7 
          62300         13026.8 
          62500         12841.3 
          62700         12613.9 
          62900         12301.5 
          63100         12276.6 
          63300         12207.6 
          63500         12084.1 
          63700         11945.2 
          63900         11803.2 
          64200         11611.8 
          64600         11332.1 
          65000         11060.2 
          65400         10795.9 
          65800         10539.7 
          66200         10291.5 
          66600         10044.3 
          67000         9787.92 
          67400          9497.1 
          67800         9147.71 
          68200         9106.32 
          68600         8930.79 
          69000         8742.08 
          69400         8545.39 
          69800         8354.17 
          70200         8168.27 
          70600         7987.54 
          71000          7811.1 
          71400         7640.32 
          71800         7474.31 
          72200         7312.23 
          72600         7150.39 
          73000         6997.03 
          73400         6847.97 
          73800         6685.96 
          74200         6510.74 
          74600         6193.15 
          75000         6028.47 
          75400         6075.08 
          75800         6007.53 
          76200         5895.83 
          76600         5778.94 
          77000         5662.12 
          77400         5544.77 
          77800         5425.78 
          78200         5325.01 
          78600         5231.93 
          79000         5128.31 
          79400         5027.17 
          79800         4928.57 
          80200         4832.32 
          80600         4738.37 
          81000         4639.04 
          81400         4534.37 
          81800         4452.07 
          82200         4380.19 
          82600         4301.59 
          83000         4220.36 
          83400         4141.04 
          83800         4063.56 
          84200          3987.9 
          84600         3914.01 
          85000         3841.75 
          85400         3771.19 
          85800         3699.21 
          86200         3621.41 
          86600         3533.63 
          87000         3480.21 
          87400         3368.08 
          87800         3308.63 
          88200         3306.83 
          88600         3258.61 
          89000         3203.75 
          89400         3147.47 
          89800         3092.45 
          90200         3038.64 
          90600         2985.94 
          91000          2934.4 
          91400         2883.97 
          91800         2834.62 
          92200         2786.28 
          92600         2738.98 
          93000         2687.85 
          93400         2636.12 
          93800         2565.13 
          94200         2537.15 
          94600         2509.38 
          95000         2472.35 
          95400         2434.65 
          95800         2394.69 
          96200         2355.57 
          96600         2317.25 
          97000         2279.68 
          97400         2242.84 
          97800         2206.77 
          98200          2171.4 
          98600         2136.77 
          99000         2102.82 
          99400         2069.53 
          99800          2036.9 
         100200         2004.91 
         200000         128.625 
         400000         8.06225 
         600000         1.58948 
         800000        0.501668 
         1.0e+6        0.204994 
         1.2e+6       0.0986429 
         1.4e+6       0.0531438 
         1.6e+6       0.0311008 
