# Kurucz ODFNEW /NOVER (2003)
# teff = 35000 K (value for the effective temperature for the model. Temperatures are given in K)
# logg = 4.5 log(cm/s2) (value for Log(G) for the model.)
# meta = 0  (value for the Metallicity for the model.)
# lh = 1.25  (l/Hp where l is the  mixing length of the convective element and Hp is the pressure scale height)
# vtur = 2 km/s (Microturbulence velocity)
# alpha = 0.4  (Alpha)
#
# column 1: WAVELENGTH (ANGSTROM), Wavelength in Angstrom
# column 2: FLUX (ERG/CM2/S/A), Flux in erg/cm2/s/A
          147.2     0.000103966 
            151     0.000259965 
          155.2     0.000676366 
          158.8      0.00147653 
            162      0.00286753 
            166      0.00637402 
          170.3       0.0143459 
          173.4       0.0252756 
          176.8         0.04622 
          180.2       0.0819344 
          181.7         0.10592 
          186.1        0.213399 
            191        0.449202 
          193.9        0.684596 
          198.4         1.29473 
          201.8         2.04585 
            205           3.105 
          210.5         6.18824 
          216.2         12.0831 
          219.8         18.3865 
            223         26.2117 
          226.8         40.3453 
            230         22852.3 
            234         52387.5 
            240         76647.4 
          246.5          118626 
          252.4          193173 
          256.8          255419 
            260          403764 
            264          646315 
          268.5          979236 
          273.5      1.27142e+6 
          278.5      1.45194e+6 
            284      2.89754e+6 
            290      3.97962e+6 
            296      4.86993e+6 
            301      7.87381e+6 
            308      1.55034e+7 
            318      3.22927e+7 
            328      4.38766e+7 
            338      7.55774e+7 
            348      1.09901e+8 
            357      2.05981e+8 
            366        4.376e+8 
            375      4.86071e+8 
            385      6.64706e+8 
            395      1.24426e+9 
            405      1.52924e+9 
            414      1.86077e+9 
            422      1.96827e+9 
            430       2.0148e+9 
            441      2.33905e+9 
            451      2.53689e+9 
            460      2.44749e+9 
            470      2.73687e+9 
            480      3.09363e+9 
            490      2.93601e+9 
            500      3.64719e+9 
            506      4.48583e+9 
            512     2.49252e+10 
            520     2.29716e+10 
            530     2.05116e+10 
            540     1.92912e+10 
            550     1.99698e+10 
            560     2.63494e+10 
            570     2.88652e+10 
            580     2.68033e+10 
            590     2.78007e+10 
            600     2.00525e+10 
            610     2.47431e+10 
            620     3.05265e+10 
            630     2.93325e+10 
            640     2.99737e+10 
            650     2.84005e+10 
            658      2.1518e+10 
            665     2.71508e+10 
            675     3.11694e+10 
            685     2.44436e+10 
            695     3.09011e+10 
            705     2.28141e+10 
            716     3.24998e+10 
            726     3.17737e+10 
            735     3.18552e+10 
            745     2.86688e+10 
            755     2.87062e+10 
            765     2.92532e+10 
            775     3.02563e+10 
            785     2.95845e+10 
            795     3.04692e+10 
            805     2.87739e+10 
            815     2.86699e+10 
            825     3.01483e+10 
            835     2.37393e+10 
            845     2.87138e+10 
            855     2.81265e+10 
            865     2.89179e+10 
            875     2.87823e+10 
            885     2.87853e+10 
            895     2.87049e+10 
            905     2.77092e+10 
            915     2.66961e+10 
            925     6.05629e+10 
            935     8.98488e+10 
            945     1.14037e+11 
            955     1.26635e+11 
            965     1.42698e+11 
            975     7.50269e+10 
            985     1.19997e+11 
            995     1.06315e+11 
           1005     1.07809e+11 
           1015     1.13005e+11 
           1025     9.08848e+10 
           1035     1.10618e+11 
           1045     1.22365e+11 
           1055     1.17007e+11 
           1065     1.02431e+11 
           1075     1.05316e+11 
           1085     9.68365e+10 
           1095     1.02953e+11 
           1105     9.79446e+10 
           1115     9.60229e+10 
           1125     7.87943e+10 
           1135     9.16685e+10 
           1145     8.81748e+10 
           1155     8.21249e+10 
           1165     8.07544e+10 
           1175     5.89424e+10 
           1185     7.39522e+10 
           1195     7.07411e+10 
           1205     6.81318e+10 
           1215     5.41811e+10 
           1225     6.55613e+10 
           1235     6.90635e+10 
           1245     6.68113e+10 
           1255     6.64325e+10 
           1265     6.72132e+10 
           1275     6.84805e+10 
           1285     6.79595e+10 
           1295     6.38341e+10 
           1305      6.3156e+10 
           1315     6.54322e+10 
           1325     6.32101e+10 
           1335     6.14063e+10 
           1345     6.05091e+10 
           1355     5.91658e+10 
           1365     5.67978e+10 
           1375     5.51098e+10 
           1385     5.34842e+10 
           1395     4.29652e+10 
           1405     4.35772e+10 
           1415     5.10127e+10 
           1425     4.59431e+10 
           1435     4.84755e+10 
           1442     4.77143e+10 
           1447     4.74499e+10 
           1455      4.5239e+10 
           1465     4.44199e+10 
           1475     4.42681e+10 
           1485     4.42001e+10 
           1495     4.27596e+10 
           1505     4.18024e+10 
           1512     4.13898e+10 
           1517     4.12975e+10 
           1525     3.99177e+10 
           1535     3.55301e+10 
           1545     3.01522e+10 
           1555      3.0378e+10 
           1565     3.32996e+10 
           1575      3.4535e+10 
           1585     3.42055e+10 
           1595     3.42178e+10 
           1605     3.22177e+10 
           1615     3.08363e+10 
           1625      3.1284e+10 
           1635      3.1204e+10 
           1645     3.07437e+10 
           1655     3.11793e+10 
           1665     3.02854e+10 
           1672     2.83438e+10 
           1677     3.21696e+10 
           1685      3.0883e+10 
           1695     2.99204e+10 
           1705     2.93839e+10 
           1715     2.82506e+10 
           1725     2.71391e+10 
           1735     2.79585e+10 
           1745     2.76637e+10 
           1755     2.70656e+10 
           1765     2.65965e+10 
           1775     2.58194e+10 
           1785     2.59932e+10 
           1795     2.53022e+10 
           1805     2.51486e+10 
           1815     2.45841e+10 
           1825     2.40903e+10 
           1835     2.40231e+10 
           1845     2.30994e+10 
           1855     2.30886e+10 
           1865     2.29532e+10 
           1875     2.22826e+10 
           1885      2.1541e+10 
           1895      2.1308e+10 
           1905     2.15001e+10 
           1915     2.09115e+10 
           1925     1.97615e+10 
           1935     2.05539e+10 
           1945     2.05552e+10 
           1955     1.90916e+10 
           1967     1.95731e+10 
           1976     1.96876e+10 
           1984     1.91999e+10 
           1995     1.86783e+10 
           2005     1.88701e+10 
           2015     1.86879e+10 
           2025     1.84606e+10 
           2035     1.79403e+10 
           2045     1.76283e+10 
           2055     1.39656e+10 
           2065     1.33951e+10 
           2074      1.3766e+10 
           2078     1.37829e+10 
           2085      1.4551e+10 
           2095     1.55841e+10 
           2105     1.60273e+10 
           2115      1.6111e+10 
           2125     1.56736e+10 
           2135     1.56065e+10 
           2145     1.53589e+10 
           2155     1.53011e+10 
           2165     1.45508e+10 
           2175     1.49047e+10 
           2185     1.43559e+10 
           2195     1.46179e+10 
           2205     1.43841e+10 
           2215     1.37401e+10 
           2225     1.39319e+10 
           2235     1.37366e+10 
           2245     1.35009e+10 
           2255     1.29843e+10 
           2265     1.31321e+10 
           2275      1.2987e+10 
           2285     1.25944e+10 
           2295     1.17267e+10 
           2305     1.20201e+10 
           2315     1.20339e+10 
           2325     1.19829e+10 
           2335     1.18259e+10 
           2345     1.16485e+10 
           2355     1.14268e+10 
           2365     1.12381e+10 
           2375     1.10007e+10 
           2385     1.04868e+10 
           2395     1.05932e+10 
           2405      1.0586e+10 
           2415     1.04023e+10 
           2425     1.03346e+10 
           2435     1.01476e+10 
           2445     1.00326e+10 
           2455      9.86856e+9 
           2465      9.76261e+9 
           2475      9.62668e+9 
           2485      9.33645e+9 
           2495      7.07159e+9 
           2505      8.89678e+9 
           2513      8.57954e+9 
           2518      8.74633e+9 
           2525      8.96676e+9 
           2535      8.90084e+9 
           2545      8.71412e+9 
           2555      8.62065e+9 
           2565      8.50261e+9 
           2575      8.42419e+9 
           2585      8.32137e+9 
           2595       8.1382e+9 
           2605      8.11414e+9 
           2615      7.95249e+9 
           2625      7.89584e+9 
           2635      7.80618e+9 
           2645      7.67888e+9 
           2655      7.59869e+9 
           2665      7.44736e+9 
           2675      7.26332e+9 
           2685      7.27673e+9 
           2695      7.15228e+9 
           2705      7.10104e+9 
           2715      6.99312e+9 
           2725      6.89217e+9 
           2735      6.69632e+9 
           2745      6.76911e+9 
           2755      6.66794e+9 
           2765      6.56658e+9 
           2775      6.52863e+9 
           2785      6.40752e+9 
           2795      6.21081e+9 
           2805      6.24369e+9 
           2815      6.19941e+9 
           2825      6.10981e+9 
           2835      6.01616e+9 
           2845      5.99209e+9 
           2855      5.89935e+9 
           2865      5.80867e+9 
           2875      5.73962e+9 
           2885      5.68089e+9 
           2895       5.6035e+9 
           2910      5.46892e+9 
           2930      5.38617e+9 
           2950      5.23936e+9 
           2970      5.11907e+9 
           2990      4.96611e+9 
           3010      4.82383e+9 
           3030      4.69019e+9 
           3050      4.62929e+9 
           3070      4.54518e+9 
           3090      4.41394e+9 
           3110      4.35151e+9 
           3130      4.23263e+9 
           3150      4.15893e+9 
           3170      4.06013e+9 
           3190      3.97532e+9 
           3210      3.85171e+9 
           3230      3.79911e+9 
           3250      3.73395e+9 
           3270      3.61513e+9 
           3290      3.56052e+9 
           3310       3.4798e+9 
           3330      3.39695e+9 
           3350      3.31122e+9 
           3370      3.25144e+9 
           3390      3.20398e+9 
           3410      3.13394e+9 
           3430      3.08015e+9 
           3450      2.99352e+9 
           3470      2.94766e+9 
           3490      2.89012e+9 
           3510      2.83419e+9 
           3530       2.7817e+9 
           3550      2.72214e+9 
           3570      2.67212e+9 
           3590      2.61107e+9 
           3610      2.56088e+9 
           3630      2.50758e+9 
           3640      2.47048e+9 
           3650      2.33124e+9 
           3670       2.2934e+9 
           3690       2.2496e+9 
           3710      2.17981e+9 
           3730      2.15414e+9 
           3750      2.14786e+9 
           3770      2.10851e+9 
           3790      2.16534e+9 
           3810      2.20036e+9 
           3830      2.01461e+9 
           3850      2.18159e+9 
           3870      2.12428e+9 
           3890      1.89093e+9 
           3910      2.11465e+9 
           3930      2.05611e+9 
           3950      2.00108e+9 
           3970      1.73917e+9 
           3990      1.95877e+9 
           4010      1.92482e+9 
           4030      1.85146e+9 
           4050      1.86864e+9 
           4070      1.79396e+9 
           4090      1.69622e+9 
           4110      1.56915e+9 
           4130      1.71037e+9 
           4150      1.68926e+9 
           4170      1.67925e+9 
           4190      1.64251e+9 
           4210      1.60638e+9 
           4230      1.59517e+9 
           4250       1.5531e+9 
           4270      1.52182e+9 
           4290      1.49219e+9 
           4310      1.45532e+9 
           4330       1.3762e+9 
           4350      1.28708e+9 
           4370      1.39221e+9 
           4390       1.3604e+9 
           4410      1.34605e+9 
           4430      1.33479e+9 
           4450      1.31011e+9 
           4470       1.2663e+9 
           4490       1.2702e+9 
           4510      1.24407e+9 
           4530      1.23021e+9 
           4550      1.19795e+9 
           4570      1.19329e+9 
           4590      1.16956e+9 
           4610       1.1481e+9 
           4630      1.12302e+9 
           4650      1.07181e+9 
           4670      1.08993e+9 
           4690       1.0595e+9 
           4710      1.05049e+9 
           4730      1.05578e+9 
           4750      1.03758e+9 
           4770      1.02446e+9 
           4790      1.00837e+9 
           4810       9.9049e+8 
           4830      9.70806e+8 
           4850      9.24523e+8 
           4870      8.48419e+8 
           4890      9.25671e+8 
           4910      9.14145e+8 
           4930      8.90142e+8 
           4950      8.84563e+8 
           4970      8.77976e+8 
           4990       8.6478e+8 
           5010      8.39488e+8 
           5030      8.34791e+8 
           5050      8.22371e+8 
           5070      8.14445e+8 
           5090      8.01863e+8 
           5110      7.89957e+8 
           5130      7.78155e+8 
           5150       7.6691e+8 
           5170      7.54871e+8 
           5190      7.44855e+8 
           5210      7.34484e+8 
           5230      7.24194e+8 
           5250      7.12331e+8 
           5270      7.01468e+8 
           5290      6.93697e+8 
           5310      6.83591e+8 
           5330      6.74068e+8 
           5350      6.64747e+8 
           5370      6.55337e+8 
           5390       6.4571e+8 
           5410      6.29193e+8 
           5430      6.28387e+8 
           5450      6.19674e+8 
           5470      6.10958e+8 
           5490      6.02665e+8 
           5510      5.93992e+8 
           5530      5.86291e+8 
           5550      5.78551e+8 
           5570      5.70506e+8 
           5590       5.6115e+8 
           5610      5.55468e+8 
           5630      5.48034e+8 
           5650      5.40574e+8 
           5670        5.329e+8 
           5690      5.19572e+8 
           5710      5.03321e+8 
           5730      4.97163e+8 
           5750      4.90099e+8 
           5770      4.84715e+8 
           5790      4.78406e+8 
           5810       4.7148e+8 
           5830      4.65756e+8 
           5850      4.61619e+8 
           5870      4.48093e+8 
           5890      4.51071e+8 
           5910      4.46987e+8 
           5930      4.42606e+8 
           5950       4.3838e+8 
           5970      4.34718e+8 
           5990      4.30434e+8 
           6010       4.2626e+8 
           6030       4.2122e+8 
           6050      4.16618e+8 
           6070      4.11627e+8 
           6090      4.06622e+8 
           6110      4.01351e+8 
           6130      3.96451e+8 
           6150      3.91107e+8 
           6170       3.8626e+8 
           6190      3.82097e+8 
           6210      3.77559e+8 
           6230      3.72596e+8 
           6250      3.68074e+8 
           6270      3.63841e+8 
           6290      3.59456e+8 
           6310      3.54351e+8 
           6330      3.50912e+8 
           6350      3.46463e+8 
           6370       3.4261e+8 
           6390      3.38532e+8 
           6410      3.33864e+8 
           6430       3.3056e+8 
           6450      3.26485e+8 
           6470      3.22265e+8 
           6490       3.1852e+8 
           6510      3.14157e+8 
           6530      3.09452e+8 
           6550      3.01085e+8 
           6570       2.7404e+8 
           6590      2.98829e+8 
           6610      2.97118e+8 
           6630      2.93949e+8 
           6650      2.90411e+8 
           6670      2.84277e+8 
           6690      2.80526e+8 
           6710      2.79944e+8 
           6730      2.76769e+8 
           6750      2.74106e+8 
           6770      2.71338e+8 
           6790      2.68067e+8 
           6810      2.65333e+8 
           6830      2.62279e+8 
           6850      2.59393e+8 
           6870      2.56392e+8 
           6890      2.52184e+8 
           6910       2.5019e+8 
           6930      2.48199e+8 
           6950      2.45454e+8 
           6970      2.42768e+8 
           6990       2.4007e+8 
           7010      2.37177e+8 
           7030      2.34434e+8 
           7050      2.31954e+8 
           7070      2.26973e+8 
           7090      2.27343e+8 
           7110      2.24761e+8 
           7130      2.22398e+8 
           7150      2.20124e+8 
           7170      2.17036e+8 
           7190      2.15036e+8 
           7210      2.13164e+8 
           7230      2.10148e+8 
           7250      2.08431e+8 
           7270      2.06473e+8 
           7290      2.03145e+8 
           7310      2.02042e+8 
           7330      2.00029e+8 
           7350      1.97931e+8 
           7370      1.95859e+8 
           7390      1.93869e+8 
           7410      1.91815e+8 
           7430      1.89883e+8 
           7450        1.878e+8 
           7470      1.85668e+8 
           7490       1.8361e+8 
           7510      1.82132e+8 
           7530      1.80262e+8 
           7550      1.78516e+8 
           7570      1.76666e+8 
           7590      1.73807e+8 
           7610      1.72836e+8 
           7630      1.71297e+8 
           7650      1.69547e+8 
           7670      1.67978e+8 
           7690      1.65851e+8 
           7710      1.64491e+8 
           7730      1.62418e+8 
           7750      1.61348e+8 
           7770      1.59801e+8 
           7790      1.58231e+8 
           7810      1.56643e+8 
           7830      1.55131e+8 
           7850      1.53535e+8 
           7870      1.51873e+8 
           7890      1.50426e+8 
           7910      1.49185e+8 
           7930      1.47733e+8 
           7950       1.4637e+8 
           7970      1.44812e+8 
           7990      1.43504e+8 
           8010      1.42148e+8 
           8030      1.40711e+8 
           8050      1.39448e+8 
           8070      1.38116e+8 
           8090      1.36726e+8 
           8110      1.34987e+8 
           8130      1.34221e+8 
           8150      1.32832e+8 
           8170       1.3164e+8 
           8190      1.29925e+8 
           8210      1.27214e+8 
           8230      1.25612e+8 
           8250      1.24943e+8 
           8270      1.23392e+8 
           8290       1.2272e+8 
           8310       1.2171e+8 
           8330      1.20345e+8 
           8350      1.18985e+8 
           8370      1.18186e+8 
           8390      1.17329e+8 
           8410      1.16212e+8 
           8430      1.15216e+8 
           8450      1.13833e+8 
           8470       1.1318e+8 
           8490      1.12088e+8 
           8510      1.10808e+8 
           8530      1.10139e+8 
           8550      1.08954e+8 
           8570      1.08615e+8 
           8590      1.06456e+8 
           8610      1.06013e+8 
           8630       1.0625e+8 
           8650      1.04415e+8 
           8670      1.01664e+8 
           8690      1.03591e+8 
           8710      1.03285e+8 
           8730      1.01314e+8 
           8750      9.65116e+7 
           8770      9.89373e+7 
           8790       1.0016e+8 
           8810      9.96476e+7 
           8830      9.83994e+7 
           8850      9.44631e+7 
           8870      9.02644e+7 
           8890      9.53358e+7 
           8910      9.55252e+7 
           8930      9.48191e+7 
           8950      9.40195e+7 
           8970      9.31887e+7 
           8990      9.11664e+7 
           9010      8.43951e+7 
           9030      8.65951e+7 
           9050      8.95981e+7 
           9070      8.88005e+7 
           9090      8.85287e+7 
           9110      8.80995e+7 
           9130      8.73886e+7 
           9150       8.6683e+7 
           9170      8.56557e+7 
           9190      8.47123e+7 
           9210      8.18576e+7 
           9230      7.49896e+7 
           9250      8.04247e+7 
           9270      8.18229e+7 
           9290       8.1471e+7 
           9310      8.07258e+7 
           9330      8.01767e+7 
           9350      7.88386e+7 
           9370      7.88928e+7 
           9390      7.83093e+7 
           9410      7.75769e+7 
           9430      7.69897e+7 
           9450      7.63478e+7 
           9470      7.54922e+7 
           9490      7.49484e+7 
           9510      7.36213e+7 
           9530      7.11141e+7 
           9550      6.53021e+7 
           9570      7.09693e+7 
           9590      7.17918e+7 
           9610      7.13138e+7 
           9630       7.0628e+7 
           9650      7.04407e+7 
           9670      6.99079e+7 
           9690      6.93107e+7 
           9710      6.77428e+7 
           9730      6.80774e+7 
           9750      6.76875e+7 
           9770      6.70988e+7 
           9790      6.66088e+7 
           9810      6.60517e+7 
           9830      6.55453e+7 
           9850      6.50076e+7 
           9870       6.4524e+7 
           9890      6.39282e+7 
           9910      6.33406e+7 
           9930      6.30169e+7 
           9950      6.25279e+7 
           9970      6.20158e+7 
           9990      6.14468e+7 
          10025      5.87094e+7 
          10075      5.69108e+7 
          10125      5.76878e+7 
          10175      5.73078e+7 
          10225      5.61866e+7 
          10275      5.51379e+7 
          10325      5.39444e+7 
          10375      5.31107e+7 
          10425       5.2079e+7 
          10475      5.11573e+7 
          10525      5.02065e+7 
          10575      4.92916e+7 
          10625      4.83849e+7 
          10675      4.74599e+7 
          10725      4.66484e+7 
          10775      4.58043e+7 
          10825      4.46235e+7 
          10875      4.40644e+7 
          10925       4.0695e+7 
          10975      4.18638e+7 
          11025       4.1705e+7 
          11075      4.11204e+7 
          11125      4.04107e+7 
          11175      3.97211e+7 
          11225      3.90182e+7 
          11275      3.83529e+7 
          11325      3.76654e+7 
          11375      3.70351e+7 
          11425      3.64115e+7 
          11475      3.57945e+7 
          11525       3.5201e+7 
          11575      3.45994e+7 
          11625      3.38787e+7 
          11675      3.33653e+7 
          11725       3.2906e+7 
          11775      3.23608e+7 
          11825      3.18075e+7 
          11875      3.12971e+7 
          11925      3.07862e+7 
          11975      3.00305e+7 
          12025      2.98021e+7 
          12075      2.93104e+7 
          12125      2.88283e+7 
          12175      2.83836e+7 
          12225        2.793e+7 
          12275      2.74879e+7 
          12325      2.70471e+7 
          12375      2.66224e+7 
          12425      2.62084e+7 
          12475       2.5793e+7 
          12525      2.53473e+7 
          12575      2.49913e+7 
          12625      2.46094e+7 
          12675      2.42351e+7 
          12725      2.38589e+7 
          12775      2.31715e+7 
          12825      2.16779e+7 
          12875      2.26719e+7 
          12925      2.24445e+7 
          12975      2.20053e+7 
          13025       2.1761e+7 
          13075      2.14507e+7 
          13125      2.11317e+7 
          13175      2.08179e+7 
          13225      2.05102e+7 
          13275      2.02081e+7 
          13325      1.99093e+7 
          13375      1.96118e+7 
          13425      1.93199e+7 
          13475      1.90498e+7 
          13525      1.87671e+7 
          13575       1.8506e+7 
          13625       1.8227e+7 
          13675      1.79797e+7 
          13725       1.7708e+7 
          13775      1.74726e+7 
          13825      1.72255e+7 
          13875      1.69822e+7 
          13925      1.67347e+7 
          13975      1.65081e+7 
          14025      1.62688e+7 
          14075      1.60521e+7 
          14125      1.58272e+7 
          14175      1.56099e+7 
          14225      1.53959e+7 
          14275       1.5183e+7 
          14325      1.49764e+7 
          14375      1.47721e+7 
          14425      1.45722e+7 
          14475      1.43751e+7 
          14525      1.41808e+7 
          14570      1.40085e+7 
          14620      1.38226e+7 
          14675      1.36203e+7 
          14725       1.3438e+7 
          14775      1.32269e+7 
          14825      1.30862e+7 
          14875      1.29146e+7 
          14925      1.27454e+7 
          14975      1.25789e+7 
          15025      1.24129e+7 
          15075      1.22389e+7 
          15125       1.2095e+7 
          15175      1.19389e+7 
          15225      1.17852e+7 
          15275      1.16328e+7 
          15325      1.14829e+7 
          15375      1.13376e+7 
          15425      1.11877e+7 
          15475      1.10507e+7 
          15525      1.09087e+7 
          15575      1.07589e+7 
          15625       1.0645e+7 
          15675      1.04901e+7 
          15725       1.0347e+7 
          15775      1.02561e+7 
          15825      1.01231e+7 
          15875      9.92187e+6 
          15925       9.8561e+6 
          15975      9.76866e+6 
          16050      9.56307e+6 
          16150      9.27761e+6 
          16250      9.15464e+6 
          16350      8.87332e+6 
          16450      8.58618e+6 
          16550      8.52028e+6 
          16650      8.32203e+6 
          16750      8.04947e+6 
          16850       7.7727e+6 
          16950      7.75193e+6 
          17050      7.54321e+6 
          17150      7.40362e+6 
          17250      7.22751e+6 
          17350      6.85571e+6 
          17450      6.88463e+6 
          17550      6.75808e+6 
          17650      6.60795e+6 
          17750      6.46112e+6 
          17850      6.31834e+6 
          17950      6.18138e+6 
          18050      6.04277e+6 
          18150      5.72809e+6 
          18250      5.74614e+6 
          18350      5.66433e+6 
          18450      5.54355e+6 
          18550      5.42143e+6 
          18650      5.25784e+6 
          18750       5.0147e+6 
          18850      5.08727e+6 
          18950      4.98557e+6 
          19050      4.86942e+6 
          19150      4.78315e+6 
          19250       4.6858e+6 
          19350      4.58015e+6 
          19450      4.32345e+6 
          19550      4.39328e+6 
          19650      4.31892e+6 
          19750      4.23289e+6 
          19850      4.14866e+6 
          19950      4.06676e+6 
          20050      3.98722e+6 
          20150      3.90933e+6 
          20250      3.83333e+6 
          20350      3.75908e+6 
          20450      3.68593e+6 
          20550      3.61089e+6 
          20650      3.54711e+6 
          20750      3.47941e+6 
          20850      3.41396e+6 
          20950       3.3496e+6 
          21050      3.28648e+6 
          21150      3.21657e+6 
          21250      3.16592e+6 
          21350      3.10741e+6 
          21450      3.04976e+6 
          21550      2.98924e+6 
          21650      2.81983e+6 
          21750      2.87503e+6 
          21850      2.83339e+6 
          21950       2.7837e+6 
          22050      2.73387e+6 
          22150      2.68521e+6 
          22250      2.63738e+6 
          22350      2.59106e+6 
          22450      2.54553e+6 
          22550        2.501e+6 
          22650      2.45737e+6 
          22750      2.41478e+6 
          22850      2.37305e+6 
          22950      2.33232e+6 
          23050      2.29213e+6 
          23150      2.25339e+6 
          23250      2.21516e+6 
          23350      2.17771e+6 
          23450      2.14109e+6 
          23550      2.10522e+6 
          23650      2.07008e+6 
          23750      2.03565e+6 
          23850      2.00199e+6 
          23950      1.96895e+6 
          24050      1.93659e+6 
          24150      1.90496e+6 
          24250       1.8732e+6 
          24350      1.84386e+6 
          24450        1.814e+6 
          24550      1.78557e+6 
          24650      1.75598e+6 
          24750      1.72626e+6 
          24850      1.70239e+6 
          24950      1.67237e+6 
          25050      1.64896e+6 
          25150      1.62301e+6 
          25250      1.59363e+6 
          25350      1.57182e+6 
          25450      1.54949e+6 
          25550       1.5229e+6 
          25650       1.4949e+6 
          25750      1.47717e+6 
          25850      1.45624e+6 
          25950       1.4339e+6 
          26050      1.40687e+6 
          26150      1.37525e+6 
          26250      1.31133e+6 
          26350      1.34225e+6 
          26450      1.32899e+6 
          26550      1.30837e+6 
          26650      1.28615e+6 
          26750       1.2556e+6 
          26850      1.24804e+6 
          26950      1.23361e+6 
          27050      1.21555e+6 
          27150      1.19782e+6 
          27250      1.18042e+6 
          27350      1.16329e+6 
          27450      1.14463e+6 
          27550      1.11207e+6 
          27650      1.10507e+6 
          27750      1.09751e+6 
          27850      1.08226e+6 
          27950      1.06696e+6 
          28050      1.05185e+6 
          28150      1.03707e+6 
          28250      1.02252e+6 
          28350      1.00824e+6 
          28450          994183 
          28550          979836 
          28650          960019 
          28750          931247 
          28850          938019 
          28950          927504 
          29050          914835 
          29150          902406 
          29250          890170 
          29350          878123 
          29450          866306 
          29550          854714 
          29650          843259 
          29750          832024 
          29850          820962 
          29950          810071 
          30050          799390 
          30150          788791 
          30250          777204 
          30350          750373 
          30450          747403 
          30550          747765 
          30650          738643 
          30750          729066 
          30850          719557 
          30950          710667 
          31050          701525 
          31150          692602 
          31250          683779 
          31350          675169 
          31450          666616 
          31550          658272 
          31650          649982 
          31750          641858 
          31850          633860 
          31950          625986 
          32100          614410 
          32300          599350 
          32500          584791 
          32700          570613 
          32900          544867 
          33100          540710 
          33300          531007 
          33500          518710 
          33700          506534 
          33900          494707 
          34100          483219 
          34300          472061 
          34500          461254 
          34700          450727 
          34900          440504 
          35100          430544 
          35300          420903 
          35500          411510 
          35700          402360 
          35900          393476 
          36100          384850 
          36300          376446 
          36500          368289 
          36700          360314 
          36900          352573 
          37100          344621 
          37300          333489 
          37500          324717 
          37700          323508 
          37900          316850 
          38100          309977 
          38300          303640 
          38500          297571 
          38700          291485 
          38900          285483 
          39100          278947 
          39300          274091 
          39500          268594 
          39700          263217 
          39900          257982 
          40100          252206 
          40300          246507 
          40500          237349 
          40700          238138 
          40900          233653 
          41100          229154 
          41300          224599 
          41500          220296 
          41700          214494 
          41900          211934 
          42100          208139 
          42300          204233 
          42500          200354 
          42700          196684 
          42900          192836 
          43100          189483 
          43300          186005 
          43500          182572 
          43700          177356 
          43900          175339 
          44100          172863 
          44300          169764 
          44500          166731 
          44700          163862 
          44900          160959 
          45100          158114 
          45300          155345 
          45500          152630 
          45700          149975 
          45900          147374 
          46100          144800 
          46300          142164 
          46500          135704 
          46700          134895 
          46900          134619 
          47100          132906 
          47300          130671 
          47500          128480 
          47700          126338 
          47900          124239 
          48100          122184 
          48300          120170 
          48500          118198 
          48700          116264 
          48900          114372 
          49100          112517 
          49300          110700 
          49500          108919 
          49700          107173 
          49900          105463 
          50100          103786 
          50300          102142 
          50500          100531 
          50700           98951 
          50900         97401.4 
          51100         95581.5 
          51300         92293.8 
          51500         92748.8 
          51700         91501.2 
          51900         90096.7 
          52100         88719.3 
          52300         87367.2 
          52500         86041.2 
          52700         84739.7 
          52900         83463.4 
          53100         82210.5 
          53300         80980.7 
          53500         79773.6 
          53700         78588.7 
          53900         77425.6 
          54100         76285.3 
          54300           75166 
          54500         74066.1 
          54700         72985.4 
          54900         71925.8 
          55100         70883.5 
          55300         69818.5 
          55500         68857.6 
          55700           67871 
          55900         66902.8 
          56100         65951.4 
          56300         65016.5 
          56500         64099.2 
          56700         63196.6 
          56900         62309.8 
          57100         61282.5 
          57300         60582.3 
          57500         59743.4 
          57700           58917 
          57900         58103.9 
          58100         57306.1 
          58300         56521.2 
          58500         55769.9 
          58700         55011.2 
          58900         54040.9 
          59100         52029.9 
          59300         52626.6 
          59500         51838.1 
          59700         51269.4 
          59900         50720.8 
          60100         50046.9 
          60300         49384.9 
          60500         48732.7 
          60700         48092.1 
          60900         47460.8 
          61100         46840.8 
          61300         46229.9 
          61500         45629.9 
          61700         45038.6 
          61900           44458 
          62100         43885.9 
          62300         43322.1 
          62500         42768.5 
          62700         42155.9 
          62900         41304.5 
          63100         41053.5 
          63300         40639.4 
          63500         40127.8 
          63700         39624.6 
          63900         39129.7 
          64200         38400.1 
          64600         37454.8 
          65000         36537.8 
          65400         35648.4 
          65800         34786.4 
          66200         33949.5 
          66600         33137.8 
          67000         32350.6 
          67400         31546.4 
          67800           30568 
          68200         30123.8 
          68600         29424.5 
          69000         28745.7 
          69400           28086 
          69800         27444.9 
          70200         26821.9 
          70600         26216.5 
          71000         25628.2 
          71400         25056.6 
          71800         24500.5 
          72200         23959.5 
          72600         23433.2 
          73000         22921.9 
          73400         22423.8 
          73800         21939.3 
          74200         21433.8 
          74600         20547.9 
          75000         19991.8 
          75400         20069.8 
          75800         19704.5 
          76200         19291.8 
          76600         18890.5 
          77000         18499.1 
          77400         18117.8 
          77800         17739.1 
          78200         17384.3 
          78600         17031.6 
          79000         16687.5 
          79400         16352.5 
          79800         16025.1 
          80200         15706.3 
          80600         15395.4 
          81000         15092.1 
          81400         14774.8 
          81800         14500.6 
          82200         14225.4 
          82600         13950.5 
          83000         13682.3 
          83400         13420.3 
          83800         13164.3 
          84200         12914.7 
          84600         12670.7 
          85000         12432.9 
          85400         12200.4 
          85800         11973.3 
          86200         11750.9 
          86600         11485.9 
          87000         11315.8 
          87400         11005.8 
          87800         10805.6 
          88200         10715.6 
          88600         10522.6 
          89000         10333.5 
          89400         10148.9 
          89800         9968.05 
          90200          9791.4 
          90600         9618.85 
          91000         9449.85 
          91400         9284.35 
          91800          9122.7 
          92200         8964.83 
          92600         8809.78 
          93000         8658.37 
          93400         8510.09 
          93800         8306.64 
          94200         8204.83 
          94600         8083.81 
          95000         7947.84 
          95400         7814.69 
          95800          7684.3 
          96200         7556.62 
          96600         7431.19 
          97000         7308.77 
          97400          7188.5 
          97800         7071.13 
          98200         6955.82 
          98600         6842.93 
          99000         6732.39 
          99400         6623.79 
          99800         6517.85 
         100200         6413.76 
         200000         394.935 
         400000           23.92 
         600000            4.63 
         800000         1.44346 
         1.0e+6        0.584571 
         1.2e+6        0.279355 
         1.4e+6        0.149665 
         1.6e+6       0.0871702 
