# Kurucz ODFNEW /NOVER (2003)
# teff = 3500 K (value for the effective temperature for the model. Temperatures are given in K)
# logg = 0 log(cm/s2) (value for Log(G) for the model.)
# meta = -2  (value for the Metallicity for the model.)
# lh = 1.25  (l/Hp where l is the  mixing length of the convective element and Hp is the pressure scale height)
# vtur = 2 km/s (Microturbulence velocity)
# alpha = 0.4  (Alpha)
#
# column 1: WAVELENGTH (ANGSTROM), Wavelength in Angstrom
# column 2: FLUX (ERG/CM2/S/A), Flux in erg/cm2/s/A
            151    2.97454e-209 
            166    4.43296e-191 
          170.3    2.58937e-186 
          181.7     1.14109e-35 
          186.1     1.08777e-35 
            191     1.03267e-35 
          198.4     9.57076e-36 
            205    5.61719e-156 
          216.2    6.03888e-148 
          219.8     7.1815e-146 
            223     7.57565e-36 
            230    1.22797e-139 
            234     6.88015e-36 
          246.5    1.91334e-130 
          252.4    1.77827e-127 
            264    1.91024e-122 
          268.5     5.22566e-36 
          273.5     5.03634e-36 
          278.5     4.85712e-36 
            284     4.67082e-36 
            301    7.66756e-108 
            308     3.97126e-36 
            318     1.1956e-102 
            328     1.10301e-99 
            338     2.44773e-97 
            357     2.95592e-36 
            366     2.81234e-36 
            375     2.67896e-36 
            385     3.57578e-86 
            405     2.29678e-36 
            414     6.42081e-81 
            422     2.11347e-79 
            430     6.16826e-78 
            441      1.9371e-36 
            490     9.25223e-70 
            506     1.84204e-67 
            512     5.81095e-67 
            520     1.39323e-36 
            530     1.34115e-36 
            540     9.31798e-64 
            560     5.03563e-62 
            590     1.08224e-36 
            620     4.05494e-57 
            640      9.1975e-37 
            650      8.2893e-55 
            658     8.70117e-37 
            665     8.51895e-37 
            675     8.26841e-37 
            685     8.02876e-37 
            695     7.79938e-37 
            705     7.57969e-37 
            716     7.34858e-37 
            775     6.27229e-37 
            785     4.55481e-47 
            795     8.86531e-47 
            805      5.8135e-37 
            815      5.8016e-46 
            825     5.53505e-37 
            835     5.40327e-37 
            845     1.64885e-44 
            855     6.33925e-44 
            875     4.92055e-37 
            885     4.80998e-37 
            895     5.25382e-43 
            905     3.09304e-42 
            915     1.10433e-21 
            925     7.59469e-21 
            935     9.07193e-21 
            945     3.38857e-20 
            955     3.11607e-20 
            965     6.20826e-20 
            975     5.75066e-20 
            985     2.77799e-19 
            995     6.68316e-19 
           1005      8.5564e-19 
           1015       6.011e-19 
           1025     2.10549e-18 
           1035     8.78218e-18 
           1045     1.97806e-17 
           1055     2.54163e-17 
           1065     1.00979e-16 
           1075     1.64814e-16 
           1085     5.02007e-16 
           1095     8.94674e-16 
           1105     1.31023e-15 
           1115     2.55714e-15 
           1125     6.12947e-15 
           1135     1.13844e-14 
           1145     1.81887e-14 
           1155     2.42526e-14 
           1165      2.5466e-14 
           1175     3.11834e-14 
           1185     1.68095e-13 
           1195     1.13162e-14 
           1205     1.43523e-14 
           1215     4.70355e-15 
           1225     3.31083e-14 
           1235     6.44149e-14 
           1245     3.21333e-13 
           1255     9.24802e-13 
           1265     2.18995e-12 
           1275      4.3072e-12 
           1285     7.19978e-12 
           1295     1.20206e-11 
           1305     2.21183e-11 
           1315     3.59883e-11 
           1325     5.40731e-11 
           1335     7.64334e-11 
           1345      1.1749e-10 
           1355     1.90927e-10 
           1365     2.42246e-10 
           1375     3.11964e-10 
           1385     4.28789e-10 
           1395     5.54923e-10 
           1405     8.64558e-10 
           1415       1.2632e-9 
           1425      1.45985e-9 
           1435      2.26324e-9 
           1442      3.56372e-9 
           1447       3.0976e-9 
           1455        3.829e-9 
           1465      5.94191e-9 
           1475      6.30351e-9 
           1485      8.53355e-9 
           1495      1.45965e-8 
           1505        2.268e-8 
           1512      1.18994e-8 
           1517      1.93923e-8 
           1525      2.89801e-8 
           1535      4.73217e-8 
           1545      3.33892e-8 
           1555      5.10387e-8 
           1565      4.81413e-8 
           1575      8.11389e-8 
           1585      8.63731e-8 
           1595      8.34246e-8 
           1605      9.35511e-8 
           1615      9.92773e-8 
           1625      1.01597e-7 
           1635       1.5323e-7 
           1645      2.27066e-7 
           1655      1.97028e-7 
           1665      3.52822e-7 
           1672      2.98558e-7 
           1677      5.22095e-7 
           1685      6.79306e-7 
           1695      1.10534e-6 
           1705      1.17788e-6 
           1715      1.55099e-6 
           1725      2.22787e-6 
           1735      2.72652e-6 
           1745      3.85721e-6 
           1755      3.76274e-6 
           1765       6.4095e-6 
           1775      5.06894e-6 
           1785      1.17672e-5 
           1795      8.49388e-6 
           1805      1.95012e-5 
           1815      1.20033e-5 
           1825      2.36401e-5 
           1835      1.87938e-5 
           1845      3.97953e-5 
           1855      2.47867e-5 
           1865       5.7565e-5 
           1875      5.01224e-5 
           1885      7.26502e-5 
           1895      9.20793e-5 
           1905     0.000103009 
           1915     0.000173098 
           1925     0.000147566 
           1935     0.000172506 
           1945     0.000237508 
           1955     0.000378688 
           1967      0.00039786 
           1976     0.000512186 
           1984      0.00076434 
           1995     0.000622328 
           2005     0.000823449 
           2015     0.000944648 
           2025     0.000939291 
           2035      0.00119217 
           2045      0.00119612 
           2055        0.001631 
           2065      0.00145745 
           2074      0.00130409 
           2078      0.00182088 
           2085      0.00215878 
           2095      0.00238714 
           2105      0.00228255 
           2115      0.00228149 
           2125      0.00295227 
           2135      0.00394546 
           2145      0.00261777 
           2155      0.00395166 
           2165      0.00380336 
           2175      0.00432775 
           2185       0.0038723 
           2195      0.00766286 
           2205      0.00608273 
           2215       0.0082376 
           2225      0.00608254 
           2235       0.0121823 
           2245       0.0138716 
           2255       0.0200744 
           2265      0.00890085 
           2275        0.024982 
           2285       0.0194439 
           2295       0.0410817 
           2305       0.0105261 
           2315       0.0609251 
           2325       0.0405294 
           2335       0.0732077 
           2345       0.0421587 
           2355        0.032604 
           2365       0.0507443 
           2375       0.0460728 
           2385        0.101629 
           2395       0.0910557 
           2405        0.209356 
           2415        0.100296 
           2425        0.150695 
           2435        0.261223 
           2445        0.393327 
           2455        0.485283 
           2465        0.266001 
           2475         0.61722 
           2485         0.17712 
           2495        0.218357 
           2505        0.486294 
           2513        0.294456 
           2518        0.391731 
           2525        0.571444 
           2535         1.52844 
           2545         2.21419 
           2555         2.05059 
           2565        0.830391 
           2575         1.87938 
           2585        0.963836 
           2595         1.44207 
           2605         2.17204 
           2615         1.72679 
           2625         3.48101 
           2635         5.95759 
           2645         4.16792 
           2655         6.80451 
           2665         5.13857 
           2675         4.79218 
           2685         6.86651 
           2695         4.18514 
           2705         9.90347 
           2715         9.30525 
           2725         7.67499 
           2735         7.81992 
           2745         13.0982 
           2755         11.5312 
           2765         19.0769 
           2775         25.3616 
           2785         15.3781 
           2795         19.4358 
           2805         19.4775 
           2815         23.2454 
           2825         23.5404 
           2835          18.483 
           2845         11.2641 
           2855         4.43325 
           2865         22.6339 
           2875           26.89 
           2885         51.7666 
           2895         63.2855 
           2910         78.2011 
           2930         92.6717 
           2950          97.086 
           2970         98.4949 
           2990         133.691 
           3010         159.098 
           3030         183.287 
           3050         234.793 
           3070         237.508 
           3090         280.398 
           3110         378.544 
           3130         355.399 
           3150         496.383 
           3170         664.054 
           3190         636.576 
           3210          756.12 
           3230         786.506 
           3250         1102.53 
           3270         1397.01 
           3290         1769.23 
           3310         1751.49 
           3330         1882.31 
           3350         1898.33 
           3370         1651.59 
           3390         2096.58 
           3410         2543.52 
           3430         3043.67 
           3450         3050.42 
           3470         3400.01 
           3490         3787.37 
           3510         4812.43 
           3530         4605.08 
           3550         6289.24 
           3570         4876.39 
           3590         4715.51 
           3610         6151.29 
           3630         7550.08 
           3640         8377.86 
           3650         8501.97 
           3670         10254.8 
           3690         10101.6 
           3710         10404.1 
           3730          6877.2 
           3750         8459.63 
           3770         12267.3 
           3790         13156.3 
           3810         13481.3 
           3830         8919.68 
           3850         12685.4 
           3870         12751.1 
           3890         14274.4 
           3910         14984.3 
           3930         6126.98 
           3950         12257.2 
           3970         8200.81 
           3990         21329.1 
           4010         27933.6 
           4030         27211.6 
           4050         29164.5 
           4070         29167.4 
           4090           33083 
           4110           24733 
           4130           28812 
           4150         28451.8 
           4170         28051.8 
           4190           32469 
           4210         32248.4 
           4230         29640.8 
           4250         38896.2 
           4270         39088.5 
           4290         39629.7 
           4310           41670 
           4330         54276.3 
           4350         57320.2 
           4370         60337.8 
           4390         58657.4 
           4410         60906.3 
           4430         65632.8 
           4450           69182 
           4470         75033.3 
           4490           81942 
           4510         90320.2 
           4530         82225.1 
           4550         89645.3 
           4570         97244.8 
           4590         97806.5 
           4610          103985 
           4630          105638 
           4650          106209 
           4670          115452 
           4690          116502 
           4710          118738 
           4730          122020 
           4750          125035 
           4770          116707 
           4790          121556 
           4810          131768 
           4830          135715 
           4850          142356 
           4870          143092 
           4890          151611 
           4910          155815 
           4930          154408 
           4950          157411 
           4970          149045 
           4990          148168 
           5010          138589 
           5030          149421 
           5050          146185 
           5070          149403 
           5090          145001 
           5110          148790 
           5130          144397 
           5150          140732 
           5170          139462 
           5190          149203 
           5210          158802 
           5230          202352 
           5250          208891 
           5270          203212 
           5290          222518 
           5310          239751 
           5330          226524 
           5350          242168 
           5370          245972 
           5390          241167 
           5410          248616 
           5430          247555 
           5450          251601 
           5470          251414 
           5490          258035 
           5510          255197 
           5530          274531 
           5550          283576 
           5570          281057 
           5590          277483 
           5610          280296 
           5630          290419 
           5650          299247 
           5670          295710 
           5690          310705 
           5710          298677 
           5730          320071 
           5750          324355 
           5770          329047 
           5790          325755 
           5810          334107 
           5830          344000 
           5850          338195 
           5870          336846 
           5890          314711 
           5910          333488 
           5930          338334 
           5950          339171 
           5970          353857 
           5990          356212 
           6010          358716 
           6030          370255 
           6050          378309 
           6070          377886 
           6090          376617 
           6110          383732 
           6130          367246 
           6150          382810 
           6170          358433 
           6190          371252 
           6210          368620 
           6230          360657 
           6250          357012 
           6270          375724 
           6290          388260 
           6310          392984 
           6330          403244 
           6350          415292 
           6370          413775 
           6390          419363 
           6410          417135 
           6430          419665 
           6450          422066 
           6470          425778 
           6490          420018 
           6510          435585 
           6530          445819 
           6550          436954 
           6570          438749 
           6590          446621 
           6610          447380 
           6630          453204 
           6650          447296 
           6670          442670 
           6690          441871 
           6710          437760 
           6730          435918 
           6750          433662 
           6770          448266 
           6790          445474 
           6810          452983 
           6830          464620 
           6850          466166 
           6870          468205 
           6890          480386 
           6910          484608 
           6930          486482 
           6950          489271 
           6970          498874 
           6990          495229 
           7010          497575 
           7030          504657 
           7050          496424 
           7070          471740 
           7090          460501 
           7110          462691 
           7130          442343 
           7150          447352 
           7170          465613 
           7190          473068 
           7210          473911 
           7230          497353 
           7250          497501 
           7270          511226 
           7290          516662 
           7310          520656 
           7330          521591 
           7350          521609 
           7370          532639 
           7390          533271 
           7410          530273 
           7430          536137 
           7450          538577 
           7470          538451 
           7490          540058 
           7510          545689 
           7530          548262 
           7550          550569 
           7570          551260 
           7590          545579 
           7610          546846 
           7630          546623 
           7650          547136 
           7670          533982 
           7690          543956 
           7710          536764 
           7730          543139 
           7750          541631 
           7770          548581 
           7790          548443 
           7810          555909 
           7830          553097 
           7850          551573 
           7870          559447 
           7890          559865 
           7910          555616 
           7930          559359 
           7950          554241 
           7970          566575 
           7990          563423 
           8010          565545 
           8030          566266 
           8050          564753 
           8070          561731 
           8090          567177 
           8110          569590 
           8130          572929 
           8150          574431 
           8170          575178 
           8190          566138 
           8210          562042 
           8230          571272 
           8250          570608 
           8270          576555 
           8290          574270 
           8310          565508 
           8330          566053 
           8350          568046 
           8370          567324 
           8390          542252 
           8410          568385 
           8430          551007 
           8450          569137 
           8470          567188 
           8490          565721 
           8510          544441 
           8530          566226 
           8550          498930 
           8570          577521 
           8590          576315 
           8610          575775 
           8630          578522 
           8650          578921 
           8670          510750 
           8690          562978 
           8710          582196 
           8730          580075 
           8750          580034 
           8770          580526 
           8790          583690 
           8810          574345 
           8830          576916 
           8850          581045 
           8870          572443 
           8890          577449 
           8910          579747 
           8930          577012 
           8950          573730 
           8970          577495 
           8990          578984 
           9010          567414 
           9030          577008 
           9050          582832 
           9070          583974 
           9090          571741 
           9110          579538 
           9130          581024 
           9150          579836 
           9170          578968 
           9190          581000 
           9210          577014 
           9230          578938 
           9250          574148 
           9270          576408 
           9290          573623 
           9310          578550 
           9330          578539 
           9350          577920 
           9370          570392 
           9390          577535 
           9410          574190 
           9430          577179 
           9450          572756 
           9470          577565 
           9490          577726 
           9510          577757 
           9530          577284 
           9550          568218 
           9570          573538 
           9590          577415 
           9610          569426 
           9630          576284 
           9650          551526 
           9670          554445 
           9690          564636 
           9710          563671 
           9730          559287 
           9750          562186 
           9770          565807 
           9790          550291 
           9810          571537 
           9830          566797 
           9850          571913 
           9870          570565 
           9890          570648 
           9910          569689 
           9930          569995 
           9950          569342 
           9970          569372 
           9990          570680 
          10025          565016 
          10075          563615 
          10125          563538 
          10175          559469 
          10225          562731 
          10275          562655 
          10325          557502 
          10375          556271 
          10425          559475 
          10475          555864 
          10525          557227 
          10575          552677 
          10625          552460 
          10675          547264 
          10725          545481 
          10775          547342 
          10825          542522 
          10875          544776 
          10925          543652 
          10975          536958 
          11025          536500 
          11075          535751 
          11125          533899 
          11175          531455 
          11225          533847 
          11275          528115 
          11325          528602 
          11375          524635 
          11425          523228 
          11475          527347 
          11525          526554 
          11575          522661 
          11625          517896 
          11675          518749 
          11725          522911 
          11775          515518 
          11825          515963 
          11875          510986 
          11925          517121 
          11975          505693 
          12025          513090 
          12075          511924 
          12125          513143 
          12175          513207 
          12225          512093 
          12275          510630 
          12325          510165 
          12375          508930 
          12425          508551 
          12475          507484 
          12525          506947 
          12575          505639 
          12625          504195 
          12675          504024 
          12725          503490 
          12775          502904 
          12825          495463 
          12875          498509 
          12925          496711 
          12975          500029 
          13025          499240 
          13075          498359 
          13125          495248 
          13175          495120 
          13225          495648 
          13275          489613 
          13325          479538 
          13375          466714 
          13425          460924 
          13475          468942 
          13525          461897 
          13575          463959 
          13625          460561 
          13675          469528 
          13725          471073 
          13775          472702 
          13825          471733 
          13875          464563 
          13925          416566 
          13975          437240 
          14025          446156 
          14075          450864 
          14125          444166 
          14175          447563 
          14225          451143 
          14275          449744 
          14325          450374 
          14375          445678 
          14425          455521 
          14475          454250 
          14525          454074 
          14570          455781 
          14620          425861 
          14675          434815 
          14725          449468 
          14775          447656 
          14825          454549 
          14875          453848 
          14925          464562 
          14975          475829 
          15025          459817 
          15075          464398 
          15125          470044 
          15175          477193 
          15225          486350 
          15275          473548 
          15325          487868 
          15375          469082 
          15425          463433 
          15475          496217 
          15525          482600 
          15575          481106 
          15625          500437 
          15675          504380 
          15725          499395 
          15775          493963 
          15825          508553 
          15875          501497 
          15925          517887 
          15975          517854 
          16050          511578 
          16150          526509 
          16250          507751 
          16350          518907 
          16450          508441 
          16550          516097 
          16650          501844 
          16750          495306 
          16850          486114 
          16950          481195 
          17050          468491 
          17150          447929 
          17250          442447 
          17350          425084 
          17450          421674 
          17550          401079 
          17650          390972 
          17750          379477 
          17850          363579 
          17950          361117 
          18050          342823 
          18150          339079 
          18250          328836 
          18350          328920 
          18450          312869 
          18550          298535 
          18650          298895 
          18750          290582 
          18850          297049 
          18950          291950 
          19050          290606 
          19150          286983 
          19250          284385 
          19350          275064 
          19450          272183 
          19550          269781 
          19650          263510 
          19750          257613 
          19850          250788 
          19950          243566 
          20050          242549 
          20150          236677 
          20250          232627 
          20350          231629 
          20450          228973 
          20550          226616 
          20650          222227 
          20750          222365 
          20850          217412 
          20950          217625 
          21050          215545 
          21150          214295 
          21250          211865 
          21350          210472 
          21450          209096 
          21550          206892 
          21650          205507 
          21750          202435 
          21850          200760 
          21950          198841 
          22050          195872 
          22150          195712 
          22250          190571 
          22350          189865 
          22450          188057 
          22550          185615 
          22650          182298 
          22750          180372 
          22850          177923 
          22950          151485 
          23050          161058 
          23150          159803 
          23250          138416 
          23350          147438 
          23450          146074 
          23550          126108 
          23650          136292 
          23750          135768 
          23850          118346 
          23950          125510 
          24050          122085 
          24150          110857 
          24250          113993 
          24350          112144 
          24450          103975 
          24550          101561 
          24650          101892 
          24750         96432.9 
          24850         92492.1 
          24950         93591.9 
          25050         90702.9 
          25150         85188.4 
          25250         80709.7 
          25350         82841.2 
          25450         82627.7 
          25550         82830.5 
          25650         78183.4 
          25750           80458 
          25850         79458.9 
          25950         79580.6 
          26050         79237.2 
          26150         81871.8 
          26250         80139.3 
          26350         80362.4 
          26450         78635.8 
          26550         76900.8 
          26650           77513 
          26750           76466 
          26850         76514.1 
          26950         72280.1 
          27050         73651.7 
          27150         70723.4 
          27250         68424.5 
          27350         67159.6 
          27450         67556.1 
          27550         64664.2 
          27650         63837.6 
          27750           64029 
          27850         61097.8 
          27950         61249.7 
          28050           55542 
          28150         57743.9 
          28250         56835.4 
          28350         56833.6 
          28450         57486.7 
          28550         55351.5 
          28650         55860.7 
          28750         55541.2 
          28850         53975.5 
          28950         55293.3 
          29050         51199.2 
          29150         54098.3 
          29250         48524.3 
          29350         53293.5 
          29450         45921.5 
          29550         50059.3 
          29650         47043.9 
          29750           49048 
          29850         46119.6 
          29950         48390.9 
          30050         44268.7 
          30150         48447.3 
          30250         43944.6 
          30350         46698.4 
          30450         43531.8 
          30550         45515.8 
          30650         45026.8 
          30750         43802.1 
          30850         43011.9 
          30950         41774.8 
          31050         43452.1 
          31150         41577.9 
          31250         42967.2 
          31350         40646.6 
          31450         41729.2 
          31550         40855.8 
          31650         41974.5 
          31750         40234.3 
          31850         41125.9 
          31950           39806 
          32100         40696.2 
          32300         39540.2 
          32500         39836.1 
          32700         39174.2 
          32900         38612.3 
          33100         38607.9 
          33300           37799 
          33500         37553.8 
          33700           37461 
          33900         36469.5 
          34100         36337.8 
          34300         36555.7 
          34500         34860.7 
          34700         35461.2 
          34900         34527.1 
          35100         33911.5 
          35300         33328.8 
          35500         33268.2 
          35700         32204.8 
          35900         31937.6 
          36100         31879.5 
          36300         30891.6 
          36500         30542.7 
          36700         30219.1 
          36900         29684.9 
          37100         28971.6 
          37300         28702.4 
          37500         28555.1 
          37700         27436.5 
          37900         27630.3 
          38100         26814.1 
          38300         26275.4 
          38500         25939.6 
          38700         25772.8 
          38900         25000.6 
          39100         24502.5 
          39300         24110.8 
          39500         23950.8 
          39700           23293 
          39900           22354 
          40100         21913.2 
          40300         21615.7 
          40500         20461.3 
          40700         20138.4 
          40900         19437.9 
          41100         19421.8 
          41300         18639.1 
          41500         18676.7 
          41700         17768.7 
          41900         17985.7 
          42100         17266.7 
          42300         17313.5 
          42500         16631.4 
          42700         16480.9 
          42900           15746 
          43100         14863.5 
          43300         15294.3 
          43500         14297.9 
          43700         13995.1 
          43900         13806.5 
          44100         12942.7 
          44300         12813.9 
          44500         12524.5 
          44700         11973.5 
          44900           11980 
          45100         11689.9 
          45300         11195.5 
          45500         11278.3 
          45700         11073.2 
          45900         10562.6 
          46100         10597.7 
          46300           10351 
          46500         10359.7 
          46700         10081.7 
          46900         10017.5 
          47100         9839.01 
          47300         9767.26 
          47500         9663.81 
          47700         9405.61 
          47900         9334.78 
          48100         9008.84 
          48300         9234.91 
          48500         8933.88 
          48700         8674.65 
          48900         8606.83 
          49100         8667.02 
          49300         8362.33 
          49500         8302.12 
          49700         8157.95 
          49900         8095.72 
          50100         7879.02 
          50300         7785.07 
          50500         7681.72 
          50700         7542.83 
          50900         7452.69 
          51100         7321.18 
          51300         7237.72 
          51500         7184.74 
          51700         6979.44 
          51900         6928.82 
          52100         6878.92 
          52300         6776.83 
          52500         6638.91 
          52700         6649.93 
          52900          6459.6 
          53100         6454.32 
          53300         6321.24 
          53500         6197.72 
          53700         6158.44 
          53900         6125.53 
          54100         5974.39 
          54300         5767.42 
          54500          5905.4 
          54700          5759.3 
          54900         5742.17 
          55100         5654.89 
          55300          5579.2 
          55500         5442.56 
          55700         5448.84 
          55900         5429.21 
          56100         5321.98 
          56300         5250.24 
          56500         5231.55 
          56700         5114.79 
          56900         4999.77 
          57100         5073.42 
          57300         4870.54 
          57500         5036.35 
          57700         4873.52 
          57900         4763.94 
          58100         4815.57 
          58300         4684.17 
          58500         4648.23 
          58700         4608.52 
          58900         4589.65 
          59100         4500.94 
          59300         4510.91 
          59500         4447.22 
          59700         4364.62 
          59900         4357.58 
          60100         4373.26 
          60300         4211.58 
          60500         4126.45 
          60700         4227.01 
          60900          4180.7 
          61100          4034.8 
          61300         4149.28 
          61500         4024.62 
          61700         3981.45 
          61900          3965.5 
          62100         3928.67 
          62300         3909.89 
          62500         3809.97 
          62700         3754.18 
          62900         3763.19 
          63100         3682.98 
          63300         3667.08 
          63500         3558.06 
          63700         3584.59 
          63900         3497.14 
          64200         3395.89 
          64600         3194.81 
          65000         3082.32 
          65400         2963.61 
          65800         2790.29 
          66200         2705.18 
          66600         2647.47 
          67000         2578.95 
          67400         2562.28 
          67800         2431.66 
          68200         2405.16 
          68600         2404.01 
          69000         2309.59 
          69400         2264.04 
          69800         2284.41 
          70200         2192.93 
          70600         2150.85 
          71000         2089.84 
          71400         2065.75 
          71800         2058.51 
          72200         1977.58 
          72600         1955.42 
          73000         1919.49 
          73400         1875.62 
          73800         1862.12 
          74200         1797.07 
          74600         1803.71 
          75000         1736.64 
          75400         1709.32 
          75800          1639.2 
          76200         1573.11 
          76600         1537.46 
          77000         1525.53 
          77400         1453.46 
          77800         1441.11 
          78200            1394 
          78600         1360.64 
          79000         1318.76 
          79400         1308.74 
          79800         1262.93 
          80200         1261.38 
          80600         1217.52 
          81000         1196.91 
          81400         1190.75 
          81800         1167.76 
          82200         1138.13 
          82600         1133.98 
          83000         1099.35 
          83400         1081.57 
          83800         1054.21 
          84200          1061.8 
          84600         1032.21 
          85000         1015.79 
          85400         1007.79 
          85800         983.065 
          86200         974.267 
          86600         954.186 
          87000         956.531 
          87400         921.707 
          87800         909.125 
          88200          897.12 
          88600         890.286 
          89000         874.263 
          89400         861.602 
          89800         843.759 
          90200         843.979 
          90600         833.422 
          91000         823.473 
          91400         805.323 
          91800         796.666 
          92200         778.202 
          92600         764.332 
          93000         765.132 
          93400          751.51 
          93800         735.566 
          94200         724.535 
          94600         716.737 
          95000         708.585 
          95400         710.686 
          95800         686.949 
          96200         675.427 
          96600         664.677 
          97000         658.966 
          97400         653.485 
          97800         641.101 
          98200         635.537 
          98600         626.865 
          99000         600.476 
          99400         606.825 
          99800         595.805 
         100200         586.818 
         200000         40.9571 
         400000         2.67407 
         600000        0.533198 
         800000        0.169004 
         1.0e+6       0.0691638 
         1.2e+6       0.0332908 
         1.4e+6       0.0179269 
         1.6e+6       0.0104818 
