# Kurucz ODFNEW /NOVER (2003)
# teff = 7500 K (value for the effective temperature for the model. Temperatures are given in K)
# logg = 0.5 log(cm/s2) (value for Log(G) for the model.)
# meta = -4  (value for the Metallicity for the model.)
# lh = 1.25  (l/Hp where l is the  mixing length of the convective element and Hp is the pressure scale height)
# vtur = 2 km/s (Microturbulence velocity)
# alpha = 0.4  (Alpha)
#
# column 1: WAVELENGTH (ANGSTROM), Wavelength in Angstrom
# column 2: FLUX (ERG/CM2/S/A), Flux in erg/cm2/s/A
          147.2     1.73866e-35 
            151     1.65225e-35 
          155.2     1.56403e-35 
          158.8     1.49392e-35 
            162     1.43549e-35 
            166     1.36714e-35 
          170.3     1.29897e-35 
          173.4     1.25294e-35 
          176.8     1.20522e-35 
          180.2     1.16017e-35 
          181.7     1.14109e-35 
          186.1     1.08777e-35 
            191     1.03267e-35 
          193.9     1.00201e-35 
          198.4     9.57076e-36 
          201.8     9.25097e-36 
            205     8.96441e-36 
          210.5     8.50208e-36 
          216.2     8.05969e-36 
          219.8     7.79784e-36 
            223     7.57565e-36 
          226.8     7.32392e-36 
            230     7.12154e-36 
            234     6.88015e-36 
            240     6.54044e-36 
          246.5     6.20006e-36 
          252.4     5.91358e-36 
          256.8     5.71267e-36 
            260     5.57292e-36 
            264     5.40532e-36 
          268.5     5.22566e-36 
          273.5     5.03634e-36 
          278.5     4.85712e-36 
            284     4.67082e-36 
            290     4.47954e-36 
            296     4.29978e-36 
            301     4.15812e-36 
            308     3.97126e-36 
            318     1.10582e-22 
            328     1.27351e-21 
            338     1.22673e-20 
            348     1.03341e-19 
            357     6.32656e-19 
            366     3.53933e-18 
            375     1.81709e-17 
            385     1.02028e-16 
            395     5.23353e-16 
            405     2.47042e-15 
            414     9.34746e-15 
            422     2.90283e-14 
            430      8.6336e-14 
            441     3.61618e-13 
            451     1.24805e-12 
            460     3.62807e-12 
            470     1.13007e-11 
            480     3.34969e-11 
            490     9.48633e-11 
            500     2.57035e-10 
            506     7.67684e-10 
            512      1.59404e-9 
            520      3.29513e-9 
            530      8.00104e-9 
            540      1.83507e-8 
            550      4.15573e-8 
            560      9.04103e-8 
            570      1.91148e-7 
            580       3.8748e-7 
            590      7.87712e-7 
            600      1.54093e-6 
            610      2.94367e-6 
            620      5.49943e-6 
            630      1.00585e-5 
            640      1.80363e-5 
            650      3.17335e-5 
            658      4.92103e-5 
            665      7.15754e-5 
            675     0.000120471 
            685     0.000199515 
            695     0.000325351 
            705     0.000522657 
            716     0.000866104 
            726       0.0013516 
            735      0.00199479 
            745        0.003038 
            755      0.00457197 
            765      0.00680234 
            775       0.0100093 
            785       0.0145728 
            795       0.0209977 
            805       0.0299616 
            815        0.042353 
            825       0.0593247 
            835       0.0823782 
            845        0.113437 
            855        0.154912 
            865        0.209908 
            875        0.282292 
            885        0.376891 
            895        0.499656 
            905        0.657807 
            915         1.19558 
            925         5.91451 
            935          9.1064 
            945         15.4594 
            955         26.9024 
            965         21.3013 
            975         11.3111 
            985         67.1394 
            995         69.5181 
           1005         56.0791 
           1015         29.7595 
           1025         54.4965 
           1035         62.4902 
           1045         144.924 
           1055         881.791 
           1065         13666.9 
           1075         35090.2 
           1085         41099.5 
           1095         25536.3 
           1105         21559.2 
           1115         13108.9 
           1125         5661.84 
           1135         1561.96 
           1145          475.86 
           1155         409.227 
           1165          253.05 
           1175         188.157 
           1185          193314 
           1195         388.779 
           1205         350.674 
           1215         351.714 
           1225         451.937 
           1235         635.233 
           1245         280.793 
           1255          412.65 
           1265         609.109 
           1275         901.462 
           1285         1478.26 
           1295         2467.46 
           1305         3686.28 
           1315         8911.14 
           1325         55266.2 
           1335          137301 
           1345          185799 
           1355          235555 
           1365          398420 
           1375          474662 
           1385          553225 
           1395          635747 
           1405          842096 
           1415      1.08605e+6 
           1425      1.30817e+6 
           1435      1.42697e+6 
           1442      1.64777e+6 
           1447      1.70238e+6 
           1455      1.91601e+6 
           1465      2.02405e+6 
           1475      2.26769e+6 
           1485      2.44311e+6 
           1495       2.6777e+6 
           1505      2.89754e+6 
           1512      3.05089e+6 
           1517      3.10087e+6 
           1525      3.25763e+6 
           1535       3.3904e+6 
           1545      3.62001e+6 
           1555      3.70197e+6 
           1565       3.6259e+6 
           1575      3.93052e+6 
           1585      4.13451e+6 
           1595      4.38403e+6 
           1605      4.41132e+6 
           1615      4.69499e+6 
           1625      4.78176e+6 
           1635      5.07915e+6 
           1645      5.38498e+6 
           1655      5.20993e+6 
           1665      5.81818e+6 
           1672      5.68264e+6 
           1677      5.84787e+6 
           1685       6.0946e+6 
           1695      6.10865e+6 
           1705      6.19622e+6 
           1715      6.47846e+6 
           1725      6.55372e+6 
           1735      6.79101e+6 
           1745      6.81188e+6 
           1755      6.98142e+6 
           1765      7.02141e+6 
           1775      7.19195e+6 
           1785      7.21198e+6 
           1795       7.4127e+6 
           1805      7.38583e+6 
           1815      7.45825e+6 
           1825      7.50614e+6 
           1835      7.62997e+6 
           1845        7.614e+6 
           1855      7.77868e+6 
           1865      7.85828e+6 
           1875      7.93734e+6 
           1885      8.01302e+6 
           1895      8.07356e+6 
           1905      8.03033e+6 
           1915      8.15183e+6 
           1925      8.25513e+6 
           1935      8.18341e+6 
           1945      8.37692e+6 
           1955      8.41623e+6 
           1967      8.47627e+6 
           1976      8.47796e+6 
           1984       8.5174e+6 
           1995      8.58635e+6 
           2005      8.56642e+6 
           2015      8.52187e+6 
           2025      8.56148e+6 
           2035       8.6966e+6 
           2045      8.71427e+6 
           2055      8.60888e+6 
           2065      8.67245e+6 
           2074       8.8501e+6 
           2078      8.86318e+6 
           2085      8.88002e+6 
           2095      8.90103e+6 
           2105      8.94334e+6 
           2115      8.95498e+6 
           2125      8.95933e+6 
           2135      8.95329e+6 
           2145      9.04522e+6 
           2155      9.04746e+6 
           2165      8.95604e+6 
           2175      9.01403e+6 
           2185      9.09663e+6 
           2195      9.20941e+6 
           2205      9.13382e+6 
           2215      9.03694e+6 
           2225      9.06395e+6 
           2235      9.27791e+6 
           2245      9.24029e+6 
           2255      9.12518e+6 
           2265       9.0558e+6 
           2275      9.28935e+6 
           2285      9.31501e+6 
           2295      9.29481e+6 
           2305      9.36749e+6 
           2315      9.36758e+6 
           2325      9.39659e+6 
           2335      9.31697e+6 
           2345      9.06161e+6 
           2355      9.40053e+6 
           2365      9.14878e+6 
           2375      9.38313e+6 
           2385      9.01916e+6 
           2395      9.35646e+6 
           2405      9.38563e+6 
           2415      9.41335e+6 
           2425      9.68245e+6 
           2435      9.63295e+6 
           2445      9.67973e+6 
           2455      9.74229e+6 
           2465      9.68263e+6 
           2475      9.70602e+6 
           2485      9.74519e+6 
           2495      9.70052e+6 
           2505      9.87357e+6 
           2513       9.7607e+6 
           2518      9.83368e+6 
           2525      9.74378e+6 
           2535      9.66295e+6 
           2545       9.8111e+6 
           2555      9.99356e+6 
           2565      9.90892e+6 
           2575      1.00065e+7 
           2585       1.0051e+7 
           2595      1.00291e+7 
           2605      9.99168e+6 
           2615      9.96829e+6 
           2625      1.00035e+7 
           2635      1.01111e+7 
           2645      1.03816e+7 
           2655      1.03944e+7 
           2665      1.03282e+7 
           2675      1.03796e+7 
           2685      1.04712e+7 
           2695      1.04667e+7 
           2705        1.051e+7 
           2715       1.0425e+7 
           2725      1.04486e+7 
           2735      1.05048e+7 
           2745      1.02284e+7 
           2755      1.03211e+7 
           2765      1.05097e+7 
           2775      1.06919e+7 
           2785      1.07119e+7 
           2795      1.01782e+7 
           2805      1.04879e+7 
           2815      1.08223e+7 
           2825      1.08407e+7 
           2835      1.08019e+7 
           2845      1.08462e+7 
           2855      1.07796e+7 
           2865      1.08371e+7 
           2875        1.091e+7 
           2885      1.09413e+7 
           2895      1.10034e+7 
           2910      1.10557e+7 
           2930      1.10352e+7 
           2950      1.10657e+7 
           2970        1.117e+7 
           2990      1.12036e+7 
           3010      1.12839e+7 
           3030      1.13311e+7 
           3050      1.13701e+7 
           3070      1.13612e+7 
           3090      1.14474e+7 
           3110      1.14864e+7 
           3130      1.15166e+7 
           3150      1.15485e+7 
           3170      1.15899e+7 
           3190      1.15916e+7 
           3210      1.16564e+7 
           3230      1.16291e+7 
           3250      1.17133e+7 
           3270      1.17769e+7 
           3290      1.18158e+7 
           3310      1.18482e+7 
           3330      1.18544e+7 
           3350      1.18519e+7 
           3370      1.18964e+7 
           3390      1.19282e+7 
           3410      1.19877e+7 
           3430      1.20125e+7 
           3450      1.20367e+7 
           3470      1.20554e+7 
           3490      1.20797e+7 
           3510      1.21029e+7 
           3530       1.2124e+7 
           3550      1.21432e+7 
           3570      1.21586e+7 
           3590      1.21752e+7 
           3610      1.21919e+7 
           3630       1.2206e+7 
           3640      1.22104e+7 
           3650      1.22666e+7 
           3670      1.24006e+7 
           3690      1.42393e+7 
           3710       2.0819e+7 
           3730      3.70531e+7 
           3750      4.90036e+7 
           3770      4.88217e+7 
           3790      5.16098e+7 
           3810        5.599e+7 
           3830      4.82928e+7 
           3850      5.74454e+7 
           3870      5.77059e+7 
           3890      4.62494e+7 
           3910      5.67185e+7 
           3930      5.55622e+7 
           3950       5.5776e+7 
           3970      4.41843e+7 
           3990      5.46917e+7 
           4010       5.4438e+7 
           4030      5.39199e+7 
           4050      5.34668e+7 
           4070      5.29653e+7 
           4090      5.09757e+7 
           4110      4.25011e+7 
           4130      5.14751e+7 
           4150      5.10698e+7 
           4170      5.06006e+7 
           4190      5.01423e+7 
           4210      4.96798e+7 
           4230      4.92153e+7 
           4250      4.87616e+7 
           4270      4.83141e+7 
           4290      4.78565e+7 
           4310      4.73505e+7 
           4330      4.42557e+7 
           4350      3.87172e+7 
           4370      4.60355e+7 
           4390      4.56463e+7 
           4410      4.52352e+7 
           4430      4.48181e+7 
           4450      4.43933e+7 
           4470       4.3946e+7 
           4490      4.35535e+7 
           4510      4.31477e+7 
           4530      4.27419e+7 
           4550      4.23287e+7 
           4570      4.19392e+7 
           4590      4.15459e+7 
           4610      4.11614e+7 
           4630      4.07679e+7 
           4650      4.03866e+7 
           4670      4.00051e+7 
           4690      3.96287e+7 
           4710      3.92453e+7 
           4730      3.88821e+7 
           4750      3.85153e+7 
           4770      3.81516e+7 
           4790       3.7791e+7 
           4810      3.74334e+7 
           4830      3.69997e+7 
           4850      3.47349e+7 
           4870      2.91003e+7 
           4890      3.58893e+7 
           4910      3.57007e+7 
           4930      3.53543e+7 
           4950      3.50338e+7 
           4970      3.47051e+7 
           4990      3.43791e+7 
           5010      3.40451e+7 
           5030      3.37377e+7 
           5050      3.34193e+7 
           5070      3.31078e+7 
           5090      3.27987e+7 
           5110      3.24934e+7 
           5130       3.2189e+7 
           5150      3.18897e+7 
           5170      3.15829e+7 
           5190      3.12924e+7 
           5210      3.10082e+7 
           5230      3.07178e+7 
           5250      3.04363e+7 
           5270      3.01528e+7 
           5290      2.98755e+7 
           5310      2.95987e+7 
           5330      2.93279e+7 
           5350      2.90578e+7 
           5370      2.87908e+7 
           5390      2.85269e+7 
           5410      2.82662e+7 
           5430      2.80072e+7 
           5450      2.77513e+7 
           5470      2.74997e+7 
           5490      2.72484e+7 
           5510      2.70013e+7 
           5530      2.67559e+7 
           5550      2.65145e+7 
           5570      2.62746e+7 
           5590      2.60387e+7 
           5610      2.58043e+7 
           5630      2.55714e+7 
           5650      2.53423e+7 
           5670      2.51158e+7 
           5690      2.48906e+7 
           5710      2.46681e+7 
           5730      2.44491e+7 
           5750      2.42315e+7 
           5770      2.40162e+7 
           5790      2.38034e+7 
           5810       2.3593e+7 
           5830      2.33848e+7 
           5850      2.31789e+7 
           5870      2.29622e+7 
           5890      2.27729e+7 
           5910      2.25737e+7 
           5930      2.23767e+7 
           5950      2.21808e+7 
           5970       2.1988e+7 
           5990      2.17973e+7 
           6010      2.16076e+7 
           6030       2.1421e+7 
           6050      2.12364e+7 
           6070      2.10538e+7 
           6090       2.0873e+7 
           6110      2.06942e+7 
           6130      2.05173e+7 
           6150      2.03412e+7 
           6170       2.0168e+7 
           6190      1.99966e+7 
           6210       1.9827e+7 
           6230      1.96591e+7 
           6250       1.9493e+7 
           6270      1.93286e+7 
           6290      1.91659e+7 
           6310      1.90048e+7 
           6330      1.88454e+7 
           6350      1.86868e+7 
           6370      1.85315e+7 
           6390       1.8377e+7 
           6410      1.82249e+7 
           6430      1.80734e+7 
           6450      1.79235e+7 
           6470       1.7775e+7 
           6490      1.76218e+7 
           6510      1.74301e+7 
           6530      1.71972e+7 
           6550      1.60518e+7 
           6570      1.28253e+7 
           6590      1.66365e+7 
           6610      1.67058e+7 
           6630      1.66215e+7 
           6650      1.65089e+7 
           6670      1.63745e+7 
           6690      1.62422e+7 
           6710       1.6112e+7 
           6730      1.59832e+7 
           6750      1.58547e+7 
           6770      1.57274e+7 
           6790      1.56022e+7 
           6810      1.54774e+7 
           6830      1.53546e+7 
           6850      1.52322e+7 
           6870      1.51117e+7 
           6890      1.49923e+7 
           6910      1.48733e+7 
           6930      1.47562e+7 
           6950       1.4641e+7 
           6970      1.45261e+7 
           6990      1.44122e+7 
           7010      1.42994e+7 
           7030      1.41885e+7 
           7050      1.40778e+7 
           7070      1.39688e+7 
           7090      1.38609e+7 
           7110      1.37532e+7 
           7130      1.36473e+7 
           7150      1.35423e+7 
           7170      1.34383e+7 
           7190      1.33352e+7 
           7210       1.3233e+7 
           7230      1.31318e+7 
           7250      1.30322e+7 
           7270      1.29328e+7 
           7290       1.2835e+7 
           7310      1.27374e+7 
           7330      1.26413e+7 
           7350      1.25461e+7 
           7370      1.24511e+7 
           7390      1.23576e+7 
           7410      1.22649e+7 
           7430       1.2173e+7 
           7450      1.20826e+7 
           7470      1.19924e+7 
           7490      1.19029e+7 
           7510      1.18149e+7 
           7530      1.17269e+7 
           7550      1.16404e+7 
           7570       1.1554e+7 
           7590       1.1469e+7 
           7610      1.13847e+7 
           7630      1.13012e+7 
           7650      1.12184e+7 
           7670      1.11362e+7 
           7690      1.10548e+7 
           7710      1.09747e+7 
           7730      1.08947e+7 
           7750      1.08153e+7 
           7770      1.07347e+7 
           7790      1.06598e+7 
           7810      1.05825e+7 
           7830      1.05063e+7 
           7850      1.04309e+7 
           7870       1.0356e+7 
           7890      1.02818e+7 
           7910      1.02088e+7 
           7930      1.01358e+7 
           7950      1.00634e+7 
           7970       9.9922e+6 
           7990        9.921e+6 
           8010      9.85097e+6 
           8030      9.78151e+6 
           8050      9.71204e+6 
           8070      9.64371e+6 
           8090      9.57594e+6 
           8110      9.50872e+6 
           8130      9.44205e+6 
           8150      9.37648e+6 
           8170      9.31087e+6 
           8190       9.2458e+6 
           8210      9.22372e+6 
           8230      9.16615e+6 
           8250      9.10737e+6 
           8270      9.03583e+6 
           8290      8.95721e+6 
           8310      8.84322e+6 
           8330      8.75412e+6 
           8350      8.78355e+6 
           8370      8.51954e+6 
           8390       8.6604e+6 
           8410      8.63204e+6 
           8430      8.91821e+6 
           8450      8.88713e+6 
           8470      8.53433e+6 
           8490      9.32989e+6 
           8510      8.53076e+6 
           8530      9.49682e+6 
           8550      8.43103e+6 
           8570       9.6869e+6 
           8590      9.23238e+6 
           8610      8.97458e+6 
           8630      9.95532e+6 
           8650      9.82626e+6 
           8670      8.28596e+6 
           8690       9.7809e+6 
           8710      9.76385e+6 
           8730      9.64452e+6 
           8750      8.10119e+6 
           8770      9.42008e+6 
           8790       9.4938e+6 
           8810       9.4357e+6 
           8830      9.35821e+6 
           8850       9.0822e+6 
           8870      7.83942e+6 
           8890      9.13079e+6 
           8910      9.11072e+6 
           8930      9.04775e+6 
           8950      8.98573e+6 
           8970       8.9237e+6 
           8990      8.82996e+6 
           9010      7.64549e+6 
           9030      8.35088e+6 
           9050      8.66543e+6 
           9070      8.62039e+6 
           9090      8.56152e+6 
           9110      8.50355e+6 
           9130      8.44554e+6 
           9150      8.38796e+6 
           9170      8.33125e+6 
           9190      8.27139e+6 
           9210      8.15023e+6 
           9230       6.8666e+6 
           9250        7.998e+6 
           9270      8.04507e+6 
           9290      7.99868e+6 
           9310      7.94479e+6 
           9330      7.89173e+6 
           9350      7.83861e+6 
           9370       7.7863e+6 
           9390      7.73437e+6 
           9410      7.68238e+6 
           9430      7.63161e+6 
           9450      7.58078e+6 
           9470      7.53031e+6 
           9490       7.4802e+6 
           9510      7.42378e+6 
           9530      7.27858e+6 
           9550      6.18282e+6 
           9570      7.21951e+6 
           9590      7.23244e+6 
           9610      7.18931e+6 
           9630      7.14242e+6 
           9650      7.09545e+6 
           9670      7.04921e+6 
           9690      7.00329e+6 
           9710      6.95768e+6 
           9730       6.9124e+6 
           9750      6.86742e+6 
           9770      6.82276e+6 
           9790       6.7788e+6 
           9810      6.73513e+6 
           9830      6.69138e+6 
           9850      6.64831e+6 
           9870      6.60554e+6 
           9890      6.56306e+6 
           9910      6.52087e+6 
           9930      6.47935e+6 
           9950      6.43772e+6 
           9970      6.39676e+6 
           9990       6.3557e+6 
          10025      6.14909e+6 
          10075      5.87517e+6 
          10125      6.08886e+6 
          10175      5.99387e+6 
          10225      5.90044e+6 
          10275      5.80854e+6 
          10325      5.71885e+6 
          10375      5.63061e+6 
          10425      5.54414e+6 
          10475      5.45941e+6 
          10525      5.37604e+6 
          10575      5.29466e+6 
          10625      5.21425e+6 
          10675      5.13543e+6 
          10725      5.05851e+6 
          10775       4.9828e+6 
          10825      4.90794e+6 
          10875       4.8352e+6 
          10925      4.44289e+6 
          10975       4.6571e+6 
          11025      4.62487e+6 
          11075       4.5571e+6 
          11125      4.49066e+6 
          11175      4.42552e+6 
          11225      4.36137e+6 
          11275      4.29847e+6 
          11325      4.23651e+6 
          11375      4.17606e+6 
          11425      4.11621e+6 
          11475      4.05782e+6 
          11525      4.00028e+6 
          11575      3.94386e+6 
          11625      3.88826e+6 
          11675      3.83375e+6 
          11725      3.78002e+6 
          11775      3.72734e+6 
          11825      3.67568e+6 
          11875      3.62475e+6 
          11925      3.57481e+6 
          11975      3.52558e+6 
          12025      3.47731e+6 
          12075      3.42997e+6 
          12125      3.38329e+6 
          12175      3.33726e+6 
          12225      3.29237e+6 
          12275      3.24785e+6 
          12325      3.20444e+6 
          12375      3.16138e+6 
          12425      3.11939e+6 
          12475      3.07773e+6 
          12525      3.03712e+6 
          12575      2.99705e+6 
          12625      2.95752e+6 
          12675      2.91876e+6 
          12725      2.88051e+6 
          12775      2.83608e+6 
          12825      2.61497e+6 
          12875      2.76629e+6 
          12925      2.73387e+6 
          12975      2.69875e+6 
          13025       2.6643e+6 
          13075      2.63008e+6 
          13125      2.59652e+6 
          13175      2.56361e+6 
          13225      2.53112e+6 
          13275      2.49926e+6 
          13325      2.46781e+6 
          13375      2.43676e+6 
          13425      2.40631e+6 
          13475      2.37625e+6 
          13525      2.34676e+6 
          13575      2.31765e+6 
          13625       2.2891e+6 
          13675      2.26091e+6 
          13725      2.23307e+6 
          13775      2.20577e+6 
          13825      2.17881e+6 
          13875      2.15237e+6 
          13925      2.12625e+6 
          13975      2.10046e+6 
          14025      2.07517e+6 
          14075      2.05018e+6 
          14125      2.02549e+6 
          14175      2.00129e+6 
          14225      1.97738e+6 
          14275      1.95394e+6 
          14325      1.93078e+6 
          14375      1.90789e+6 
          14425      1.88545e+6 
          14475      1.86328e+6 
          14525      1.84137e+6 
          14570      1.82202e+6 
          14620      1.80394e+6 
          14675       1.7817e+6 
          14725      1.76163e+6 
          14775      1.74127e+6 
          14825      1.72046e+6 
          14875      1.69854e+6 
          14925      1.67705e+6 
          14975      1.66137e+6 
          15025      1.62909e+6 
          15075      1.61765e+6 
          15125      1.59742e+6 
          15175      1.58178e+6 
          15225      1.59399e+6 
          15275      1.53843e+6 
          15325      1.52732e+6 
          15375      1.54996e+6 
          15425      1.48723e+6 
          15475      1.52707e+6 
          15525      1.51753e+6 
          15575      1.43586e+6 
          15625      1.49844e+6 
          15675      1.46601e+6 
          15725      1.40179e+6 
          15775      1.46118e+6 
          15825      1.44822e+6 
          15875      1.34208e+6 
          15925      1.41752e+6 
          15975      1.41258e+6 
          16050      1.38533e+6 
          16150      1.31275e+6 
          16250      1.33088e+6 
          16350      1.29616e+6 
          16450      1.23114e+6 
          16550      1.24692e+6 
          16650      1.22038e+6 
          16750      1.18867e+6 
          16850      1.13083e+6 
          16950       1.1449e+6 
          17050      1.12106e+6 
          17150      1.09781e+6 
          17250      1.07517e+6 
          17350      1.01427e+6 
          17450      1.03078e+6 
          17550       1.0107e+6 
          17650          990298 
          17750          970406 
          17850          951003 
          17950          932088 
          18050          913637 
          18150          864623 
          18250          876258 
          18350          860971 
          18450          844271 
          18550          827967 
          18650          811746 
          18750          762819 
          18850          780776 
          18950          766557 
          19050          752114 
          19150          737993 
          19250          724215 
          19350          710611 
          19450          673060 
          19550          684604 
          19650          672200 
          19750          659934 
          19850          647947 
          19950          636224 
          20050          624767 
          20150          613571 
          20250          602629 
          20350          591927 
          20450          581459 
          20550          571219 
          20650          561212 
          20750          551424 
          20850          541840 
          20950          532474 
          21050          523303 
          21150          514332 
          21250          505557 
          21350          496964 
          21450          488550 
          21550          480311 
          21650          456257 
          21750          464001 
          21850          456639 
          21950          449078 
          22050          441667 
          22150          434409 
          22250          427294 
          22350          420334 
          22450          413511 
          22550          406829 
          22650          400278 
          22750          393862 
          22850          387825 
          22950          381727 
          23050          375756 
          23150          369874 
          23250          364072 
          23350          358341 
          23450          352606 
          23550          347193 
          23650          341508 
          23750          336568 
          23850          331248 
          23950          325979 
          24050          320564 
          24150          315118 
          24250          313639 
          24350          305616 
          24450          300595 
          24550          300045 
          24650          293393 
          24750          289299 
          24850          288274 
          24950          277126 
          25050          280196 
          25150          276310 
          25250          264766 
          25350          268509 
          25450          264995 
          25550          261113 
          25650          249535 
          25750          254050 
          25850          250695 
          25950          247385 
          26050          243285 
          26150          232250 
          26250          228051 
          26350          233627 
          26450          230732 
          26550          227507 
          26650          224190 
          26750          213298 
          26850          218009 
          26950          215160 
          27050          212202 
          27150          209298 
          27250          206446 
          27350          203634 
          27450          200873 
          27550          191824 
          27650          194593 
          27750          192870 
          27850          190292 
          27950          187756 
          28050          185261 
          28150          182807 
          28250          180396 
          28350          178024 
          28450          175690 
          28550          173394 
          28650          170758 
          28750          163255 
          28850          166724 
          28950          164581 
          29050          162463 
          29150          160384 
          29250          158334 
          29350          156321 
          29450          154336 
          29550          152383 
          29650          150461 
          29750          148570 
          29850          146709 
          29950          144879 
          30050          143073 
          30150          141297 
          30250          139549 
          30350          134251 
          30450          134947 
          30550          134465 
          30650          132823 
          30750          131203 
          30850          129610 
          30950          128042 
          31050          126496 
          31150          124974 
          31250          123474 
          31350          121997 
          31450          120541 
          31550          119108 
          31650          117695 
          31750          116304 
          31850          114936 
          31950          113583 
          32100          111596 
          32300          109012 
          32500          106501 
          32700          104064 
          32900         99621.5 
          33100         98978.3 
          33300         96899.4 
          33500         94748.8 
          33700         92652.3 
          33900         90611.6 
          34100         88615.5 
          34300         86691.7 
          34500         84803.3 
          34700         83002.6 
          34900           81191 
          35100         79482.5 
          35300         77777.2 
          35500         76060.3 
          35700         74391.7 
          35900         73249.5 
          36100         71254.9 
          36300           70286 
          36500           68268 
          36700         67478.4 
          36900         65412.5 
          37100         64785.8 
          37300         63134.4 
          37500           60767 
          37700         61009.2 
          37900         59821.5 
          38100         58086.9 
          38300         57230.2 
          38500         56393.1 
          38700         55306.2 
          38900         54265.9 
          39100         52361.8 
          39300         52259.5 
          39500           51256 
          39700         50277.1 
          39900         49322.4 
          40100         48140.5 
          40300         46879.8 
          40500         45802.4 
          40700         45717.2 
          40900         44868.1 
          41100           44040 
          41300         43230.2 
          41500         42436.1 
          41700         40935.9 
          41900         40906.5 
          42100         40168.1 
          42300           39446 
          42500         38739.8 
          42700         38049.2 
          42900         37373.9 
          43100         36713.5 
          43300         36067.7 
          43500         35434.2 
          43700         34262.3 
          43900         34169.8 
          44100         33620.3 
          44300         33042.9 
          44500         32476.4 
          44700         31982.8 
          44900         31377.1 
          45100         30847.6 
          45300           30328 
          45500         29821.7 
          45700           29325 
          45900         28837.5 
          46100         28359.2 
          46300         27886.2 
          46500         26962.1 
          46700         26512.3 
          46900         26528.2 
          47100         26114.9 
          47300         25694.1 
          47500         25279.5 
          47700         24872.6 
          47900         24469.9 
          48100         24079.6 
          48300         23722.3 
          48500         23314.1 
          48700         22983.2 
          48900           22586 
          49100         22274.3 
          49300         21873.8 
          49500           21599 
          49700           21180 
          49900         20942.4 
          50100         20619.5 
          50300         20204.2 
          50500         20004.6 
          50700           19702 
          50900         19272.6 
          51100         19103.3 
          51300         18513.7 
          51500         18543.5 
          51700         18118.4 
          51900         18026.6 
          52100         17774.7 
          52300         17513.7 
          52500         17224.6 
          52700         16816.1 
          52900         16757.8 
          53100         16515.6 
          53300         16277.8 
          53500         16043.2 
          53700         15688.7 
          53900         15493.4 
          54100         15366.2 
          54300         15148.4 
          54500         14933.5 
          54700         14723.7 
          54900         14517.9 
          55100           14301 
          55300         13914.4 
          55500         13919.5 
          55700         13726.2 
          55900         13537.8 
          56100         13351.6 
          56300           13169 
          56500         12989.8 
          56700         12812.8 
          56900         12639.1 
          57100         12271.1 
          57300           12298 
          57500         12135.1 
          57700           11973 
          57900         11814.1 
          58100           11657 
          58300         11496.2 
          58500         11348.4 
          58700           11199 
          58900         11044.9 
          59100         10726.2 
          59300         10761.4 
          59500         10466.9 
          59700         10465.2 
          59900           10355 
          60100           10223 
          60300         10092.4 
          60500         9963.71 
          60700         9837.02 
          60900         9712.28 
          61100         9589.56 
          61300         9468.54 
          61500         9349.58 
          61700         9232.46 
          61900         9117.25 
          62100         9004.01 
          62300         8891.64 
          62500         8780.63 
          62700         8670.75 
          62900         8423.26 
          63100         8453.97 
          63300         8366.12 
          63500         8255.39 
          63700         8169.19 
          63900         8058.99 
          64200         7923.98 
          64600         7729.02 
          65000         7544.04 
          65400         7374.79 
          65800         7193.52 
          66200         7025.53 
          66600         6867.84 
          67000         6711.98 
          67400         6545.06 
          67800         6350.29 
          68200         6246.21 
          68600         6124.91 
          69000         5987.71 
          69400         5831.83 
          69800         5724.51 
          70200         5598.38 
          70600         5475.56 
          71000         5331.61 
          71400         5240.11 
          71800         5127.15 
          72200         5017.17 
          72600         4884.13 
          73000         4805.51 
          73400         4704.47 
          73800         4605.54 
          74200         4503.05 
          74600         4367.02 
          75000         4233.97 
          75400         4229.92 
          75800         4149.46 
          76200         4065.07 
          76600         3982.86 
          77000         3902.76 
          77400         3824.61 
          77800         3717.66 
          78200         3674.06 
          78600         3601.64 
          79000         3530.91 
          79400         3461.96 
          79800         3394.63 
          80200         3328.93 
          80600         3264.83 
          81000         3202.23 
          81400         3116.93 
          81800         3076.95 
          82200         3022.21 
          82600         2966.51 
          83000         2909.77 
          83400         2856.74 
          83800          2801.9 
          84200         2752.02 
          84600         2701.42 
          85000         2649.99 
          85400         2603.78 
          85800         2553.67 
          86200          2510.4 
          86600         2443.06 
          87000         2419.35 
          87400         2365.79 
          87800         2325.57 
          88200         2294.79 
          88600         2250.12 
          89000            2215 
          89400         2176.42 
          89800         2138.67 
          90200         2101.59 
          90600         2060.68 
          91000         2030.23 
          91400         1995.63 
          91800         1961.74 
          92200         1928.58 
          92600         1888.88 
          93000         1864.35 
          93400         1833.22 
          93800         1786.83 
          94200         1771.47 
          94600         1743.68 
          95000         1712.42 
          95400         1681.65 
          95800         1659.51 
          96200         1632.59 
          96600         1606.22 
          97000         1580.39 
          97400         1555.05 
          97800         1530.22 
          98200          1505.2 
          98600         1474.45 
          99000         1458.68 
          99400         1435.75 
          99800          1413.3 
         100200         1391.27 
         200000         90.7108 
         400000         5.74607 
         600000         1.13678 
         800000        0.359235 
         1.0e+6        0.146796 
         1.2e+6       0.0705949 
         1.4e+6       0.0379939 
         1.6e+6       0.0222064 
