# Kurucz ODFNEW /NOVER (2003)
# teff = 11000 K (value for the effective temperature for the model. Temperatures are given in K)
# logg = 2.5 log(cm/s2) (value for Log(G) for the model.)
# meta = 0.2  (value for the Metallicity for the model.)
# lh = 1.25  (l/Hp where l is the  mixing length of the convective element and Hp is the pressure scale height)
# vtur = 2 km/s (Microturbulence velocity)
# alpha = 0  (Alpha)
#
# column 1: WAVELENGTH (ANGSTROM), Wavelength in Angstrom
# column 2: FLUX (ERG/CM2/S/A), Flux in erg/cm2/s/A
          256.8     3.94317e-23 
            260     1.09068e-22 
            264     3.45849e-22 
          268.5     1.16417e-21 
          273.5     4.25319e-21 
          278.5     1.49779e-20 
            284     5.67644e-20 
            290     2.29545e-19 
            296     8.73715e-19 
            301     2.57782e-18 
            308      1.1079e-17 
            318     7.98656e-17 
            328     5.14298e-16 
            338     2.97436e-15 
            348     1.56958e-14 
            357     6.70374e-14 
            366     2.59337e-13 
            375      9.3587e-13 
            385     3.66932e-12 
            395     1.33686e-11 
            405     4.61538e-11 
            414     1.33729e-10 
            422     3.31598e-10 
            430     7.88891e-10 
            441      2.52288e-9 
            451      6.86018e-9 
            460      1.62877e-8 
            470      4.09133e-8 
            480      9.91351e-8 
            490      2.32204e-7 
            500      5.24392e-7 
            506      8.02115e-6 
            512      1.81133e-5 
            520      3.05521e-5 
            530      5.74992e-5 
            540     0.000103539 
            550     0.000191516 
            560     0.000338035 
            570     0.000588331 
            580     0.000961825 
            590       0.0016528 
            600      0.00270418 
            610      0.00440908 
            620      0.00697008 
            630       0.0109298 
            640       0.0166631 
            650       0.0256417 
            658       0.0356374 
            665       0.0468559 
            675       0.0690181 
            685         0.10097 
            695        0.146932 
            705        0.208949 
            716        0.306936 
            726        0.431111 
            735        0.577634 
            745        0.796051 
            755         1.08672 
            765         1.46874 
            775         1.98186 
            785         2.64892 
            795         3.47477 
            805         4.58435 
            815         5.99954 
            825         7.76734 
            835         9.92148 
            845         12.8426 
            855         16.3199 
            865          20.727 
            875         25.9431 
            885         32.6819 
            895         40.6841 
            905         49.7967 
            915         4412.22 
            925         31179.2 
            935         42946.4 
            945         74656.1 
            955          173477 
            965          235870 
            975          152122 
            985          340465 
            995          326567 
           1005          413422 
           1015          451318 
           1025          243628 
           1035          385864 
           1045          748750 
           1055          939568 
           1065          901679 
           1075      1.20762e+6 
           1085      1.25817e+6 
           1095      1.49718e+6 
           1105       5.7946e+6 
           1115      3.00217e+7 
           1125       3.3743e+7 
           1135      5.00191e+7 
           1145      4.59365e+7 
           1155      5.79853e+7 
           1165      6.63733e+7 
           1175      5.94827e+7 
           1185      4.24128e+7 
           1195      1.17531e+6 
           1205      2.60463e+6 
           1215          349723 
           1225      2.74195e+6 
           1235      3.06254e+7 
           1245      9.37822e+7 
           1255       1.3104e+8 
           1265      6.83785e+7 
           1275      1.58349e+8 
           1285       2.0726e+8 
           1295      1.33224e+8 
           1305      5.31639e+7 
           1315      1.62112e+8 
           1325      2.02911e+8 
           1335      1.34217e+8 
           1345      2.34927e+8 
           1355      2.30036e+8 
           1365      1.82052e+8 
           1375      2.16398e+8 
           1385      2.19864e+8 
           1395      2.21815e+8 
           1405      2.22619e+8 
           1415      2.02643e+8 
           1425      2.31794e+8 
           1435      2.11615e+8 
           1442      2.40275e+8 
           1447      2.65102e+8 
           1455      2.54543e+8 
           1465      2.29296e+8 
           1475      2.17817e+8 
           1485      2.45268e+8 
           1495      2.62443e+8 
           1505      2.56522e+8 
           1512      2.18394e+8 
           1517      2.49435e+8 
           1525      2.21862e+8 
           1535      1.92568e+8 
           1545      2.44296e+8 
           1555      2.09474e+8 
           1565      1.96392e+8 
           1575      2.02942e+8 
           1585        2.332e+8 
           1595      2.45716e+8 
           1605      2.26811e+8 
           1615      2.30019e+8 
           1625      2.06011e+8 
           1635      2.19818e+8 
           1645      2.26425e+8 
           1655      1.98417e+8 
           1665      2.19225e+8 
           1672      1.27398e+8 
           1677      2.11718e+8 
           1685      2.43893e+8 
           1695      2.29642e+8 
           1705      2.07323e+8 
           1715      1.91463e+8 
           1725      1.90503e+8 
           1735       2.0895e+8 
           1745      2.07812e+8 
           1755      2.38818e+8 
           1765      1.95087e+8 
           1775      2.14311e+8 
           1785       2.1583e+8 
           1795      2.49058e+8 
           1805      2.38605e+8 
           1815      2.28081e+8 
           1825      2.22511e+8 
           1835      2.11444e+8 
           1845      1.92204e+8 
           1855       1.8729e+8 
           1865      1.93692e+8 
           1875      2.23726e+8 
           1885      2.08307e+8 
           1895      2.00858e+8 
           1905      2.01537e+8 
           1915      2.02252e+8 
           1925      2.06277e+8 
           1935      2.11757e+8 
           1945      2.15211e+8 
           1955      2.06668e+8 
           1967      2.29246e+8 
           1976      2.35672e+8 
           1984      2.19496e+8 
           1995      2.08014e+8 
           2005      2.15109e+8 
           2015       1.9728e+8 
           2025      2.13545e+8 
           2035      2.02064e+8 
           2045      2.15163e+8 
           2055      1.97882e+8 
           2065      1.97773e+8 
           2074      2.16615e+8 
           2078      2.11524e+8 
           2085      2.13668e+8 
           2095      2.01247e+8 
           2105      1.96509e+8 
           2115      1.96255e+8 
           2125      2.01387e+8 
           2135      1.69487e+8 
           2145      1.86857e+8 
           2155      1.98293e+8 
           2165      1.85735e+8 
           2175      1.80567e+8 
           2185      1.75936e+8 
           2195      1.91116e+8 
           2205      1.80468e+8 
           2215      1.62395e+8 
           2225      1.53047e+8 
           2235      1.74276e+8 
           2245      1.55393e+8 
           2255      1.46483e+8 
           2265      1.55311e+8 
           2275      1.63739e+8 
           2285      1.69965e+8 
           2295      1.61148e+8 
           2305      1.50251e+8 
           2315      1.39747e+8 
           2325      1.38471e+8 
           2335      1.24788e+8 
           2345       1.1656e+8 
           2355      1.37744e+8 
           2365      1.14833e+8 
           2375      1.23966e+8 
           2385      1.05828e+8 
           2395      1.22857e+8 
           2405       1.1365e+8 
           2415      1.20365e+8 
           2425      1.32802e+8 
           2435      1.25659e+8 
           2445      1.38478e+8 
           2455      1.32289e+8 
           2465      1.32328e+8 
           2475      1.26125e+8 
           2485      1.36679e+8 
           2495      1.30781e+8 
           2505      1.47329e+8 
           2513      1.26158e+8 
           2518      1.33572e+8 
           2525      1.20742e+8 
           2535      1.23385e+8 
           2545      1.19527e+8 
           2555      1.29956e+8 
           2565      1.25252e+8 
           2575      1.39223e+8 
           2585      1.34219e+8 
           2595      1.30462e+8 
           2605      1.22717e+8 
           2615      1.21725e+8 
           2625      1.31532e+8 
           2635      1.32722e+8 
           2645      1.51074e+8 
           2655      1.47746e+8 
           2665       1.3096e+8 
           2675      1.40491e+8 
           2685      1.35104e+8 
           2695      1.31629e+8 
           2705      1.37747e+8 
           2715      1.29263e+8 
           2725      1.31563e+8 
           2735      1.42997e+8 
           2745      1.14458e+8 
           2755      1.15411e+8 
           2765      1.20269e+8 
           2775      1.32598e+8 
           2785      1.32036e+8 
           2795      1.02096e+8 
           2805       1.1637e+8 
           2815      1.35507e+8 
           2825      1.39167e+8 
           2835      1.29023e+8 
           2845      1.24487e+8 
           2855      1.22137e+8 
           2865      1.31434e+8 
           2875      1.25781e+8 
           2885      1.28165e+8 
           2895      1.21411e+8 
           2910      1.37259e+8 
           2930      1.30973e+8 
           2950      1.30307e+8 
           2970      1.32034e+8 
           2990      1.32456e+8 
           3010      1.36178e+8 
           3030      1.33205e+8 
           3050      1.30573e+8 
           3070      1.28641e+8 
           3090      1.30611e+8 
           3110      1.25696e+8 
           3130      1.24175e+8 
           3150      1.26006e+8 
           3170      1.23719e+8 
           3190      1.18763e+8 
           3210      1.21204e+8 
           3230      1.18819e+8 
           3250      1.18624e+8 
           3270      1.18185e+8 
           3290      1.18054e+8 
           3310       1.1799e+8 
           3330      1.15051e+8 
           3350      1.13145e+8 
           3370       1.1234e+8 
           3390      1.10654e+8 
           3410      1.12195e+8 
           3430      1.11015e+8 
           3450      1.09976e+8 
           3470       1.0787e+8 
           3490      1.06801e+8 
           3510      1.07447e+8 
           3530       1.0746e+8 
           3550      1.06797e+8 
           3570      1.04879e+8 
           3590      1.03877e+8 
           3610      1.02918e+8 
           3630      1.01755e+8 
           3640      1.01512e+8 
           3650      1.02351e+8 
           3670      1.00232e+8 
           3690      9.83374e+7 
           3710      1.15339e+8 
           3730      1.34517e+8 
           3750      1.76147e+8 
           3770      1.76542e+8 
           3790      1.94251e+8 
           3810      2.09875e+8 
           3830      1.76886e+8 
           3850      2.12049e+8 
           3870      2.16765e+8 
           3890      1.67789e+8 
           3910       2.1099e+8 
           3930      2.07374e+8 
           3950      2.08064e+8 
           3970      1.56578e+8 
           3990      2.01937e+8 
           4010      1.99834e+8 
           4030      1.95181e+8 
           4050      1.95709e+8 
           4070      1.91018e+8 
           4090      1.81312e+8 
           4110      1.50693e+8 
           4130      1.81214e+8 
           4150       1.8237e+8 
           4170      1.78781e+8 
           4190      1.77194e+8 
           4210      1.75515e+8 
           4230      1.72566e+8 
           4250      1.69415e+8 
           4270      1.66611e+8 
           4290      1.65906e+8 
           4310      1.61876e+8 
           4330      1.48796e+8 
           4350      1.30725e+8 
           4370      1.56772e+8 
           4390      1.52861e+8 
           4410      1.52868e+8 
           4430      1.50449e+8 
           4450      1.49305e+8 
           4470      1.46341e+8 
           4490      1.43259e+8 
           4510      1.42816e+8 
           4530      1.40575e+8 
           4550      1.37166e+8 
           4570      1.38138e+8 
           4590      1.34517e+8 
           4610      1.35467e+8 
           4630       1.3099e+8 
           4650      1.31913e+8 
           4670      1.29568e+8 
           4690      1.28327e+8 
           4710      1.24963e+8 
           4730      1.24998e+8 
           4750      1.23362e+8 
           4770      1.22619e+8 
           4790       1.2097e+8 
           4810      1.18945e+8 
           4830      1.16771e+8 
           4850      1.08268e+8 
           4870      9.23298e+7 
           4890      1.12774e+8 
           4910      1.11746e+8 
           4930      1.09366e+8 
           4950       1.0909e+8 
           4970       1.0812e+8 
           4990      1.06325e+8 
           5010      1.03063e+8 
           5030      1.02779e+8 
           5050      1.00741e+8 
           5070       1.0077e+8 
           5090       9.9552e+7 
           5110      9.79389e+7 
           5130      9.73614e+7 
           5150      9.52743e+7 
           5170      9.40523e+7 
           5190      9.33386e+7 
           5210      9.18587e+7 
           5230      9.04826e+7 
           5250      9.03754e+7 
           5270      8.83194e+7 
           5290      8.88025e+7 
           5310      8.66157e+7 
           5330      8.65132e+7 
           5350      8.58571e+7 
           5370      8.47863e+7 
           5390      8.38198e+7 
           5410      8.25705e+7 
           5430      8.17014e+7 
           5450      8.11219e+7 
           5470      8.00664e+7 
           5490      7.93092e+7 
           5510      7.82468e+7 
           5530      7.76239e+7 
           5550      7.68674e+7 
           5570      7.59703e+7 
           5590      7.52082e+7 
           5610      7.46083e+7 
           5630      7.37998e+7 
           5650      7.24498e+7 
           5670      7.18799e+7 
           5690      7.13568e+7 
           5710      7.06406e+7 
           5730      6.98661e+7 
           5750      6.90892e+7 
           5770      6.83666e+7 
           5790      6.74344e+7 
           5810      6.68002e+7 
           5830      6.60944e+7 
           5850      6.54605e+7 
           5870      6.43067e+7 
           5890      6.37795e+7 
           5910      6.33464e+7 
           5930      6.27891e+7 
           5950      6.16622e+7 
           5970      6.12867e+7 
           5990      6.04739e+7 
           6010      6.01535e+7 
           6030      5.95344e+7 
           6050      5.88491e+7 
           6070      5.82401e+7 
           6090      5.76327e+7 
           6110      5.71036e+7 
           6130        5.648e+7 
           6150      5.53054e+7 
           6170      5.53077e+7 
           6190      5.48004e+7 
           6210      5.42595e+7 
           6230      5.35846e+7 
           6250      5.25266e+7 
           6270      5.26242e+7 
           6290      5.20587e+7 
           6310      5.13517e+7 
           6330      5.09873e+7 
           6350      4.98173e+7 
           6370      4.95208e+7 
           6390      4.94161e+7 
           6410      4.88597e+7 
           6430      4.84897e+7 
           6450      4.76797e+7 
           6470      4.75968e+7 
           6490      4.68961e+7 
           6510      4.64128e+7 
           6530      4.58374e+7 
           6550      4.34109e+7 
           6570      3.65358e+7 
           6590      4.43039e+7 
           6610      4.43078e+7 
           6630      4.39217e+7 
           6650      4.35838e+7 
           6670      4.30485e+7 
           6690      4.26627e+7 
           6710      4.23359e+7 
           6730      4.18917e+7 
           6750      4.15231e+7 
           6770      4.11499e+7 
           6790      4.07248e+7 
           6810      4.03479e+7 
           6830      3.99028e+7 
           6850      3.95633e+7 
           6870      3.92016e+7 
           6890      3.88521e+7 
           6910      3.84682e+7 
           6930      3.80464e+7 
           6950      3.77747e+7 
           6970      3.74241e+7 
           6990      3.71131e+7 
           7010      3.67015e+7 
           7030      3.64244e+7 
           7050      3.59709e+7 
           7070      3.56607e+7 
           7090       3.5441e+7 
           7110      3.50251e+7 
           7130      3.47377e+7 
           7150      3.44552e+7 
           7170      3.41438e+7 
           7190      3.38455e+7 
           7210      3.35551e+7 
           7230      3.31586e+7 
           7250      3.29078e+7 
           7270      3.26464e+7 
           7290      3.23329e+7 
           7310      3.20243e+7 
           7330       3.1772e+7 
           7350      3.15303e+7 
           7370      3.12491e+7 
           7390      3.09671e+7 
           7410      3.06773e+7 
           7430      3.03295e+7 
           7450      3.00963e+7 
           7470      2.97544e+7 
           7490      2.95662e+7 
           7510      2.92679e+7 
           7530       2.9104e+7 
           7550      2.88569e+7 
           7570       2.8608e+7 
           7590      2.83475e+7 
           7610      2.81369e+7 
           7630      2.78815e+7 
           7650      2.75969e+7 
           7670      2.73885e+7 
           7690      2.71487e+7 
           7710      2.68864e+7 
           7730      2.66983e+7 
           7750      2.64691e+7 
           7770      2.58001e+7 
           7790      2.60204e+7 
           7810      2.58274e+7 
           7830      2.55942e+7 
           7850      2.52787e+7 
           7870      2.50379e+7 
           7890      2.47701e+7 
           7910      2.47317e+7 
           7930      2.45514e+7 
           7950      2.42248e+7 
           7970      2.41425e+7 
           7990      2.36931e+7 
           8010      2.37452e+7 
           8030      2.35429e+7 
           8050      2.33493e+7 
           8070      2.31557e+7 
           8090      2.29625e+7 
           8110      2.27623e+7 
           8130      2.25968e+7 
           8150      2.24135e+7 
           8170      2.22401e+7 
           8190      2.19985e+7 
           8210       2.1764e+7 
           8230      2.15377e+7 
           8250      2.15336e+7 
           8270      2.14268e+7 
           8290      2.11678e+7 
           8310      2.10573e+7 
           8330      2.08087e+7 
           8350      2.06437e+7 
           8370      2.03613e+7 
           8390      2.01921e+7 
           8410       1.9939e+7 
           8430      2.00407e+7 
           8450      1.97111e+7 
           8470      1.90914e+7 
           8490      2.03448e+7 
           8510      1.86487e+7 
           8530      2.05273e+7 
           8550      1.80412e+7 
           8570      2.06644e+7 
           8590      1.93205e+7 
           8610      1.87592e+7 
           8630      2.07675e+7 
           8650      2.03292e+7 
           8670      1.70846e+7 
           8690      2.03894e+7 
           8710      2.06078e+7 
           8730      2.01739e+7 
           8750      1.66285e+7 
           8770      1.95509e+7 
           8790      2.00257e+7 
           8810      1.98887e+7 
           8830      1.95538e+7 
           8850      1.86733e+7 
           8870      1.60629e+7 
           8890      1.90858e+7 
           8910      1.90808e+7 
           8930      1.89227e+7 
           8950      1.88956e+7 
           8970      1.87112e+7 
           8990      1.83987e+7 
           9010      1.56548e+7 
           9030      1.70127e+7 
           9050      1.80521e+7 
           9070      1.77903e+7 
           9090      1.76633e+7 
           9110      1.76644e+7 
           9130        1.755e+7 
           9150      1.74887e+7 
           9170      1.72875e+7 
           9190      1.70147e+7 
           9210      1.66158e+7 
           9230      1.37084e+7 
           9250      1.61831e+7 
           9270      1.62523e+7 
           9290      1.65085e+7 
           9310      1.64477e+7 
           9330      1.62915e+7 
           9350      1.62172e+7 
           9370      1.60957e+7 
           9390      1.59255e+7 
           9410      1.56328e+7 
           9430      1.57195e+7 
           9450      1.56319e+7 
           9470      1.54971e+7 
           9490      1.53825e+7 
           9510       1.5197e+7 
           9530      1.47227e+7 
           9550      1.23268e+7 
           9570        1.465e+7 
           9590      1.47946e+7 
           9610      1.47013e+7 
           9630      1.44307e+7 
           9650      1.45222e+7 
           9670      1.43603e+7 
           9690      1.43039e+7 
           9710       1.4221e+7 
           9730      1.41129e+7 
           9750       1.4002e+7 
           9770      1.39163e+7 
           9790      1.38095e+7 
           9810      1.36993e+7 
           9830      1.35859e+7 
           9850      1.34923e+7 
           9870      1.34056e+7 
           9890      1.32771e+7 
           9910       1.3219e+7 
           9930      1.31257e+7 
           9950      1.30296e+7 
           9970      1.29417e+7 
           9990      1.28454e+7 
          10025      1.22457e+7 
          10075      1.16401e+7 
          10125      1.21457e+7 
          10175      1.20234e+7 
          10225       1.1842e+7 
          10275      1.16392e+7 
          10325      1.14331e+7 
          10375      1.12413e+7 
          10425      1.10574e+7 
          10475      1.08539e+7 
          10525      1.06596e+7 
          10575      1.05024e+7 
          10625      1.03357e+7 
          10675       1.0093e+7 
          10725      9.97325e+6 
          10775      9.82314e+6 
          10825      9.64323e+6 
          10875      9.49488e+6 
          10925      8.55784e+6 
          10975      9.04678e+6 
          11025      9.05603e+6 
          11075       8.9167e+6 
          11125      8.77281e+6 
          11175      8.63173e+6 
          11225       8.4976e+6 
          11275      8.29171e+6 
          11325      8.18018e+6 
          11375      8.10027e+6 
          11425      7.97209e+6 
          11475      7.85356e+6 
          11525      7.73281e+6 
          11575        7.613e+6 
          11625      7.47406e+6 
          11675      7.35739e+6 
          11725      7.26545e+6 
          11775      7.11693e+6 
          11825      7.04152e+6 
          11875      6.92918e+6 
          11925      6.84153e+6 
          11975      6.73066e+6 
          12025      6.63677e+6 
          12075      6.53773e+6 
          12125      6.43908e+6 
          12175      6.34691e+6 
          12225       6.2525e+6 
          12275      6.15841e+6 
          12325       6.0706e+6 
          12375      5.98351e+6 
          12425      5.89958e+6 
          12475      5.79961e+6 
          12525      5.72987e+6 
          12575       5.6377e+6 
          12625      5.56382e+6 
          12675      5.48882e+6 
          12725      5.41134e+6 
          12775      5.30235e+6 
          12825      4.81606e+6 
          12875      5.16804e+6 
          12925      5.11415e+6 
          12975      5.04303e+6 
          13025      4.97419e+6 
          13075      4.90514e+6 
          13125      4.83766e+6 
          13175      4.76065e+6 
          13225      4.70641e+6 
          13275      4.64238e+6 
          13325      4.57917e+6 
          13375       4.5172e+6 
          13425      4.45435e+6 
          13475      4.39418e+6 
          13525      4.33353e+6 
          13575      4.27734e+6 
          13625      4.22043e+6 
          13675      4.16082e+6 
          13725      4.10596e+6 
          13775      4.05695e+6 
          13825      4.00381e+6 
          13875      3.95211e+6 
          13925       3.8991e+6 
          13975      3.84907e+6 
          14025      3.80003e+6 
          14075      3.75083e+6 
          14125      3.70148e+6 
          14175      3.65516e+6 
          14225      3.60847e+6 
          14275      3.56253e+6 
          14325      3.51715e+6 
          14375      3.47212e+6 
          14425      3.41858e+6 
          14475      3.38458e+6 
          14525       3.3381e+6 
          14570      3.30562e+6 
          14620       3.2656e+6 
          14675      3.22368e+6 
          14725      3.18375e+6 
          14775      3.14153e+6 
          14825      3.10735e+6 
          14875      3.06743e+6 
          14925      3.03186e+6 
          14975      2.99199e+6 
          15025      2.95292e+6 
          15075      2.91397e+6 
          15125      2.87645e+6 
          15175      2.84182e+6 
          15225        2.824e+6 
          15275      2.75985e+6 
          15325      2.72856e+6 
          15375      2.72885e+6 
          15425      2.64152e+6 
          15475      2.67434e+6 
          15525       2.6523e+6 
          15575      2.52364e+6 
          15625      2.61815e+6 
          15675      2.54214e+6 
          15725      2.44205e+6 
          15775      2.53968e+6 
          15825      2.51223e+6 
          15875      2.30987e+6 
          15925       2.4423e+6 
          15975      2.44209e+6 
          16050        2.387e+6 
          16150      2.25484e+6 
          16250      2.30278e+6 
          16350      2.22904e+6 
          16450      2.10735e+6 
          16550      2.15115e+6 
          16650      2.10324e+6 
          16750      2.03456e+6 
          16850      1.92556e+6 
          16950      1.96572e+6 
          17050      1.92368e+6 
          17150      1.88261e+6 
          17250      1.84059e+6 
          17350       1.7123e+6 
          17450      1.75719e+6 
          17550      1.72572e+6 
          17650      1.68978e+6 
          17750      1.65393e+6 
          17850       1.6202e+6 
          17950      1.58782e+6 
          18050      1.55061e+6 
          18150      1.45295e+6 
          18250      1.48085e+6 
          18350      1.46128e+6 
          18450      1.43198e+6 
          18550      1.40159e+6 
          18650      1.37295e+6 
          18750      1.28419e+6 
          18850      1.31863e+6 
          18950      1.29468e+6 
          19050       1.2697e+6 
          19150      1.24497e+6 
          19250      1.22058e+6 
          19350      1.19582e+6 
          19450      1.11813e+6 
          19550      1.15039e+6 
          19650      1.13002e+6 
          19750      1.10847e+6 
          19850      1.08758e+6 
          19950      1.06724e+6 
          20050      1.04734e+6 
          20150      1.02778e+6 
          20250      1.00875e+6 
          20350          990123 
          20450          971996 
          20550          954263 
          20650          936915 
          20750          919944 
          20850          903428 
          20950          887185 
          21050          871378 
          21150          855494 
          21250          840453 
          21350          825342 
          21450          811139 
          21550          796546 
          21650          746655 
          21750          767909 
          21850          756556 
          21950          743579 
          22050          730930 
          22150          718387 
          22250          706336 
          22350          694441 
          22450          682796 
          22550          671323 
          22650          660188 
          22750          649214 
          22850          638789 
          22950          628320 
          23050          618151 
          23150          608126 
          23250          598328 
          23350          588681 
          23450          579232 
          23550          569935 
          23650          560754 
          23750          551827 
          23850          542978 
          23950          534289 
          24050          525270 
          24150          516549 
          24250          510280 
          24350          500671 
          24450          492172 
          24550          487090 
          24650          477584 
          24750          470430 
          24850          467024 
          24950          450591 
          25050          453298 
          25150          446770 
          25250          428165 
          25350          433241 
          25450          427831 
          25550          420610 
          25650          400686 
          25750          408937 
          25850          403677 
          25950          397869 
          26050          389930 
          26150          370420 
          26250          361742 
          26350          374368 
          26450          370837 
          26550          365510 
          26650          359255 
          26750          337921 
          26850          349084 
          26950          345140 
          27050          340276 
          27150          335504 
          27250          330799 
          27350          326178 
          27450          321401 
          27550          303566 
          27650          308889 
          27750          308482 
          27850          304250 
          27950          300090 
          28050          295996 
          28150          291957 
          28250          287991 
          28350          284112 
          28450          280284 
          28550          276549 
          28650          271079 
          28750          256462 
          28850          265274 
          28950          261930 
          29050          258679 
          29150          255209 
          29250          251926 
          29350          248620 
          29450          245397 
          29550          242229 
          29650          239093 
          29750          236012 
          29850          232983 
          29950          229997 
          30050          227055 
          30150          224163 
          30250          221181 
          30350          210491 
          30450          212040 
          30550          212951 
          30650          210396 
          30750          207759 
          30850          204989 
          30950          202625 
          31050          200122 
          31150          197651 
          31250          195219 
          31350          192834 
          31450          190463 
          31550          188164 
          31650          185863 
          31750          183618 
          31850          181416 
          31950          179227 
          32100          176020 
          32300          171850 
          32500          167798 
          32700          163863 
          32900          155438 
          33100          155412 
          33300          152433 
          33500          148983 
          33700          145581 
          33900          142318 
          34100          139131 
          34300          136030 
          34500          133024 
          34700          130084 
          34900          127212 
          35100          124445 
          35300          121748 
          35500          119062 
          35700          116434 
          35900          114211 
          36100          111425 
          36300          109466 
          36500          106649 
          36700          104987 
          36900          102014 
          37100          100660 
          37300         97596.2 
          37500         93975.4 
          37700         94661.5 
          37900         92802.2 
          38100         90083.8 
          38300         88552.2 
          38500         87365.1 
          38700         85631.9 
          38900           83830 
          39100         80692.7 
          39300         80758.9 
          39500         79211.6 
          39700           77708 
          39900         76190.2 
          40100           74010 
          40300           72013 
          40500         70093.1 
          40700         70486.2 
          40900           69195 
          41100         67894.3 
          41300         66619.9 
          41500         65338.4 
          41700           62408 
          41900         62925.2 
          42100         61818.6 
          42300         60690.1 
          42500         59584.3 
          42700         58502.6 
          42900         57444.6 
          43100         56411.8 
          43300         55401.6 
          43500         54413.5 
          43700         52093.8 
          43900         52273.1 
          44100         51579.2 
          44300         50676.8 
          44500         49792.4 
          44700         48995.2 
          44900         48079.5 
          45100         47253.9 
          45300         46437.4 
          45500         45651.5 
          45700         44875.8 
          45900         44117.3 
          46100         43370.1 
          46300         42611.4 
          46500         40743.8 
          46700         39999.9 
          46900         40466.2 
          47100         39880.4 
          47300         39232.4 
          47500         38585.4 
          47700         37962.9 
          47900         37347.7 
          48100           36743 
          48300         36156.7 
          48500         35566.1 
          48700         35009.3 
          48900         34439.9 
          49100         33906.8 
          49300         33350.1 
          49500         32856.7 
          49700         32292.3 
          49900         31840.3 
          50100         31337.5 
          50300           30791 
          50500           30391 
          50700         29920.1 
          50900         29353.9 
          51100         28957.2 
          51300         27735.5 
          51500         28105.7 
          51700         27571.6 
          51900         27325.9 
          52100         26945.8 
          52300         26544.6 
          52500         26073.4 
          52700         25546.3 
          52900         25381.8 
          53100         25010.5 
          53300         24644.2 
          53500         24283.9 
          53700         23750.6 
          53900         23420.4 
          54100         23243.7 
          54300         22909.2 
          54500         22580.3 
          54700         22258.1 
          54900         21941.2 
          55100         21567.6 
          55300         20995.5 
          55500         21019.3 
          55700         20727.8 
          55900         20438.7 
          56100         20153.1 
          56300         19873.5 
          56500         19598.5 
          56700         19328.1 
          56900         19044.7 
          57100         18405.4 
          57300         18514.7 
          57500         18292.7 
          57700           18045 
          57900         17800.3 
          58100         17560.8 
          58300         17316.4 
          58500         17085.9 
          58700         16854.9 
          58900         16596.2 
          59100         15910.2 
          59300         16167.3 
          59500         15627.8 
          59700         15677.6 
          59900         15565.8 
          60100         15369.5 
          60300         15199.4 
          60500         15002.3 
          60700         14809.5 
          60900         14618.9 
          61100         14430.6 
          61300         14247.3 
          61500         14065.2 
          61700         13886.1 
          61900         13710.9 
          62100         13537.8 
          62300         13365.6 
          62500         13188.5 
          62700         12990.5 
          62900         12476.7 
          63100         12653.2 
          63300         12540.4 
          63500         12396.2 
          63700           12246 
          63900         12094.8 
          64200         11874.1 
          64600         11585.8 
          65000         11303.7 
          65400         11037.2 
          65800         10768.6 
          66200         10513.3 
          66600         10269.4 
          67000         10027.9 
          67400         9774.09 
          67800         9402.58 
          68200         9334.73 
          68600         9140.53 
          69000         8934.37 
          69400         8709.65 
          69800         8535.88 
          70200         8346.38 
          70600         8159.11 
          71000         7952.35 
          71400         7804.38 
          71800         7634.35 
          72200         7469.05 
          72600         7274.76 
          73000         7145.77 
          73400         6998.17 
          73800         6849.47 
          74200         6693.99 
          74600         6432.11 
          75000         6205.69 
          75400         6272.35 
          75800         6162.72 
          76200         6036.36 
          76600         5912.36 
          77000         5792.32 
          77400         5671.54 
          77800         5501.96 
          78200          5445.7 
          78600         5340.23 
          79000         5234.13 
          79400         5130.67 
          79800         5029.73 
          80200         4931.25 
          80600         4835.22 
          81000         4741.42 
          81400         4595.26 
          81800         4546.55 
          82200         4473.47 
          82600         4388.39 
          83000         4305.29 
          83400         4224.12 
          83800         4144.62 
          84200          4067.5 
          84600         3991.92 
          85000         3918.04 
          85400         3845.93 
          85800         3775.36 
          86200         3705.11 
          86600         3576.08 
          87000         3568.35 
          87400         3468.84 
          87800         3409.06 
          88200          3384.6 
          88600         3321.57 
          89000         3265.67 
          89400         3208.18 
          89800         3151.92 
          90200         3096.61 
          90600         3039.13 
          91000         2990.36 
          91400         2938.81 
          91800          2888.4 
          92200         2838.97 
          92600         2781.46 
          93000         2743.39 
          93400         2696.66 
          93800         2602.21 
          94200         2598.79 
          94600         2563.94 
          95000         2516.84 
          95400         2473.27 
          95800          2438.9 
          96200         2398.92 
          96600         2359.76 
          97000         2321.32 
          97400         2283.74 
          97800          2246.9 
          98200         2207.66 
          98600         2165.02 
          99000         2140.72 
          99400         2106.75 
          99800          2073.4 
         100200         2040.75 
         200000         129.407 
         400000         7.97701 
         600000         1.55485 
         800000        0.486534 
         1.0e+6        0.197482 
         1.2e+6        0.094512 
         1.4e+6       0.0506836 
         1.6e+6       0.0295409 
