# Kurucz ODFNEW /NOVER (2003)
# teff = 8250 K (value for the effective temperature for the model. Temperatures are given in K)
# logg = 3 log(cm/s2) (value for Log(G) for the model.)
# meta = 0  (value for the Metallicity for the model.)
# lh = 1.25  (l/Hp where l is the  mixing length of the convective element and Hp is the pressure scale height)
# vtur = 2 km/s (Microturbulence velocity)
# alpha = 0  (Alpha)
#
# column 1: WAVELENGTH (ANGSTROM), Wavelength in Angstrom
# column 2: FLUX (ERG/CM2/S/A), Flux in erg/cm2/s/A
            338     1.20682e-23 
            348     1.88772e-22 
            357     1.40743e-21 
            366     9.36818e-21 
            375     5.67298e-20 
            385     3.78852e-19 
            395     2.29053e-18 
            405     1.26314e-17 
            414     5.45853e-17 
            422     1.89879e-16 
            430     6.29458e-16 
            441     3.03815e-15 
            451     1.18578e-14 
            460     3.83174e-14 
            470     1.33518e-13 
            480     4.40695e-13 
            490     1.38241e-12 
            500     4.13423e-12 
            506     7.05724e-12 
            512     1.42744e-11 
            520     3.18827e-11 
            530     8.53308e-11 
            540     2.13028e-10 
            550     5.29837e-10 
            560      1.25416e-9 
            570      2.87585e-9 
            580      6.29488e-9 
            590      1.38354e-8 
            600      2.86607e-8 
            610      3.65947e-9 
            620      6.86992e-9 
            630      1.26155e-8 
            640      2.26829e-8 
            650      4.00047e-8 
            658      6.20985e-8 
            665      9.02498e-8 
            675      1.51957e-7 
            685      2.51493e-7 
            695      4.09553e-7 
            705      6.53998e-7 
            716       1.0837e-6 
            726      1.68446e-6 
            735      2.47638e-6 
            745      3.75158e-6 
            755       5.6156e-6 
            765       8.3061e-6 
            775      1.21457e-5 
            785      1.75763e-5 
            795       2.4915e-5 
            805       3.5467e-5 
            815      4.98901e-5 
            825      6.93154e-5 
            835      9.54109e-5 
            845     0.000130247 
            855     0.000176248 
            865     0.000236568 
            875     0.000314074 
            885     0.000416284 
            895     0.000546217 
            905     0.000707807 
            915        0.360974 
            925         1.19136 
            935           1.537 
            945         1.99691 
            955         2.75691 
            965          3.5385 
            975         4.27763 
            985         5.43685 
            995         6.49785 
           1005         8.61272 
           1015         10.6211 
           1025         12.2102 
           1035         15.8017 
           1045         19.4649 
           1055         23.6549 
           1065         27.9017 
           1075         34.2557 
           1085         41.2819 
           1095         48.1915 
           1105         134.117 
           1115         400.328 
           1125         569.756 
           1135         774.441 
           1145         943.041 
           1155         1020.62 
           1165         1335.49 
           1175         1513.36 
           1185         1579.52 
           1195         761.149 
           1205         670.396 
           1215         149.551 
           1225         752.844 
           1235         1888.68 
           1245         4154.16 
           1255         9235.82 
           1265         9245.76 
           1275         15598.9 
           1285         23339.9 
           1295         29362.9 
           1305         22503.9 
           1315         40084.1 
           1325           50820 
           1335         53568.3 
           1345           74289 
           1355         75318.2 
           1365         79803.2 
           1375         87400.2 
           1385           90758 
           1395          103123 
           1405          120195 
           1415          123432 
           1425          144018 
           1435          138767 
           1442          164643 
           1447          183398 
           1455          227815 
           1465          236300 
           1475          251791 
           1485          282441 
           1495          323343 
           1505          348334 
           1512          326660 
           1517          371836 
           1525          401073 
           1535      1.83294e+6 
           1545      5.54404e+6 
           1555      4.72091e+6 
           1565      3.98814e+6 
           1575      6.94557e+6 
           1585       8.6586e+6 
           1595      1.06752e+7 
           1605      9.47957e+6 
           1615      8.89686e+6 
           1625      7.50299e+6 
           1635      8.89785e+6 
           1645      1.24594e+7 
           1655      7.15821e+6 
           1665      1.20665e+7 
           1672      4.77504e+6 
           1677       1.3551e+7 
           1685      1.72958e+7 
           1695      1.51871e+7 
           1705      1.48669e+7 
           1715       1.7909e+7 
           1725      1.81058e+7 
           1735      2.15533e+7 
           1745      2.01403e+7 
           1755      2.45667e+7 
           1765      1.77564e+7 
           1775      2.28564e+7 
           1785      2.13087e+7 
           1795      2.74898e+7 
           1805      2.36211e+7 
           1815      2.53377e+7 
           1825       2.2129e+7 
           1835      2.05403e+7 
           1845       1.8314e+7 
           1855      2.06833e+7 
           1865       2.2377e+7 
           1875      2.18689e+7 
           1885      2.23118e+7 
           1895      2.39328e+7 
           1905      2.14939e+7 
           1915      2.33318e+7 
           1925      2.35058e+7 
           1935      1.85607e+7 
           1945      2.47417e+7 
           1955      2.48382e+7 
           1967      2.69323e+7 
           1976      2.63324e+7 
           1984      2.51194e+7 
           1995      2.43188e+7 
           2005      2.29532e+7 
           2015      2.17201e+7 
           2025      2.05939e+7 
           2035      2.31202e+7 
           2045      2.54097e+7 
           2055      2.33583e+7 
           2065      2.23366e+7 
           2074      2.65144e+7 
           2078      2.76871e+7 
           2085      2.64278e+7 
           2095      2.48722e+7 
           2105      2.29293e+7 
           2115      2.33185e+7 
           2125        2.424e+7 
           2135      1.85826e+7 
           2145      2.25414e+7 
           2155      2.29046e+7 
           2165        2.091e+7 
           2175      2.07126e+7 
           2185      2.15958e+7 
           2195      2.35967e+7 
           2205      2.24665e+7 
           2215      1.94407e+7 
           2225      1.88759e+7 
           2235      2.28275e+7 
           2245      2.01796e+7 
           2255      1.85237e+7 
           2265      1.87659e+7 
           2275      2.06721e+7 
           2285      2.17153e+7 
           2295      1.97312e+7 
           2305      2.02368e+7 
           2315      1.91949e+7 
           2325      1.85074e+7 
           2335      1.54417e+7 
           2345       1.2783e+7 
           2355        1.824e+7 
           2365      1.30958e+7 
           2375      1.60233e+7 
           2385      1.11504e+7 
           2395      1.36735e+7 
           2405      1.30077e+7 
           2415      1.42392e+7 
           2425      1.81458e+7 
           2435      1.75027e+7 
           2445      1.89183e+7 
           2455      1.85432e+7 
           2465      1.82951e+7 
           2475      1.70658e+7 
           2485      1.78078e+7 
           2495      1.68496e+7 
           2505      2.08542e+7 
           2513      1.68608e+7 
           2518      1.76727e+7 
           2525      1.54276e+7 
           2535      1.46864e+7 
           2545      1.45869e+7 
           2555      1.68004e+7 
           2565      1.59888e+7 
           2575      1.82205e+7 
           2585      1.79422e+7 
           2595       1.6903e+7 
           2605      1.56132e+7 
           2615      1.47657e+7 
           2625      1.80065e+7 
           2635      1.89737e+7 
           2645      2.39311e+7 
           2655      2.40494e+7 
           2665      2.01848e+7 
           2675       2.1979e+7 
           2685      2.15308e+7 
           2695      2.02618e+7 
           2705      2.12516e+7 
           2715      1.92351e+7 
           2725       1.9641e+7 
           2735      2.16542e+7 
           2745      1.52866e+7 
           2755      1.67711e+7 
           2765      1.80041e+7 
           2775      2.10423e+7 
           2785      1.91672e+7 
           2795      9.38686e+6 
           2805      1.18587e+7 
           2815      2.15534e+7 
           2825      2.35003e+7 
           2835      2.21874e+7 
           2845      2.11236e+7 
           2855       1.9587e+7 
           2865      2.24434e+7 
           2875      2.16048e+7 
           2885      2.21125e+7 
           2895      2.07194e+7 
           2910      2.44613e+7 
           2930      2.31881e+7 
           2950      2.30129e+7 
           2970      2.41031e+7 
           2990      2.43767e+7 
           3010      2.49637e+7 
           3030      2.46331e+7 
           3050      2.44845e+7 
           3070      2.46258e+7 
           3090      2.52581e+7 
           3110      2.43391e+7 
           3130      2.42087e+7 
           3150      2.51609e+7 
           3170      2.50449e+7 
           3190      2.35065e+7 
           3210      2.44206e+7 
           3230      2.34948e+7 
           3250      2.43743e+7 
           3270      2.47256e+7 
           3290      2.50287e+7 
           3310      2.54445e+7 
           3330      2.47932e+7 
           3350      2.44658e+7 
           3370      2.42423e+7 
           3390      2.43908e+7 
           3410      2.48543e+7 
           3430      2.50654e+7 
           3450      2.48459e+7 
           3470      2.44709e+7 
           3490      2.43165e+7 
           3510      2.49682e+7 
           3530      2.50211e+7 
           3550       2.5466e+7 
           3570       2.4486e+7 
           3590      2.43887e+7 
           3610      2.44673e+7 
           3630      2.46902e+7 
           3640      2.43147e+7 
           3650      2.52223e+7 
           3670      2.49143e+7 
           3690      2.41049e+7 
           3710      2.74224e+7 
           3730      3.05897e+7 
           3750      4.13739e+7 
           3770      4.50658e+7 
           3790      5.73798e+7 
           3810       6.7666e+7 
           3830      5.22401e+7 
           3850      7.42581e+7 
           3870      8.36925e+7 
           3890      4.64635e+7 
           3910      8.20234e+7 
           3930      7.24779e+7 
           3950       8.1433e+7 
           3970      4.24609e+7 
           3990      8.01137e+7 
           4010      8.71767e+7 
           4030      8.61419e+7 
           4050      8.53231e+7 
           4070      8.18325e+7 
           4090      6.61795e+7 
           4110      4.96088e+7 
           4130      7.79393e+7 
           4150      8.11251e+7 
           4170      7.97941e+7 
           4190      7.88754e+7 
           4210      7.84742e+7 
           4230      7.64433e+7 
           4250      7.60988e+7 
           4270      7.34123e+7 
           4290      7.38716e+7 
           4310       6.8513e+7 
           4330      5.38745e+7 
           4350      4.55301e+7 
           4370      6.87238e+7 
           4390      6.92368e+7 
           4410      6.79206e+7 
           4430      6.75755e+7 
           4450      6.80805e+7 
           4470      6.73067e+7 
           4490      6.63553e+7 
           4510      6.71849e+7 
           4530      6.49224e+7 
           4550      6.34048e+7 
           4570      6.49219e+7 
           4590      6.26836e+7 
           4610      6.38232e+7 
           4630      6.17441e+7 
           4650      6.21567e+7 
           4670      6.14889e+7 
           4690      5.95013e+7 
           4710      5.74652e+7 
           4730      5.93141e+7 
           4750      5.90144e+7 
           4770      5.79477e+7 
           4790      5.72612e+7 
           4810      5.60549e+7 
           4830      5.38944e+7 
           4850       4.2456e+7 
           4870      3.36257e+7 
           4890      5.07366e+7 
           4910      5.26713e+7 
           4930      5.17829e+7 
           4950      5.22063e+7 
           4970      5.22826e+7 
           4990      5.07433e+7 
           5010      4.90737e+7 
           5030      4.97593e+7 
           5050      4.88873e+7 
           5070      4.92205e+7 
           5090      4.85844e+7 
           5110      4.82005e+7 
           5130      4.72499e+7 
           5150      4.63339e+7 
           5170      4.52038e+7 
           5190      4.47791e+7 
           5210      4.48079e+7 
           5230      4.40348e+7 
           5250      4.45843e+7 
           5270      4.24193e+7 
           5290      4.35087e+7 
           5310       4.2603e+7 
           5330      4.15996e+7 
           5350      4.23606e+7 
           5370      4.16825e+7 
           5390      4.12103e+7 
           5410      4.04183e+7 
           5430      4.02694e+7 
           5450      4.02762e+7 
           5470      3.98085e+7 
           5490      3.95665e+7 
           5510      3.91271e+7 
           5530      3.85908e+7 
           5550      3.85138e+7 
           5570      3.79499e+7 
           5590      3.75354e+7 
           5610      3.73173e+7 
           5630      3.70966e+7 
           5650      3.65925e+7 
           5670      3.61345e+7 
           5690      3.59751e+7 
           5710      3.56357e+7 
           5730      3.54884e+7 
           5750      3.50015e+7 
           5770      3.47185e+7 
           5790      3.43297e+7 
           5810      3.40435e+7 
           5830      3.37438e+7 
           5850      3.33946e+7 
           5870      3.30854e+7 
           5890       3.2367e+7 
           5910      3.24557e+7 
           5930      3.21557e+7 
           5950      3.17963e+7 
           5970       3.1555e+7 
           5990      3.11399e+7 
           6010      3.07839e+7 
           6030      3.06204e+7 
           6050      3.03329e+7 
           6070      3.01323e+7 
           6090      2.98006e+7 
           6110      2.94716e+7 
           6130      2.90551e+7 
           6150      2.84421e+7 
           6170      2.84816e+7 
           6190      2.84729e+7 
           6210      2.82263e+7 
           6230      2.78726e+7 
           6250      2.72026e+7 
           6270      2.74865e+7 
           6290      2.72367e+7 
           6310      2.68202e+7 
           6330      2.66764e+7 
           6350      2.62321e+7 
           6370        2.605e+7 
           6390      2.59591e+7 
           6410      2.55865e+7 
           6430      2.54649e+7 
           6450      2.49487e+7 
           6470       2.4981e+7 
           6490      2.45088e+7 
           6510      2.43247e+7 
           6530      2.37395e+7 
           6550      2.07944e+7 
           6570      1.64325e+7 
           6590      2.24842e+7 
           6610      2.32381e+7 
           6630      2.32644e+7 
           6650      2.31221e+7 
           6670      2.29193e+7 
           6690      2.27951e+7 
           6710      2.26059e+7 
           6730      2.23919e+7 
           6750      2.21618e+7 
           6770      2.20672e+7 
           6790      2.18663e+7 
           6810      2.16869e+7 
           6830      2.14535e+7 
           6850      2.12939e+7 
           6870      2.11453e+7 
           6890       2.0972e+7 
           6910      2.07884e+7 
           6930      2.06027e+7 
           6950      2.04406e+7 
           6970      2.02591e+7 
           6990       2.0111e+7 
           7010      1.98323e+7 
           7030      1.97364e+7 
           7050      1.95973e+7 
           7070      1.94534e+7 
           7090      1.92966e+7 
           7110      1.88185e+7 
           7130      1.88917e+7 
           7150      1.87641e+7 
           7170       1.8628e+7 
           7190      1.84531e+7 
           7210      1.83248e+7 
           7230      1.81594e+7 
           7250       1.7997e+7 
           7270      1.79159e+7 
           7290      1.77114e+7 
           7310      1.75716e+7 
           7330      1.74521e+7 
           7350      1.73495e+7 
           7370      1.72298e+7 
           7390      1.70498e+7 
           7410      1.68611e+7 
           7430      1.66865e+7 
           7450      1.65977e+7 
           7470      1.63773e+7 
           7490      1.63148e+7 
           7510      1.62301e+7 
           7530       1.6138e+7 
           7550      1.60519e+7 
           7570      1.59041e+7 
           7590      1.57969e+7 
           7610      1.56756e+7 
           7630      1.55527e+7 
           7650      1.54039e+7 
           7670        1.525e+7 
           7690      1.51619e+7 
           7710      1.50212e+7 
           7730        1.496e+7 
           7750      1.48308e+7 
           7770      1.44164e+7 
           7790      1.46342e+7 
           7810      1.45137e+7 
           7830      1.43591e+7 
           7850      1.42127e+7 
           7870      1.41028e+7 
           7890      1.39703e+7 
           7910      1.38967e+7 
           7930      1.37992e+7 
           7950      1.36529e+7 
           7970      1.36669e+7 
           7990      1.34174e+7 
           8010      1.34403e+7 
           8030      1.33238e+7 
           8050      1.32461e+7 
           8070      1.31377e+7 
           8090      1.30406e+7 
           8110      1.29677e+7 
           8130      1.28829e+7 
           8150      1.27863e+7 
           8170      1.26944e+7 
           8190      1.24483e+7 
           8210      1.24017e+7 
           8230      1.23076e+7 
           8250      1.22441e+7 
           8270      1.22863e+7 
           8290      1.21871e+7 
           8310      1.20963e+7 
           8330      1.18982e+7 
           8350      1.19147e+7 
           8370      1.17987e+7 
           8390      1.16633e+7 
           8410      1.15541e+7 
           8430      1.15063e+7 
           8450      1.12793e+7 
           8470      1.09898e+7 
           8490      1.15005e+7 
           8510      1.04956e+7 
           8530      1.15653e+7 
           8550      9.74567e+6 
           8570      1.17397e+7 
           8590      1.07457e+7 
           8610      1.03838e+7 
           8630       1.1881e+7 
           8650      1.14002e+7 
           8670      9.03322e+6 
           8690      1.15055e+7 
           8710       1.2062e+7 
           8730      1.15822e+7 
           8750       8.9431e+6 
           8770      1.10379e+7 
           8790      1.19639e+7 
           8810      1.19737e+7 
           8830      1.15804e+7 
           8850      1.04006e+7 
           8870       8.6678e+6 
           8890      1.11343e+7 
           8910      1.15385e+7 
           8930      1.15473e+7 
           8950      1.15832e+7 
           8970      1.13785e+7 
           8990      1.08791e+7 
           9010      8.55506e+6 
           9030      9.49621e+6 
           9050      1.08429e+7 
           9070       1.0797e+7 
           9090      1.06885e+7 
           9110      1.08912e+7 
           9130       1.0896e+7 
           9150      1.08561e+7 
           9170      1.07044e+7 
           9190      1.04335e+7 
           9210      9.70913e+6 
           9230      7.47773e+6 
           9250      9.31405e+6 
           9270      9.89643e+6 
           9290      1.02694e+7 
           9310      1.02679e+7 
           9330      1.01993e+7 
           9350      1.01579e+7 
           9370      1.01047e+7 
           9390      9.96598e+6 
           9410      9.67137e+6 
           9430      9.80917e+6 
           9450        9.766e+6 
           9470      9.70211e+6 
           9490      9.59224e+6 
           9510      9.35074e+6 
           9530      8.59807e+6 
           9550      6.82266e+6 
           9570      8.65057e+6 
           9590      9.14213e+6 
           9610      9.14369e+6 
           9630      9.02775e+6 
           9650      9.12064e+6 
           9670      8.98384e+6 
           9690      8.96886e+6 
           9710      9.00587e+6 
           9730      8.93427e+6 
           9750      8.83821e+6 
           9770      8.82613e+6 
           9790      8.76417e+6 
           9810      8.70106e+6 
           9830      8.62983e+6 
           9850      8.53385e+6 
           9870      8.48654e+6 
           9890       8.3887e+6 
           9910      8.36792e+6 
           9930        8.314e+6 
           9950       8.2574e+6 
           9970      8.21028e+6 
           9990      8.11628e+6 
          10025      7.40597e+6 
          10075      7.01086e+6 
          10125      7.70653e+6 
          10175      7.68628e+6 
          10225      7.59436e+6 
          10275      7.47995e+6 
          10325      7.33771e+6 
          10375       7.2325e+6 
          10425      7.11927e+6 
          10475      6.93714e+6 
          10525      6.85812e+6 
          10575      6.76715e+6 
          10625      6.66556e+6 
          10675      6.45152e+6 
          10725      6.42393e+6 
          10775      6.33785e+6 
          10825      6.23024e+6 
          10875      6.08326e+6 
          10925      5.17548e+6 
          10975      5.64294e+6 
          11025      5.87608e+6 
          11075      5.82437e+6 
          11125      5.73165e+6 
          11175      5.65061e+6 
          11225      5.57497e+6 
          11275       5.3991e+6 
          11325      5.32803e+6 
          11375      5.30633e+6 
          11425      5.20746e+6 
          11475      5.17705e+6 
          11525      5.10585e+6 
          11575      5.02613e+6 
          11625      4.90214e+6 
          11675      4.80497e+6 
          11725      4.81669e+6 
          11775      4.66501e+6 
          11825      4.63885e+6 
          11875      4.54884e+6 
          11925      4.55422e+6 
          11975      4.45006e+6 
          12025      4.41053e+6 
          12075      4.33791e+6 
          12125       4.2817e+6 
          12175      4.23619e+6 
          12225      4.17161e+6 
          12275      4.10719e+6 
          12325      4.05484e+6 
          12375      4.00516e+6 
          12425      3.95933e+6 
          12475      3.89328e+6 
          12525      3.84305e+6 
          12575      3.76656e+6 
          12625      3.73112e+6 
          12675      3.69236e+6 
          12725      3.63199e+6 
          12775      3.49881e+6 
          12825      3.00572e+6 
          12875      3.43149e+6 
          12925      3.44221e+6 
          12975      3.40946e+6 
          13025      3.36957e+6 
          13075      3.32776e+6 
          13125      3.28058e+6 
          13175      3.22665e+6 
          13225      3.19863e+6 
          13275      3.15663e+6 
          13325      3.11749e+6 
          13375      3.07717e+6 
          13425      3.03673e+6 
          13475      2.99785e+6 
          13525      2.95184e+6 
          13575      2.91459e+6 
          13625      2.88431e+6 
          13675      2.84452e+6 
          13725      2.78824e+6 
          13775      2.77101e+6 
          13825      2.73819e+6 
          13875      2.71145e+6 
          13925      2.66812e+6 
          13975      2.64057e+6 
          14025      2.60914e+6 
          14075      2.57941e+6 
          14125      2.54438e+6 
          14175      2.51483e+6 
          14225      2.48248e+6 
          14275      2.45125e+6 
          14325      2.42371e+6 
          14375      2.39685e+6 
          14425      2.32758e+6 
          14475      2.33688e+6 
          14525      2.28939e+6 
          14570      2.28325e+6 
          14620      2.25074e+6 
          14675      2.22935e+6 
          14725      2.19982e+6 
          14775      2.16597e+6 
          14825       2.1471e+6 
          14875      2.11413e+6 
          14925      2.10709e+6 
          14975      2.07742e+6 
          15025      2.04627e+6 
          15075      2.02161e+6 
          15125       2.0053e+6 
          15175      1.98147e+6 
          15225      1.96263e+6 
          15275       1.9272e+6 
          15325      1.90325e+6 
          15375      1.89647e+6 
          15425      1.83575e+6 
          15475      1.85332e+6 
          15525      1.83765e+6 
          15575      1.75086e+6 
          15625      1.82639e+6 
          15675      1.75389e+6 
          15725      1.68029e+6 
          15775      1.76806e+6 
          15825      1.75314e+6 
          15875      1.56213e+6 
          15925      1.68945e+6 
          15975      1.71742e+6 
          16050      1.66031e+6 
          16150      1.54925e+6 
          16250      1.63639e+6 
          16350      1.55471e+6 
          16450      1.44704e+6 
          16550       1.5351e+6 
          16650      1.50367e+6 
          16750      1.42346e+6 
          16850       1.3247e+6 
          16950      1.40777e+6 
          17050      1.37809e+6 
          17150      1.35259e+6 
          17250      1.31011e+6 
          17350      1.16512e+6 
          17450      1.24177e+6 
          17550      1.23561e+6 
          17650      1.21053e+6 
          17750       1.1891e+6 
          17850       1.1635e+6 
          17950      1.14401e+6 
          18050      1.11087e+6 
          18150      1.00071e+6 
          18250      1.04743e+6 
          18350      1.05127e+6 
          18450      1.03252e+6 
          18550      1.00871e+6 
          18650          984600 
          18750          880576 
          18850          941700 
          18950          929585 
          19050          918481 
          19150          900572 
          19250          882354 
          19350          858215 
          19450          769935 
          19550          826296 
          19650          817878 
          19750          801465 
          19850          788228 
          19950          773720 
          20050          759714 
          20150          745985 
          20250          731892 
          20350          718140 
          20450          706107 
          20550          693265 
          20650          679888 
          20750          668110 
          20850          656526 
          20950          644737 
          21050          633150 
          21150          620675 
          21250          610042 
          21350          599481 
          21450          590113 
          21550          576140 
          21650          519937 
          21750          552986 
          21850          550122 
          21950          542126 
          22050          532052 
          22150          522513 
          22250          515248 
          22350          506612 
          22450          498260 
          22550          488827 
          22650          481708 
          22750          473887 
          22850          466270 
          22950          458418 
          23050          451626 
          23150          444289 
          23250          437450 
          23350          430423 
          23450          423711 
          23550          417063 
          23650          410540 
          23750          403937 
          23850          397570 
          23950          391387 
          24050          384987 
          24150          378775 
          24250          373627 
          24350          367051 
          24450          361017 
          24550          356501 
          24650          349993 
          24750          344711 
          24850          341429 
          24950          329905 
          25050          332163 
          25150          327365 
          25250          312935 
          25350          317307 
          25450          314231 
          25550          307771 
          25650          290854 
          25750          299622 
          25850          296316 
          25950          292633 
          26050          284317 
          26150          266771 
          26250          255858 
          26350          272747 
          26450          272606 
          26550          268867 
          26650          262668 
          26750          242102 
          26850          255728 
          26950          254861 
          27050          251734 
          27150          248416 
          27250          244958 
          27350          241346 
          27450          236731 
          27550          218180 
          27650          224646 
          27750          227766 
          27850          225434 
          27950          222483 
          28050          219458 
          28150          216480 
          28250          213562 
          28350          210760 
          28450          207736 
          28550          204568 
          28650          198200 
          28750          183870 
          28850          195452 
          28950          194158 
          29050          192016 
          29150          189207 
          29250          186982 
          29350          184638 
          29450          182244 
          29550          179921 
          29650          177617 
          29750          175339 
          29850          173118 
          29950          170863 
          30050          168673 
          30150          166445 
          30250          163584 
          30350          152250 
          30450          154287 
          30550          157715 
          30650          156375 
          30750          154471 
          30850          152335 
          30950          150625 
          31050          148745 
          31150          146732 
          31250          145092 
          31350          143356 
          31450          141569 
          31550          140007 
          31650          138383 
          31750          136582 
          31850          135083 
          31950          133449 
          32100          131064 
          32300          128016 
          32500          125019 
          32700          121962 
          32900          113390 
          33100          114768 
          33300          113353 
          33500          110929 
          33700          108273 
          33900          105908 
          34100          103587 
          34300          101383 
          34500         99245.8 
          34700         97050.6 
          34900         94954.8 
          35100         92900.4 
          35300         90898.3 
          35500         88926.4 
          35700         86966.2 
          35900         85257.5 
          36100         83263.2 
          36300         81750.6 
          36500         79723.3 
          36700         78420.4 
          36900         76158.8 
          37100         75104.5 
          37300         72026.7 
          37500         69339.6 
          37700         70673.4 
          37900         69399.7 
          38100         67268.9 
          38300         66134.2 
          38500         65415.8 
          38700         64064.8 
          38900         62660.9 
          39100         60077.2 
          39300           60421 
          39500           59323 
          39700         58212.8 
          39900         56970.5 
          40100         55084.6 
          40300         53595.1 
          40500         51654.6 
          40700         52735.6 
          40900         51928.4 
          41100         51029.5 
          41300         50074.8 
          41500         48956.8 
          41700         46176.6 
          41900         47116.7 
          42100         46425.6 
          42300         45650.8 
          42500         44819.6 
          42700         44016.4 
          42900         43226.2 
          43100         42450.8 
          43300         41687.8 
          43500         40895.2 
          43700         38645.7 
          43900           39045 
          44100           38804 
          44300         38151.1 
          44500         37487.5 
          44700         36911.4 
          44900           36204 
          45100         35596.5 
          45300         34985.5 
          45500         34396.5 
          45700         33803.9 
          45900         33225.6 
          46100         32668.5 
          46300         32040.7 
          46500         30147.1 
          46700         29590.6 
          46900         30364.6 
          47100         30046.2 
          47300         29582.1 
          47500         29091.4 
          47700         28627.8 
          47900         28175.8 
          48100         27723.8 
          48300         27279.9 
          48500         26843.9 
          48700         26420.6 
          48900         25998.5 
          49100         25585.6 
          49300         25181.5 
          49500         24801.6 
          49700           24392 
          49900         24034.9 
          50100         23658.8 
          50300         23262.6 
          50500         22947.2 
          50700         22590.7 
          50900         22176.5 
          51100         21786.8 
          51300         20596.6 
          51500         21172.7 
          51700         20841.5 
          51900         20625.2 
          52100         20333.9 
          52300         20031.3 
          52500           19689 
          52700         19329.6 
          52900         19158.2 
          53100         18915.2 
          53300         18646.2 
          53500         18341.3 
          53700         17952.7 
          53900         17703.1 
          54100         17568.5 
          54300         17339.7 
          54500         17093.5 
          54700         16846.6 
          54900           16604 
          55100         16286.4 
          55300         15878.1 
          55500         15887.4 
          55700         15694.6 
          55900         15469.1 
          56100         15264.5 
          56300         15055.2 
          56500         14849.7 
          56700         14643.1 
          56900         14397.3 
          57100         13895.6 
          57300         13988.1 
          57500         13863.6 
          57700         13677.2 
          57900         13491.8 
          58100         13313.2 
          58300         13125.5 
          58500         12947.9 
          58700         12766.9 
          58900         12526.1 
          59100         11870.9 
          59300         12209.9 
          59500         11774.6 
          59700         11825.9 
          59900         11794.3 
          60100         11652.3 
          60300         11506.7 
          60500         11359.8 
          60700         11213.5 
          60900         11069.9 
          61100         10925.9 
          61300         10792.5 
          61500         10654.7 
          61700         10520.4 
          61900         10387.7 
          62100         10257.4 
          62300         10124.6 
          62500         9994.36 
          62700         9832.96 
          62900         9375.93 
          63100         9565.81 
          63300         9505.46 
          63500         9396.16 
          63700         9284.33 
          63900         9176.48 
          64200          9017.8 
          64600         8798.32 
          65000         8585.33 
          65400         8385.68 
          65800         8182.67 
          66200          7989.7 
          66600         7805.17 
          67000         7619.94 
          67400         7416.73 
          67800          7092.3 
          68200         7092.61 
          68600          6949.7 
          69000         6793.39 
          69400         6624.26 
          69800         6491.11 
          70200         6350.07 
          70600         6206.21 
          71000          6053.9 
          71400         5940.74 
          71800         5811.81 
          72200         5682.41 
          72600         5538.84 
          73000         5438.65 
          73400         5329.32 
          73800         5211.88 
          74200         5088.51 
          74600         4853.07 
          75000         4681.89 
          75400         4764.81 
          75800         4685.09 
          76200         4596.13 
          76600         4506.07 
          77000         4414.13 
          77400         4316.93 
          77800         4192.31 
          78200         4146.69 
          78600         4072.34 
          79000         3992.09 
          79400         3913.24 
          79800         3836.43 
          80200         3761.36 
          80600         3688.39 
          81000         3615.59 
          81400         3502.14 
          81800         3460.88 
          82200         3414.01 
          82600          3349.6 
          83000         3286.17 
          83400         3223.58 
          83800         3162.84 
          84200         3104.59 
          84600         3047.98 
          85000         2992.09 
          85400         2936.96 
          85800         2883.28 
          86200         2826.57 
          86600         2722.05 
          87000         2719.53 
          87400         2636.99 
          87800         2590.64 
          88200         2585.21 
          88600         2539.41 
          89000         2495.56 
          89400         2451.98 
          89800         2408.97 
          90200         2366.91 
          90600         2324.44 
          91000         2285.85 
          91400         2246.81 
          91800          2208.5 
          92200         2170.19 
          92600         2127.84 
          93000         2096.99 
          93400         2059.38 
          93800         1981.78 
          94200         1981.45 
          94600         1960.36 
          95000         1924.51 
          95400         1892.06 
          95800         1866.23 
          96200          1835.6 
          96600         1805.94 
          97000         1776.66 
          97400          1747.8 
          97800         1719.79 
          98200         1689.17 
          98600         1658.09 
          99000         1638.95 
          99400         1612.98 
          99800         1587.48 
         100200         1562.56 
         200000         100.163 
         400000         6.23181 
         600000         1.22018 
         800000        0.382969 
         1.0e+6        0.155759 
         1.2e+6       0.0746578 
         1.4e+6       0.0400813 
         1.6e+6       0.0233837 
