# Kurucz ODFNEW /NOVER (2003)
# teff = 12250 K (value for the effective temperature for the model. Temperatures are given in K)
# logg = 2.5 log(cm/s2) (value for Log(G) for the model.)
# meta = -1.5  (value for the Metallicity for the model.)
# lh = 1.25  (l/Hp where l is the  mixing length of the convective element and Hp is the pressure scale height)
# vtur = 2 km/s (Microturbulence velocity)
# alpha = 0  (Alpha)
#
# column 1: WAVELENGTH (ANGSTROM), Wavelength in Angstrom
# column 2: FLUX (ERG/CM2/S/A), Flux in erg/cm2/s/A
          210.5     1.96704e-22 
          216.2     1.69664e-21 
          219.8     6.14462e-21 
            223     1.85316e-20 
          226.8     6.60295e-20 
            230     1.86178e-19 
            234     6.54846e-19 
            240     3.98005e-18 
          246.5      2.5432e-17 
          252.4     1.25894e-16 
          256.8     3.95209e-16 
            260     8.86094e-16 
            264     2.36396e-15 
          268.5      6.8754e-15 
          273.5     2.15817e-14 
          278.5     6.49883e-14 
            284     2.08622e-13 
            290     7.06916e-13 
            296     2.27506e-12 
            301     5.81221e-12 
            308     2.04909e-11 
            318     1.12228e-10 
            328     5.51942e-10 
            338      2.46115e-9 
            348      1.00376e-8 
            357      3.31477e-8 
            366      1.02965e-7 
            375       3.0208e-7 
            385       9.3892e-7 
            395      2.74703e-6 
            405      7.60051e-6 
            414      1.81718e-5 
            422      3.81523e-5 
            430      7.77909e-5 
            441     0.000198146 
            451     0.000444479 
            460     0.000890673 
            470      0.00186506 
            480      0.00377858 
            490       0.0074235 
            500       0.0141671 
            506       0.0562969 
            512        0.113555 
            520        0.175589 
            530         0.30766 
            540        0.488766 
            550        0.830648 
            560          1.3242 
            570         2.08007 
            580         3.02414 
            590         4.81004 
            600         7.26041 
            610         10.7258 
            620         15.5837 
            630          22.393 
            640         31.6532 
            650         44.5361 
            658         57.9202 
            665         72.4205 
            675         98.7248 
            685         133.462 
            695          179.05 
            705         237.578 
            716          320.92 
            726         418.402 
            735         527.111 
            745         677.553 
            755          864.06 
            765         1093.25 
            775          1375.7 
            785         1718.87 
            795         2133.56 
            805         2633.23 
            815         3229.13 
            825         3941.12 
            835         4755.58 
            845         5771.04 
            855         6924.68 
            865         8289.08 
            875         9860.78 
            885         11690.2 
            895         13787.1 
            905         16095.8 
            915         65556.7 
            925          312875 
            935          954725 
            945      1.70224e+7 
            955      9.29736e+7 
            965      1.37257e+8 
            975      3.09627e+7 
            985      2.82881e+8 
            995      3.10623e+8 
           1005      3.38798e+8 
           1015      2.38674e+8 
           1025      9.76726e+6 
           1035       1.5583e+8 
           1045      3.98972e+8 
           1055      4.41809e+8 
           1065      4.00935e+8 
           1075      4.49744e+8 
           1085      4.37972e+8 
           1095      4.60769e+8 
           1105      4.31826e+8 
           1115      4.32903e+8 
           1125      4.35659e+8 
           1135      4.70537e+8 
           1145      4.52929e+8 
           1155      4.57376e+8 
           1165      4.88723e+8 
           1175      4.71599e+8 
           1185      4.31211e+8 
           1195      1.75941e+8 
           1205      6.98831e+7 
           1215      2.90007e+6 
           1225      5.00992e+7 
           1235      2.65944e+8 
           1245      4.69616e+8 
           1255       4.9871e+8 
           1265      4.36544e+8 
           1275      5.12294e+8 
           1285      5.41609e+8 
           1295      4.91201e+8 
           1305      4.35124e+8 
           1315      5.36786e+8 
           1325      5.33413e+8 
           1335      4.99769e+8 
           1345      5.51404e+8 
           1355      5.33323e+8 
           1365      5.04186e+8 
           1375      5.16088e+8 
           1385      5.30619e+8 
           1395      5.28131e+8 
           1405       5.3667e+8 
           1415      5.12554e+8 
           1425      5.14792e+8 
           1435       5.0616e+8 
           1442      5.21078e+8 
           1447      5.24465e+8 
           1455      5.21881e+8 
           1465      5.11621e+8 
           1475      5.05036e+8 
           1485      5.05501e+8 
           1495      5.02857e+8 
           1505      5.02966e+8 
           1512      4.94958e+8 
           1517      5.05697e+8 
           1525      4.91026e+8 
           1535      4.78861e+8 
           1545      4.96387e+8 
           1555       4.7516e+8 
           1565       4.5411e+8 
           1575       4.5995e+8 
           1585      4.75098e+8 
           1595      4.84723e+8 
           1605      4.61738e+8 
           1615      4.61367e+8 
           1625      4.40683e+8 
           1635       4.4602e+8 
           1645      4.44957e+8 
           1655      4.16654e+8 
           1665      4.46304e+8 
           1672      4.13736e+8 
           1677       4.2937e+8 
           1685      4.39102e+8 
           1695      4.27197e+8 
           1705       4.1712e+8 
           1715      4.12718e+8 
           1725      4.07922e+8 
           1735       4.1984e+8 
           1745      4.10217e+8 
           1755      4.20992e+8 
           1765      3.91589e+8 
           1775       4.1432e+8 
           1785      4.06936e+8 
           1795      4.14668e+8 
           1805      4.07114e+8 
           1815      4.01611e+8 
           1825      3.97392e+8 
           1835      3.90723e+8 
           1845      3.82404e+8 
           1855      3.74417e+8 
           1865      3.73282e+8 
           1875      3.84539e+8 
           1885      3.75847e+8 
           1895       3.6847e+8 
           1905      3.76789e+8 
           1915      3.65714e+8 
           1925      3.64832e+8 
           1935       3.6247e+8 
           1945      3.69079e+8 
           1955      3.59448e+8 
           1967      3.65319e+8 
           1976      3.63118e+8 
           1984      3.57583e+8 
           1995      3.47185e+8 
           2005       3.4866e+8 
           2015      3.38917e+8 
           2025      3.44159e+8 
           2035       3.4103e+8 
           2045      3.41153e+8 
           2055      3.28118e+8 
           2065       3.2887e+8 
           2074      3.32433e+8 
           2078      3.30456e+8 
           2085      3.33389e+8 
           2095      3.25424e+8 
           2105      3.26123e+8 
           2115      3.23274e+8 
           2125      3.22858e+8 
           2135      3.11336e+8 
           2145      3.17307e+8 
           2155      3.15578e+8 
           2165      3.05693e+8 
           2175      3.03167e+8 
           2185      2.99996e+8 
           2195      3.07332e+8 
           2205      2.99236e+8 
           2215      2.90128e+8 
           2225      2.82938e+8 
           2235       2.9597e+8 
           2245      2.85416e+8 
           2255      2.78882e+8 
           2265      2.78393e+8 
           2275      2.83849e+8 
           2285      2.85035e+8 
           2295      2.76226e+8 
           2305      2.72977e+8 
           2315      2.69527e+8 
           2325      2.70482e+8 
           2335      2.63886e+8 
           2345      2.51522e+8 
           2355      2.59831e+8 
           2365      2.50081e+8 
           2375      2.54705e+8 
           2385      2.41056e+8 
           2395      2.50738e+8 
           2405      2.43772e+8 
           2415      2.45026e+8 
           2425      2.47994e+8 
           2435      2.39493e+8 
           2445      2.44709e+8 
           2455      2.41707e+8 
           2465      2.37822e+8 
           2475      2.33309e+8 
           2485      2.40976e+8 
           2495      2.34624e+8 
           2505      2.40391e+8 
           2513      2.34789e+8 
           2518        2.369e+8 
           2525       2.2663e+8 
           2535      2.24658e+8 
           2545      2.22355e+8 
           2555      2.28236e+8 
           2565      2.25326e+8 
           2575      2.30403e+8 
           2585      2.29802e+8 
           2595      2.28745e+8 
           2605      2.23344e+8 
           2615      2.21557e+8 
           2625      2.21036e+8 
           2635      2.21478e+8 
           2645      2.28751e+8 
           2655      2.26753e+8 
           2665      2.21501e+8 
           2675      2.23149e+8 
           2685       2.2208e+8 
           2695      2.18651e+8 
           2705      2.17572e+8 
           2715      2.13443e+8 
           2725      2.12214e+8 
           2735      2.15001e+8 
           2745      2.04478e+8 
           2755       2.0318e+8 
           2765      2.06261e+8 
           2775      2.09083e+8 
           2785      2.08026e+8 
           2795      1.99461e+8 
           2805      2.03925e+8 
           2815      2.06553e+8 
           2825      2.04277e+8 
           2835      2.00565e+8 
           2845      1.96775e+8 
           2855      1.96619e+8 
           2865      1.97911e+8 
           2875      1.95661e+8 
           2885      1.96299e+8 
           2895      1.95624e+8 
           2910      1.96286e+8 
           2930      1.91785e+8 
           2950      1.89371e+8 
           2970      1.87842e+8 
           2990      1.85598e+8 
           3010      1.85153e+8 
           3030      1.83406e+8 
           3050      1.80907e+8 
           3070      1.78797e+8 
           3090      1.77157e+8 
           3110      1.74757e+8 
           3130      1.72466e+8 
           3150      1.70818e+8 
           3170      1.68891e+8 
           3190      1.65732e+8 
           3210       1.6481e+8 
           3230      1.63122e+8 
           3250      1.61517e+8 
           3270      1.60012e+8 
           3290      1.58302e+8 
           3310      1.56742e+8 
           3330      1.54923e+8 
           3350      1.52954e+8 
           3370      1.51307e+8 
           3390      1.49717e+8 
           3410      1.48257e+8 
           3430      1.46646e+8 
           3450      1.45194e+8 
           3470      1.43509e+8 
           3490      1.42033e+8 
           3510      1.40664e+8 
           3530      1.39232e+8 
           3550      1.37766e+8 
           3570      1.36301e+8 
           3590      1.34848e+8 
           3610       1.3345e+8 
           3630      1.32021e+8 
           3640      1.31387e+8 
           3650      1.31118e+8 
           3670      1.28929e+8 
           3690      1.25908e+8 
           3710      1.43651e+8 
           3730      1.63354e+8 
           3750      2.06358e+8 
           3770      2.08206e+8 
           3790      2.21512e+8 
           3810      2.36838e+8 
           3830      2.04546e+8 
           3850      2.41846e+8 
           3870      2.44233e+8 
           3890      1.92892e+8 
           3910       2.3921e+8 
           3930      2.35557e+8 
           3950      2.32917e+8 
           3970      1.81463e+8 
           3990      2.25615e+8 
           4010      2.24197e+8 
           4030      2.18672e+8 
           4050      2.18794e+8 
           4070      2.15291e+8 
           4090      2.02705e+8 
           4110      1.72143e+8 
           4130      2.04714e+8 
           4150       2.0338e+8 
           4170      2.01033e+8 
           4190      1.98531e+8 
           4210      1.95873e+8 
           4230      1.93173e+8 
           4250      1.90564e+8 
           4270      1.87839e+8 
           4290      1.85471e+8 
           4310      1.82478e+8 
           4330      1.68023e+8 
           4350      1.49883e+8 
           4370      1.75137e+8 
           4390      1.72301e+8 
           4410       1.7118e+8 
           4430      1.68695e+8 
           4450      1.66725e+8 
           4470      1.62733e+8 
           4490      1.61365e+8 
           4510      1.60209e+8 
           4530      1.58111e+8 
           4550      1.55896e+8 
           4570      1.54152e+8 
           4590      1.52041e+8 
           4610       1.5025e+8 
           4630       1.4819e+8 
           4650      1.46439e+8 
           4670      1.44558e+8 
           4690      1.42754e+8 
           4710      1.40354e+8 
           4730      1.39126e+8 
           4750      1.37344e+8 
           4770      1.35736e+8 
           4790      1.34037e+8 
           4810      1.32332e+8 
           4830      1.30282e+8 
           4850      1.21785e+8 
           4870      1.05757e+8 
           4890      1.25274e+8 
           4910      1.24366e+8 
           4930      1.22127e+8 
           4950      1.21398e+8 
           4970      1.19934e+8 
           4990      1.18467e+8 
           5010      1.16418e+8 
           5030      1.15589e+8 
           5050      1.13689e+8 
           5070      1.12868e+8 
           5090      1.11524e+8 
           5110      1.10178e+8 
           5130      1.08907e+8 
           5150      1.07591e+8 
           5170      1.06267e+8 
           5190      1.05073e+8 
           5210      1.03799e+8 
           5230      1.02586e+8 
           5250      1.01441e+8 
           5270      1.00194e+8 
           5290      9.91186e+7 
           5310      9.79191e+7 
           5330      9.68448e+7 
           5350      9.57246e+7 
           5370       9.4638e+7 
           5390      9.35596e+7 
           5410      9.24855e+7 
           5430      9.14171e+7 
           5450      9.04036e+7 
           5470      8.93723e+7 
           5490      8.83799e+7 
           5510      8.73784e+7 
           5530      8.64112e+7 
           5550      8.54519e+7 
           5570      8.44994e+7 
           5590      8.35607e+7 
           5610      8.26367e+7 
           5630      8.17309e+7 
           5650      8.07993e+7 
           5670      7.99244e+7 
           5690      7.90645e+7 
           5710      7.82054e+7 
           5730      7.73529e+7 
           5750      7.65127e+7 
           5770      7.56844e+7 
           5790      7.48602e+7 
           5810      7.40566e+7 
           5830      7.32623e+7 
           5850      7.24771e+7 
           5870      7.10591e+7 
           5890      7.09292e+7 
           5910      7.01814e+7 
           5930       6.9441e+7 
           5950      6.86802e+7 
           5970      6.79755e+7 
           5990       6.7241e+7 
           6010      6.65606e+7 
           6030      6.58639e+7 
           6050      6.51769e+7 
           6070      6.44987e+7 
           6090      6.38279e+7 
           6110      6.31695e+7 
           6130      6.25184e+7 
           6150      6.18534e+7 
           6170      6.12384e+7 
           6190      6.06122e+7 
           6210      5.99938e+7 
           6230      5.93783e+7 
           6250      5.87519e+7 
           6270      5.81832e+7 
           6290      5.75938e+7 
           6310      5.70079e+7 
           6330      5.64395e+7 
           6350      5.57099e+7 
           6370      5.52195e+7 
           6390      5.47609e+7 
           6410      5.42125e+7 
           6430      5.36799e+7 
           6450      5.31383e+7 
           6470      5.26231e+7 
           6490      5.20998e+7 
           6510      5.15695e+7 
           6530      5.08848e+7 
           6550      4.87305e+7 
           6570       4.2077e+7 
           6590       4.9186e+7 
           6610      4.90621e+7 
           6630       4.8644e+7 
           6650      4.81798e+7 
           6670       4.7622e+7 
           6690       4.7171e+7 
           6710      4.68032e+7 
           6730       4.6355e+7 
           6750      4.59128e+7 
           6770      4.54759e+7 
           6790      4.50434e+7 
           6810      4.46159e+7 
           6830      4.41918e+7 
           6850      4.37752e+7 
           6870       4.3365e+7 
           6890      4.29581e+7 
           6910      4.25544e+7 
           6930      4.21538e+7 
           6950      4.17641e+7 
           6970      4.13767e+7 
           6990      4.09929e+7 
           7010      4.06129e+7 
           7030      4.02389e+7 
           7050      3.98578e+7 
           7070      3.93816e+7 
           7090      3.91403e+7 
           7110      3.87825e+7 
           7130      3.84282e+7 
           7150      3.80786e+7 
           7170      3.77331e+7 
           7190      3.73916e+7 
           7210      3.70532e+7 
           7230       3.6713e+7 
           7250      3.63889e+7 
           7270      3.60621e+7 
           7290      3.57078e+7 
           7310       3.5419e+7 
           7330      3.51039e+7 
           7350      3.47925e+7 
           7370      3.44839e+7 
           7390      3.41782e+7 
           7410      3.38759e+7 
           7430      3.35758e+7 
           7450      3.32817e+7 
           7470      3.29869e+7 
           7490      3.27002e+7 
           7510      3.24127e+7 
           7530      3.21331e+7 
           7550       3.1854e+7 
           7570      3.15775e+7 
           7590       3.1304e+7 
           7610      3.10337e+7 
           7630      3.07664e+7 
           7650      3.05014e+7 
           7670      3.02395e+7 
           7690      2.99804e+7 
           7710      2.97231e+7 
           7730      2.94711e+7 
           7750      2.92201e+7 
           7770      2.88951e+7 
           7790      2.87265e+7 
           7810      2.84838e+7 
           7830      2.82438e+7 
           7850      2.80017e+7 
           7870      2.77598e+7 
           7890      2.75139e+7 
           7910      2.73087e+7 
           7930      2.70807e+7 
           7950      2.68522e+7 
           7970      2.66316e+7 
           7990      2.64005e+7 
           8010      2.61925e+7 
           8030      2.59763e+7 
           8050      2.57619e+7 
           8070      2.55505e+7 
           8090      2.53403e+7 
           8110       2.5133e+7 
           8130       2.4928e+7 
           8150      2.47241e+7 
           8170      2.45237e+7 
           8190      2.43226e+7 
           8210      2.41377e+7 
           8230       2.3951e+7 
           8250      2.37786e+7 
           8270      2.35949e+7 
           8290      2.34082e+7 
           8310      2.32171e+7 
           8330      2.29939e+7 
           8350      2.27775e+7 
           8370      2.24687e+7 
           8390       2.2267e+7 
           8410      2.20121e+7 
           8430      2.20806e+7 
           8450      2.19603e+7 
           8470      2.11137e+7 
           8490      2.22964e+7 
           8510      2.07471e+7 
           8530      2.23581e+7 
           8550      2.00902e+7 
           8570      2.24468e+7 
           8590      2.11365e+7 
           8610      2.06019e+7 
           8630      2.24995e+7 
           8650      2.20542e+7 
           8670      1.90162e+7 
           8690      2.21869e+7 
           8710      2.22564e+7 
           8730      2.18397e+7 
           8750      1.84338e+7 
           8770      2.11545e+7 
           8790      2.15845e+7 
           8810      2.14487e+7 
           8830       2.1229e+7 
           8850      2.02673e+7 
           8870      1.77761e+7 
           8890       2.0604e+7 
           8910      2.06293e+7 
           8930      2.05025e+7 
           8950      2.03559e+7 
           8970       2.0166e+7 
           8990      1.98512e+7 
           9010      1.72512e+7 
           9030      1.84981e+7 
           9050       1.9478e+7 
           9070      1.93945e+7 
           9090      1.92664e+7 
           9110      1.91342e+7 
           9130      1.89872e+7 
           9150      1.88472e+7 
           9170      1.86929e+7 
           9190      1.85032e+7 
           9210      1.80761e+7 
           9230      1.53167e+7 
           9250      1.76564e+7 
           9270      1.78946e+7 
           9290      1.78678e+7 
           9310      1.77325e+7 
           9330       1.7605e+7 
           9350      1.74738e+7 
           9370      1.73448e+7 
           9390      1.72141e+7 
           9410      1.70691e+7 
           9430      1.69599e+7 
           9450      1.68355e+7 
           9470      1.67027e+7 
           9490      1.65847e+7 
           9510      1.63875e+7 
           9530      1.59065e+7 
           9550      1.36792e+7 
           9570      1.58191e+7 
           9590      1.59408e+7 
           9610      1.58635e+7 
           9630      1.57355e+7 
           9650      1.56412e+7 
           9670      1.55258e+7 
           9690      1.54145e+7 
           9710      1.53015e+7 
           9730      1.51933e+7 
           9750      1.50838e+7 
           9770      1.49756e+7 
           9790      1.48681e+7 
           9810      1.47613e+7 
           9830      1.46557e+7 
           9850      1.45508e+7 
           9870      1.44474e+7 
           9890      1.43432e+7 
           9910      1.42424e+7 
           9930      1.41416e+7 
           9950      1.40414e+7 
           9970      1.39423e+7 
           9990      1.38435e+7 
          10025      1.32657e+7 
          10075      1.27305e+7 
          10125      1.31945e+7 
          10175      1.29739e+7 
          10225      1.27507e+7 
          10275      1.25324e+7 
          10325      1.23144e+7 
          10375      1.21092e+7 
          10425      1.19046e+7 
          10475       1.1704e+7 
          10525      1.15074e+7 
          10575      1.13156e+7 
          10625      1.11276e+7 
          10675      1.09387e+7 
          10725      1.07619e+7 
          10775      1.05857e+7 
          10825      1.03801e+7 
          10875      1.02326e+7 
          10925      9.36839e+6 
          10975      9.77646e+6 
          11025      9.75121e+6 
          11075      9.59825e+6 
          11125       9.4452e+6 
          11175       9.2948e+6 
          11225       9.1476e+6 
          11275      8.99997e+6 
          11325      8.86046e+6 
          11375      8.72334e+6 
          11425      8.58742e+6 
          11475      8.45409e+6 
          11525      8.32332e+6 
          11575      8.19505e+6 
          11625      8.06867e+6 
          11675      7.94526e+6 
          11725      7.82476e+6 
          11775      7.70437e+6 
          11825      7.58952e+6 
          11875      7.47525e+6 
          11925      7.36342e+6 
          11975       7.2503e+6 
          12025      7.14532e+6 
          12075      7.03925e+6 
          12125      6.93518e+6 
          12175       6.8331e+6 
          12225      6.73295e+6 
          12275      6.63446e+6 
          12325      6.53784e+6 
          12375      6.44305e+6 
          12425      6.35005e+6 
          12475       6.2581e+6 
          12525      6.16837e+6 
          12575      6.08035e+6 
          12625      5.99375e+6 
          12675      5.90881e+6 
          12725      5.82524e+6 
          12775      5.71232e+6 
          12825      5.26407e+6 
          12875      5.56712e+6 
          12925      5.50541e+6 
          12975      5.42815e+6 
          13025      5.35369e+6 
          13075      5.27999e+6 
          13125      5.20725e+6 
          13175      5.13568e+6 
          13225       5.0659e+6 
          13275      4.99682e+6 
          13325      4.92905e+6 
          13375      4.86257e+6 
          13425      4.79694e+6 
          13475      4.73257e+6 
          13525      4.66923e+6 
          13575      4.60689e+6 
          13625      4.54574e+6 
          13675      4.48536e+6 
          13725      4.42614e+6 
          13775      4.36806e+6 
          13825       4.3107e+6 
          13875      4.25425e+6 
          13925      4.19889e+6 
          13975       4.1444e+6 
          14025      4.09077e+6 
          14075      4.03798e+6 
          14125      3.98603e+6 
          14175       3.9349e+6 
          14225      3.88457e+6 
          14275      3.83504e+6 
          14325      3.78647e+6 
          14375      3.73848e+6 
          14425      3.69106e+6 
          14475      3.64493e+6 
          14525      3.59916e+6 
          14570      3.55869e+6 
          14620      3.51606e+6 
          14675      3.46876e+6 
          14725      3.42665e+6 
          14775      3.38486e+6 
          14825       3.3439e+6 
          14875      3.30307e+6 
          14925       3.2622e+6 
          14975      3.22147e+6 
          15025       3.1792e+6 
          15075      3.13892e+6 
          15125      3.09811e+6 
          15175      3.06055e+6 
          15225      3.03707e+6 
          15275      2.97443e+6 
          15325       2.9403e+6 
          15375      2.93363e+6 
          15425      2.85131e+6 
          15475      2.87287e+6 
          15525      2.84705e+6 
          15575      2.72801e+6 
          15625      2.80594e+6 
          15675      2.73195e+6 
          15725      2.63874e+6 
          15775      2.72044e+6 
          15825      2.68959e+6 
          15875      2.50465e+6 
          15925       2.6164e+6 
          15975      2.61186e+6 
          16050      2.55562e+6 
          16150      2.42831e+6 
          16250      2.46143e+6 
          16350      2.38603e+6 
          16450      2.26982e+6 
          16550      2.29942e+6 
          16650      2.24837e+6 
          16750      2.17971e+6 
          16850      2.07656e+6 
          16950       2.1034e+6 
          17050      2.05729e+6 
          17150      2.01338e+6 
          17250      1.96972e+6 
          17350      1.84997e+6 
          17450      1.88314e+6 
          17550      1.84718e+6 
          17650      1.80841e+6 
          17750      1.77052e+6 
          17850      1.73371e+6 
          17950      1.69784e+6 
          18050      1.66266e+6 
          18150      1.56777e+6 
          18250      1.58853e+6 
          18350      1.56332e+6 
          18450      1.53181e+6 
          18550      1.50099e+6 
          18650      1.46978e+6 
          18750      1.38781e+6 
          18850      1.41214e+6 
          18950      1.38553e+6 
          19050      1.35836e+6 
          19150      1.33198e+6 
          19250      1.30618e+6 
          19350      1.27984e+6 
          19450      1.20736e+6 
          19550      1.23102e+6 
          19650      1.20896e+6 
          19750      1.18602e+6 
          19850      1.16368e+6 
          19950      1.14192e+6 
          20050      1.12062e+6 
          20150      1.09978e+6 
          20250      1.07949e+6 
          20350      1.05962e+6 
          20450      1.04019e+6 
          20550      1.02108e+6 
          20650      1.00264e+6 
          20750          984604 
          20850          966863 
          20950          949586 
          21050          932678 
          21150          916047 
          21250          899937 
          21350          884089 
          21450          868577 
          21550          852910 
          21650          807193 
          21750          822563 
          21850          810001 
          21950          796148 
          22050          782589 
          22150          769242 
          22250          756255 
          22350          743523 
          22450          731061 
          22550          718850 
          22650          706898 
          22750          695187 
          22850          683870 
          22950          672710 
          23050          661773 
          23150          651056 
          23250          640554 
          23350          630263 
          23450          620138 
          23550          610209 
          23650          600419 
          23750          590852 
          23850          581417 
          23950          572159 
          24050          562884 
          24150          553594 
          24250          546283 
          24350          536462 
          24450          527539 
          24550          521437 
          24650          511784 
          24750          504083 
          24850          499595 
          24950          484173 
          25050          484823 
          25150          477813 
          25250          460611 
          25350          463427 
          25450          457401 
          25550          450013 
          25650          431675 
          25750          437368 
          25850          431527 
          25950          425254 
          26050          417204 
          26150          399553 
          26250          391189 
          26350          400434 
          26450          396232 
          26550          390554 
          26650          384154 
          26750          364988 
          26850          373258 
          26950          368818 
          27050          363625 
          27150          358523 
          27250          353507 
          27350          348575 
          27450          343585 
          27550          327664 
          27650          331285 
          27750          329700 
          27850          325189 
          27950          320749 
          28050          316384 
          28150          312096 
          28250          307879 
          28350          303733 
          28450          299656 
          28550          295642 
          28650          290199 
          28750          277264 
          28850          283732 
          28950          280265 
          29050          276584 
          29150          272956 
          29250          269389 
          29350          265877 
          29450          262428 
          29550          259029 
          29650          255690 
          29750          252399 
          29850          249168 
          29950          245982 
          30050          242850 
          30150          239766 
          30250          236644 
          30350          227210 
          30450          227609 
          30550          227906 
          30650          225066 
          30750          222262 
          30850          219497 
          30950          216783 
          31050          214107 
          31150          211473 
          31250          208880 
          31350          206326 
          31450          203809 
          31550          201331 
          31650          198891 
          31750          196489 
          31850          194124 
          31950          191793 
          32100          188359 
          32300          183903 
          32500          179578 
          32700          175380 
          32900          167578 
          33100          166590 
          33300          163243 
          33500          159544 
          33700          155938 
          33900          152428 
          34100          149015 
          34300          145698 
          34500          142472 
          34700          139333 
          34900          136268 
          35100          133304 
          35300          130416 
          35500          127560 
          35700          124770 
          35900          122313 
          36100          119444 
          36300          117228 
          36500          114363 
          36700          112432 
          36900          109468 
          37100          107804 
          37300          104785 
          37500          101396 
          37700          101373 
          37900         99366.8 
          38100         96699.1 
          38300         94967.6 
          38500         93706.4 
          38700         91839.9 
          38900         89894.6 
          39100         86850.7 
          39300         86483.7 
          39500         84827.8 
          39700         83179.3 
          39900         81571.3 
          40100         79426.6 
          40300         77475.8 
          40500         75573.3 
          40700         75487.3 
          40900           74091 
          41100         72700.4 
          41300         71339.8 
          41500         69986.7 
          41700         67332.5 
          41900         67405.8 
          42100         66212.1 
          42300         65002.1 
          42500         63820.3 
          42700         62663.9 
          42900         61534.5 
          43100         60431.3 
          43300         59351.9 
          43500         58295.8 
          43700         56226.6 
          43900         56073.2 
          44100         55267.4 
          44300         54303.1 
          44500         53359.5 
          44700         52485.2 
          44900         51527.2 
          45100         50643.4 
          45300         49778.6 
          45500         48932.5 
          45700         48102.9 
          45900         47291.2 
          46100         46491.8 
          46300         45688.6 
          46500         44045.4 
          46700         43259.6 
          46900         43406.9 
          47100         42760.6 
          47300         42064.6 
          47500         41380.5 
          47700         40708.1 
          47900         40048.7 
          48100         39402.1 
          48300         38772.8 
          48500         38144.6 
          48700         37558.7 
          48900         36954.4 
          49100         36399.2 
          49300         35791.4 
          49500         35295.2 
          49700         34651.7 
          49900         34194.5 
          50100         33648.9 
          50300         33051.2 
          50500         32645.2 
          50700           32139 
          50900         31524.9 
          51100           31078 
          51300         30023.1 
          51500         30161.1 
          51700         29630.8 
          51900         29323.1 
          52100         28895.8 
          52300         28465.9 
          52500         27996.5 
          52700         27476.5 
          52900         27223.4 
          53100         26823.6 
          53300         26431.8 
          53500         26047.6 
          53700         25539.1 
          53900         25186.5 
          54100           24935 
          54300         24576.6 
          54500         24225.3 
          54700         23881.1 
          54900         23541.1 
          55100         23165.8 
          55300         22640.1 
          55500         22559.1 
          55700         22244.4 
          55900         21933.6 
          56100         21629.1 
          56300         21329.5 
          56500         21034.8 
          56700           20746 
          56900         20452.7 
          57100         19891.4 
          57300         19885.8 
          57500         19637.2 
          57700         19371.2 
          57900         19110.6 
          58100         18854.3 
          58300           18601 
          58500         18377.2 
          58700           18133 
          58900         17834.1 
          59100         17258.4 
          59300         17371.5 
          59500         16910.1 
          59700         16867.8 
          59900         16745.9 
          60100         16530.4 
          60300         16316.2 
          60500         16105.6 
          60700         15898.4 
          60900         15694.6 
          61100         15493.2 
          61300           15296 
          61500         15101.1 
          61700         14910.3 
          61900         14721.7 
          62100         14536.1 
          62300         14353.7 
          62500         14174.2 
          62700         13973.7 
          62900         13539.3 
          63100         13612.6 
          63300         13483.5 
          63500         13317.4 
          63700           13154 
          63900         12992.5 
          64200         12755.3 
          64600         12447.9 
          65000         12149.9 
          65400         11859.9 
          65800         11578.6 
          66200         11305.9 
          66600         11041.4 
          67000         10784.1 
          67400         10522.9 
          67800         10170.5 
          68200         10046.7 
          68600         9828.19 
          69000         9606.16 
          69400         9376.86 
          69800            9180 
          70200         8975.54 
          70600         8776.62 
          71000         8566.65 
          71400          8396.3 
          71800         8213.85 
          72200         8035.65 
          72600         7840.85 
          73000         7691.53 
          73400         7530.31 
          73800         7370.74 
          74200         7214.16 
          74600         6970.48 
          75000         6763.05 
          75400         6763.71 
          75800         6634.16 
          76200         6497.86 
          76600         6365.39 
          77000         6236.08 
          77400         6109.98 
          77800         5946.73 
          78200         5867.32 
          78600         5750.62 
          79000          5636.7 
          79400         5525.61 
          79800         5417.17 
          80200         5311.43 
          80600         5208.27 
          81000         5107.52 
          81400          4973.3 
          81800         4903.95 
          82200         4819.71 
          82600         4728.31 
          83000         4639.04 
          83400         4551.86 
          83800         4466.72 
          84200         4383.57 
          84600         4302.37 
          85000         4222.97 
          85400         4145.48 
          85800         4069.66 
          86200         3995.58 
          86600         3880.29 
          87000         3850.07 
          87400          3757.2 
          87800          3690.6 
          88200         3649.69 
          88600         3584.99 
          89000         3521.79 
          89400         3459.99 
          89800         3399.52 
          90200         3340.31 
          90600         3281.14 
          91000         3225.79 
          91400         3170.33 
          91800         3116.12 
          92200            3063 
          92600         3007.07 
          93000         2960.17 
          93400         2910.34 
          93800         2828.54 
          94200         2808.56 
          94600          2767.1 
          95000         2719.09 
          95400         2672.99 
          95800         2632.57 
          96200         2589.56 
          96600          2547.4 
          97000          2506.1 
          97400         2465.62 
          97800         2425.96 
          98200         2385.53 
          98600         2342.85 
          99000         2311.69 
          99400         2275.09 
          99800         2239.22 
         100200         2204.05 
         200000         141.189 
         400000         8.80111 
         600000          1.7249 
         800000        0.541672 
         1.0e+6        0.220443 
         1.2e+6        0.105738 
         1.4e+6       0.0568169 
         1.6e+6       0.0331787 
