# Kurucz ODFNEW /NOVER (2003)
# teff = 43000 K (value for the effective temperature for the model. Temperatures are given in K)
# logg = 5 log(cm/s2) (value for Log(G) for the model.)
# meta = 0  (value for the Metallicity for the model.)
# lh = 1.25  (l/Hp where l is the  mixing length of the convective element and Hp is the pressure scale height)
# vtur = 2 km/s (Microturbulence velocity)
# alpha = 0.4  (Alpha)
#
# column 1: WAVELENGTH (ANGSTROM), Wavelength in Angstrom
# column 2: FLUX (ERG/CM2/S/A), Flux in erg/cm2/s/A
          147.2         2.64067 
            151         5.28323 
          155.2         10.5938 
          158.8         18.7473 
            162         30.8702 
            166          56.046 
          170.3         100.973 
          173.4         152.546 
          176.8         240.742 
          180.2          367.83 
          181.7         438.692 
          186.1         747.733 
            191         1295.49 
          193.9         1783.69 
          198.4         2852.37 
          201.8         3982.36 
            205         5449.65 
          210.5         9065.77 
          216.2         14782.3 
          219.8         20227.6 
            223         26125.4 
          226.8         35871.1 
            230      1.03654e+7 
            234      3.59825e+7 
            240      4.83724e+7 
          246.5      7.40535e+7 
          252.4      1.75125e+8 
          256.8       2.8821e+8 
            260       3.5524e+8 
            264      2.10072e+9 
          268.5      3.02012e+9 
          273.5       3.9154e+9 
          278.5      2.18085e+9 
            284      6.27805e+9 
            290     1.01645e+10 
            296      6.93296e+9 
            301      5.54152e+9 
            308     1.94377e+10 
            318      4.52899e+9 
            328      7.68873e+9 
            338      6.18495e+9 
            348      7.15793e+9 
            357     1.82942e+10 
            366     4.10264e+10 
            375     5.85113e+10 
            385      6.2465e+10 
            395     9.90567e+10 
            405       1.576e+11 
            414     1.44308e+11 
            422     1.34046e+11 
            430     1.21623e+11 
            441     1.36368e+11 
            451     1.44949e+11 
            460     1.13491e+11 
            470     1.25429e+11 
            480     1.43523e+11 
            490     9.81113e+10 
            500       1.476e+11 
            506     1.10493e+11 
            512     1.94297e+11 
            520     1.76313e+11 
            530     1.58055e+11 
            540     1.36545e+11 
            550     1.13893e+11 
            560     1.52109e+11 
            570     1.78544e+11 
            580     1.71667e+11 
            590     1.71612e+11 
            600     1.32358e+11 
            610     1.24429e+11 
            620     1.61541e+11 
            630     1.49002e+11 
            640     1.64893e+11 
            650     1.49747e+11 
            658     1.22834e+11 
            665     1.50138e+11 
            675     1.58158e+11 
            685     1.34883e+11 
            695     1.50785e+11 
            705     1.19911e+11 
            716     1.48721e+11 
            726     1.48354e+11 
            735     1.47135e+11 
            745     1.35956e+11 
            755      1.3175e+11 
            765     1.23275e+11 
            775     1.29247e+11 
            785     1.11657e+11 
            795     1.22957e+11 
            805     1.21845e+11 
            815     1.20745e+11 
            825     1.20913e+11 
            835      1.0169e+11 
            845     1.14508e+11 
            855     1.07846e+11 
            865     1.11978e+11 
            875     1.10825e+11 
            885     1.07493e+11 
            895     1.05763e+11 
            905      1.0158e+11 
            915     7.66756e+10 
            925     1.24736e+11 
            935     1.63667e+11 
            945     1.93696e+11 
            955     2.22429e+11 
            965     2.46037e+11 
            975     1.72956e+11 
            985     2.15773e+11 
            995     1.90959e+11 
           1005     1.91821e+11 
           1015     1.97129e+11 
           1025      1.6657e+11 
           1035     1.97286e+11 
           1045     2.05765e+11 
           1055     1.99049e+11 
           1065      1.8099e+11 
           1075     1.86476e+11 
           1085     1.66878e+11 
           1095     1.78215e+11 
           1105     1.70731e+11 
           1115     1.67564e+11 
           1125     1.55029e+11 
           1135     1.61617e+11 
           1145     1.59129e+11 
           1155     1.46716e+11 
           1165     1.39308e+11 
           1175     1.21454e+11 
           1185     1.32811e+11 
           1195       1.253e+11 
           1205     1.22505e+11 
           1215     9.89734e+10 
           1225     1.15809e+11 
           1235     1.15541e+11 
           1245     1.12115e+11 
           1255        1.13e+11 
           1265     1.12334e+11 
           1275     1.12398e+11 
           1285     1.10863e+11 
           1295     1.08075e+11 
           1305     1.04565e+11 
           1315     1.04253e+11 
           1325     1.01681e+11 
           1335     9.95184e+10 
           1345     9.68092e+10 
           1355     9.35881e+10 
           1365     8.96237e+10 
           1375     8.58261e+10 
           1385     8.53748e+10 
           1395     7.96174e+10 
           1405     7.60262e+10 
           1415      8.2683e+10 
           1425     7.61965e+10 
           1435     7.87514e+10 
           1442     7.56262e+10 
           1447       7.536e+10 
           1455     7.27736e+10 
           1465      7.2038e+10 
           1475      7.1016e+10 
           1485     7.11254e+10 
           1495     6.89534e+10 
           1505     6.81997e+10 
           1512     6.76917e+10 
           1517     6.62361e+10 
           1525     6.53551e+10 
           1535     6.01862e+10 
           1545     5.11696e+10 
           1555     5.19236e+10 
           1565     5.56367e+10 
           1575     5.65544e+10 
           1585     5.49178e+10 
           1595     5.52013e+10 
           1605     5.24564e+10 
           1615     5.07096e+10 
           1625      5.0708e+10 
           1635     4.99149e+10 
           1645     4.80527e+10 
           1655     4.96635e+10 
           1665     4.81161e+10 
           1672     4.59824e+10 
           1677     4.93763e+10 
           1685     4.82849e+10 
           1695     4.74297e+10 
           1705     4.60054e+10 
           1715     4.41653e+10 
           1725     4.31356e+10 
           1735     4.40065e+10 
           1745     4.33897e+10 
           1755     4.23634e+10 
           1765     4.14385e+10 
           1775     4.05854e+10 
           1785     4.05718e+10 
           1795     3.93131e+10 
           1805     3.87261e+10 
           1815     3.80409e+10 
           1825     3.72304e+10 
           1835      3.6857e+10 
           1845     3.62959e+10 
           1855     3.57272e+10 
           1865     3.52768e+10 
           1875     3.42179e+10 
           1885     3.36056e+10 
           1895     3.35991e+10 
           1905     3.30895e+10 
           1915     3.24746e+10 
           1925     3.09872e+10 
           1935     3.15613e+10 
           1945      3.1138e+10 
           1955      3.0009e+10 
           1967     2.98309e+10 
           1976     2.93331e+10 
           1984     2.91152e+10 
           1995     2.85404e+10 
           2005     2.82414e+10 
           2015      2.7766e+10 
           2025     2.73197e+10 
           2035     2.67845e+10 
           2045     2.62133e+10 
           2055     1.92681e+10 
           2065     1.83363e+10 
           2074     1.85918e+10 
           2078     1.89364e+10 
           2085      2.0021e+10 
           2095     2.22448e+10 
           2105     2.34819e+10 
           2115     2.35804e+10 
           2125     2.29669e+10 
           2135     2.28266e+10 
           2145     2.24677e+10 
           2155       2.234e+10 
           2165      2.0947e+10 
           2175     2.18649e+10 
           2185     2.06899e+10 
           2195     2.13268e+10 
           2205     2.09773e+10 
           2215     1.96879e+10 
           2225     2.03522e+10 
           2235     2.00815e+10 
           2245     1.97229e+10 
           2255     1.86282e+10 
           2265     1.91176e+10 
           2275      1.8947e+10 
           2285     1.83876e+10 
           2295     1.78558e+10 
           2305     1.72608e+10 
           2315     1.75162e+10 
           2325     1.74621e+10 
           2335     1.72534e+10 
           2345     1.69229e+10 
           2355     1.66016e+10 
           2365     1.63234e+10 
           2375     1.59525e+10 
           2385     1.49586e+10 
           2395     1.53798e+10 
           2405     1.52782e+10 
           2415     1.50344e+10 
           2425     1.49939e+10 
           2435     1.47134e+10 
           2445     1.45297e+10 
           2455      1.4229e+10 
           2465     1.41244e+10 
           2475     1.40037e+10 
           2485     1.36795e+10 
           2495     1.17648e+10 
           2505     1.31882e+10 
           2513     1.21338e+10 
           2518     1.27357e+10 
           2525     1.28773e+10 
           2535     1.28263e+10 
           2545     1.26501e+10 
           2555     1.24635e+10 
           2565     1.22961e+10 
           2575     1.21389e+10 
           2585     1.19809e+10 
           2595     1.16095e+10 
           2605     1.16505e+10 
           2615     1.13698e+10 
           2625      1.1349e+10 
           2635     1.12196e+10 
           2645      1.1003e+10 
           2655     1.09219e+10 
           2665      1.0744e+10 
           2675     1.04569e+10 
           2685     1.04179e+10 
           2695     1.02883e+10 
           2705     1.02345e+10 
           2715     1.00744e+10 
           2725      9.91844e+9 
           2735      9.46177e+9 
           2745      9.70794e+9 
           2755      9.55271e+9 
           2765      9.44383e+9 
           2775      9.31082e+9 
           2785      9.12168e+9 
           2795      8.95477e+9 
           2805      8.93365e+9 
           2815      8.83606e+9 
           2825      8.70045e+9 
           2835      8.61715e+9 
           2845      8.53713e+9 
           2855      8.42335e+9 
           2865      8.28846e+9 
           2875      8.18578e+9 
           2885      8.10695e+9 
           2895      7.98227e+9 
           2910      7.82812e+9 
           2930      7.66764e+9 
           2950      7.48177e+9 
           2970      7.27885e+9 
           2990      7.06423e+9 
           3010      6.89416e+9 
           3030      6.68157e+9 
           3050      6.57317e+9 
           3070      6.40347e+9 
           3090      6.28928e+9 
           3110      6.15646e+9 
           3130      6.00266e+9 
           3150      5.89137e+9 
           3170      5.74978e+9 
           3190      5.62904e+9 
           3210      5.38582e+9 
           3230       5.3818e+9 
           3250      5.27082e+9 
           3270      5.09521e+9 
           3290      5.02197e+9 
           3310      4.90817e+9 
           3330      4.79299e+9 
           3350      4.65738e+9 
           3370      4.58535e+9 
           3390      4.48878e+9 
           3410      4.39125e+9 
           3430       4.3245e+9 
           3450      4.19474e+9 
           3470      4.14059e+9 
           3490      4.06172e+9 
           3510      3.98284e+9 
           3530      3.88947e+9 
           3550      3.81049e+9 
           3570      3.73688e+9 
           3590      3.66203e+9 
           3610      3.58341e+9 
           3630      3.50772e+9 
           3640      3.40716e+9 
           3650      3.06615e+9 
           3670      3.01128e+9 
           3690      2.95577e+9 
           3710      2.89826e+9 
           3730      2.89921e+9 
           3750      2.90132e+9 
           3770      2.89527e+9 
           3790       2.9419e+9 
           3810      2.97338e+9 
           3830      2.79679e+9 
           3850      2.91954e+9 
           3870       2.8741e+9 
           3890      2.60014e+9 
           3910      2.81707e+9 
           3930       2.7492e+9 
           3950      2.68811e+9 
           3970      2.38892e+9 
           3990      2.61272e+9 
           4010      2.57219e+9 
           4030      2.47598e+9 
           4050       2.4943e+9 
           4070      2.42527e+9 
           4090      2.29824e+9 
           4110      2.14678e+9 
           4130      2.29966e+9 
           4150      2.26836e+9 
           4170      2.23842e+9 
           4190      2.18191e+9 
           4210      2.11617e+9 
           4230        2.124e+9 
           4250      2.08186e+9 
           4270      2.04629e+9 
           4290      2.00883e+9 
           4310      1.96374e+9 
           4330      1.85432e+9 
           4350      1.75771e+9 
           4370      1.86614e+9 
           4390      1.82679e+9 
           4410      1.79964e+9 
           4430      1.77821e+9 
           4450      1.74594e+9 
           4470      1.70152e+9 
           4490      1.69086e+9 
           4510      1.65653e+9 
           4530      1.62776e+9 
           4550      1.56937e+9 
           4570      1.58132e+9 
           4590      1.55337e+9 
           4610      1.52859e+9 
           4630      1.49322e+9 
           4650      1.44284e+9 
           4670      1.45113e+9 
           4690      1.38149e+9 
           4710      1.40775e+9 
           4730      1.39557e+9 
           4750      1.37331e+9 
           4770      1.35155e+9 
           4790      1.32945e+9 
           4810       1.3085e+9 
           4830      1.28472e+9 
           4850      1.22647e+9 
           4870      1.14288e+9 
           4890      1.22281e+9 
           4910      1.20818e+9 
           4930      1.18449e+9 
           4950      1.17209e+9 
           4970      1.15655e+9 
           4990      1.13938e+9 
           5010      1.11575e+9 
           5030      1.10232e+9 
           5050      1.08647e+9 
           5070      1.07224e+9 
           5090      1.05645e+9 
           5110      1.04084e+9 
           5130      1.02528e+9 
           5150      1.01023e+9 
           5170      9.95309e+8 
           5190      9.80897e+8 
           5210      9.66635e+8 
           5230      9.52907e+8 
           5250      9.37815e+8 
           5270      9.23087e+8 
           5290      9.12365e+8 
           5310      8.99172e+8 
           5330      8.86363e+8 
           5350      8.73996e+8 
           5370       8.6158e+8 
           5390      8.49311e+8 
           5410      8.16862e+8 
           5430      8.25345e+8 
           5450      8.14403e+8 
           5470      8.02906e+8 
           5490      7.91904e+8 
           5510      7.79713e+8 
           5530       7.7024e+8 
           5550       7.5977e+8 
           5570      7.48981e+8 
           5590      7.36156e+8 
           5610      7.29181e+8 
           5630      7.19315e+8 
           5650      7.09593e+8 
           5670      7.00049e+8 
           5690      6.79603e+8 
           5710      6.32595e+8 
           5730      6.24526e+8 
           5750      6.16475e+8 
           5770      6.08859e+8 
           5790      6.01334e+8 
           5810      5.91554e+8 
           5830      5.87402e+8 
           5850      5.82292e+8 
           5870       5.7212e+8 
           5890      5.72553e+8 
           5910      5.68598e+8 
           5930      5.64951e+8 
           5950      5.61851e+8 
           5970      5.59065e+8 
           5990      5.56819e+8 
           6010      5.53119e+8 
           6030      5.49104e+8 
           6050       5.4516e+8 
           6070      5.38486e+8 
           6090      5.32293e+8 
           6110      5.25656e+8 
           6130      5.19534e+8 
           6150      5.13452e+8 
           6170      5.05843e+8 
           6190      5.01115e+8 
           6210      4.95333e+8 
           6230      4.87266e+8 
           6250      4.82484e+8 
           6270      4.77302e+8 
           6290      4.71406e+8 
           6310      4.63152e+8 
           6330      4.59797e+8 
           6350      4.54476e+8 
           6370      4.49195e+8 
           6390      4.43361e+8 
           6410      4.35226e+8 
           6430       4.3316e+8 
           6450      4.27906e+8 
           6470      4.22799e+8 
           6490       4.1789e+8 
           6510      4.11823e+8 
           6530      4.03279e+8 
           6550      3.95218e+8 
           6570      3.65349e+8 
           6590      3.92282e+8 
           6610      3.89481e+8 
           6630      3.85129e+8 
           6650      3.80652e+8 
           6670      3.73165e+8 
           6690       3.6566e+8 
           6710      3.66746e+8 
           6730      3.63148e+8 
           6750      3.59072e+8 
           6770      3.55219e+8 
           6790      3.51324e+8 
           6810      3.47363e+8 
           6830      3.43458e+8 
           6850      3.39536e+8 
           6870      3.35615e+8 
           6890      3.26654e+8 
           6910      3.27756e+8 
           6930      3.24729e+8 
           6950      3.21132e+8 
           6970      3.17601e+8 
           6990      3.14051e+8 
           7010      3.10337e+8 
           7030      3.06798e+8 
           7050      3.03445e+8 
           7070      2.98663e+8 
           7090      2.97325e+8 
           7110      2.94031e+8 
           7130      2.90857e+8 
           7150      2.87817e+8 
           7170      2.81311e+8 
           7190      2.79464e+8 
           7210      2.78669e+8 
           7230      2.75674e+8 
           7250       2.7275e+8 
           7270      2.69883e+8 
           7290      2.66462e+8 
           7310      2.63906e+8 
           7330      2.61444e+8 
           7350      2.58698e+8 
           7370      2.55833e+8 
           7390      2.53305e+8 
           7410      2.50519e+8 
           7430      2.48094e+8 
           7450      2.45182e+8 
           7470      2.42953e+8 
           7490      2.40019e+8 
           7510      2.37847e+8 
           7530      2.35568e+8 
           7550      2.33132e+8 
           7570      2.30699e+8 
           7590      2.23854e+8 
           7610       2.2549e+8 
           7630      2.23746e+8 
           7650       2.2149e+8 
           7670      2.19318e+8 
           7690      2.16586e+8 
           7710      2.14741e+8 
           7730      2.12131e+8 
           7750       2.1063e+8 
           7770      2.08642e+8 
           7790      2.06554e+8 
           7810      2.04515e+8 
           7830       2.0247e+8 
           7850      2.00064e+8 
           7870      1.98295e+8 
           7890      1.96486e+8 
           7910      1.94687e+8 
           7930      1.92813e+8 
           7950      1.90938e+8 
           7970      1.88789e+8 
           7990      1.87225e+8 
           8010       1.8544e+8 
           8030      1.83565e+8 
           8050      1.81904e+8 
           8070      1.80159e+8 
           8090      1.78441e+8 
           8110      1.76703e+8 
           8130      1.75059e+8 
           8150      1.73396e+8 
           8170      1.71521e+8 
           8190      1.69291e+8 
           8210      1.61112e+8 
           8230      1.58366e+8 
           8250      1.57832e+8 
           8270      1.56684e+8 
           8290      1.55337e+8 
           8310      1.53957e+8 
           8330      1.52285e+8 
           8350      1.51016e+8 
           8370      1.49768e+8 
           8390      1.48509e+8 
           8410      1.47218e+8 
           8430      1.45963e+8 
           8450      1.44645e+8 
           8470      1.43517e+8 
           8490      1.42387e+8 
           8510      1.41099e+8 
           8530      1.40179e+8 
           8550      1.39024e+8 
           8570      1.38058e+8 
           8590      1.36793e+8 
           8610      1.35904e+8 
           8630       1.3528e+8 
           8650      1.34021e+8 
           8670      1.32281e+8 
           8690      1.32451e+8 
           8710      1.31769e+8 
           8730      1.30459e+8 
           8750      1.27777e+8 
           8770      1.28341e+8 
           8790      1.28411e+8 
           8810      1.27746e+8 
           8830      1.26694e+8 
           8850      1.23838e+8 
           8870      1.20761e+8 
           8890       1.2326e+8 
           8910      1.23091e+8 
           8930      1.22205e+8 
           8950      1.21312e+8 
           8970      1.20223e+8 
           8990      1.18202e+8 
           9010      1.12731e+8 
           9030      1.13743e+8 
           9050      1.15702e+8 
           9070      1.15073e+8 
           9090      1.14371e+8 
           9110      1.13425e+8 
           9130      1.12661e+8 
           9150      1.11805e+8 
           9170      1.10511e+8 
           9190      1.09308e+8 
           9210      1.06653e+8 
           9230       1.0047e+8 
           9250      1.04566e+8 
           9270      1.05584e+8 
           9290      1.05078e+8 
           9310      1.04322e+8 
           9330      1.03313e+8 
           9350      9.99455e+7 
           9370      1.01394e+8 
           9390      1.00933e+8 
           9410      1.00117e+8 
           9430      9.93542e+7 
           9450      9.85502e+7 
           9470      9.76386e+7 
           9490      9.67214e+7 
           9510      9.53528e+7 
           9530      9.27172e+7 
           9550      8.70461e+7 
           9570      9.19231e+7 
           9590      9.25847e+7 
           9610      9.21426e+7 
           9630      9.14028e+7 
           9650      9.08423e+7 
           9670      9.01244e+7 
           9690      8.93997e+7 
           9710      8.80289e+7 
           9730      8.78624e+7 
           9750       8.7106e+7 
           9770       8.6063e+7 
           9790       8.5865e+7 
           9810      8.51864e+7 
           9830      8.44581e+7 
           9850      8.38475e+7 
           9870      8.31948e+7 
           9890      8.25159e+7 
           9910      8.18456e+7 
           9930      8.12411e+7 
           9950      8.06066e+7 
           9970      7.99766e+7 
           9990       7.9215e+7 
          10025      7.62788e+7 
          10075      7.40613e+7 
          10125      7.37211e+7 
          10175      7.38462e+7 
          10225      7.24303e+7 
          10275      7.10242e+7 
          10325      6.96065e+7 
          10375      6.84227e+7 
          10425      6.67939e+7 
          10475      6.59105e+7 
          10525      6.46872e+7 
          10575      6.35009e+7 
          10625      6.23407e+7 
          10675      6.11895e+7 
          10725       6.0093e+7 
          10775      5.90044e+7 
          10825      5.76954e+7 
          10875      5.67711e+7 
          10925      5.31405e+7 
          10975       5.4093e+7 
          11025      5.38638e+7 
          11075      5.29793e+7 
          11125      5.20506e+7 
          11175      5.11756e+7 
          11225      5.02752e+7 
          11275      4.94035e+7 
          11325      4.85453e+7 
          11375      4.77235e+7 
          11425      4.69171e+7 
          11475      4.61171e+7 
          11525      4.53406e+7 
          11575      4.45673e+7 
          11625      4.32398e+7 
          11675      4.26823e+7 
          11725      4.23738e+7 
          11775      4.16751e+7 
          11825      4.09678e+7 
          11875      4.03056e+7 
          11925      3.96477e+7 
          11975      3.88681e+7 
          12025      3.83736e+7 
          12075      3.77413e+7 
          12125      3.71231e+7 
          12175      3.65469e+7 
          12225      3.59637e+7 
          12275      3.53913e+7 
          12325      3.48245e+7 
          12375       3.4278e+7 
          12425      3.37391e+7 
          12475      3.32102e+7 
          12525      3.26766e+7 
          12575       3.2179e+7 
          12625      3.16835e+7 
          12675      3.11949e+7 
          12725      3.07082e+7 
          12775       2.9949e+7 
          12825      2.81767e+7 
          12875      2.92014e+7 
          12925      2.88858e+7 
          12975      2.84152e+7 
          13025      2.80198e+7 
          13075      2.76031e+7 
          13125       2.7192e+7 
          13175      2.67864e+7 
          13225      2.63904e+7 
          13275      2.59995e+7 
          13325      2.56181e+7 
          13375      2.52416e+7 
          13425        2.487e+7 
          13475      2.45114e+7 
          13525      2.41555e+7 
          13575      2.38082e+7 
          13625      2.34654e+7 
          13675      2.31289e+7 
          13725      2.27927e+7 
          13775      2.24727e+7 
          13825      2.21547e+7 
          13875      2.18407e+7 
          13925      2.15326e+7 
          13975      2.12322e+7 
          14025      2.09317e+7 
          14075      2.06425e+7 
          14125       2.0355e+7 
          14175       2.0071e+7 
          14225      1.97962e+7 
          14275      1.95246e+7 
          14325      1.92545e+7 
          14375      1.89932e+7 
          14425       1.8735e+7 
          14475      1.84818e+7 
          14525      1.82315e+7 
          14570      1.80091e+7 
          14620      1.77733e+7 
          14675      1.75109e+7 
          14725      1.72663e+7 
          14775       1.6853e+7 
          14825       1.6821e+7 
          14875      1.66022e+7 
          14925      1.63846e+7 
          14975        1.617e+7 
          15025      1.59584e+7 
          15075      1.57453e+7 
          15125      1.55464e+7 
          15175      1.53453e+7 
          15225      1.51473e+7 
          15275      1.49521e+7 
          15325      1.47599e+7 
          15375      1.45716e+7 
          15425      1.43832e+7 
          15475      1.42031e+7 
          15525      1.40221e+7 
          15575      1.38402e+7 
          15625      1.36731e+7 
          15675      1.34926e+7 
          15725      1.33195e+7 
          15775      1.31683e+7 
          15825       1.3001e+7 
          15875      1.28077e+7 
          15925      1.26724e+7 
          15975       1.2533e+7 
          16050      1.22875e+7 
          16150      1.19637e+7 
          16250      1.17396e+7 
          16350      1.14101e+7 
          16450      1.10914e+7 
          16550      1.09186e+7 
          16650       1.0661e+7 
          16750      1.03487e+7 
          16850      1.00478e+7 
          16950      9.93243e+6 
          17050      9.68421e+6 
          17150      9.48322e+6 
          17250      9.25838e+6 
          17350      8.88051e+6 
          17450      8.82492e+6 
          17550      8.65517e+6 
          17650      8.46244e+6 
          17750      8.27457e+6 
          17850      8.09273e+6 
          17950      7.91547e+6 
          18050      7.73954e+6 
          18150      7.40302e+6 
          18250      7.37018e+6 
          18350      7.25293e+6 
          18450      7.09827e+6 
          18550      6.94695e+6 
          18650      6.69458e+6 
          18750      6.44195e+6 
          18850      6.51532e+6 
          18950      6.38484e+6 
          19050      6.24532e+6 
          19150      6.12438e+6 
          19250       5.9991e+6 
          19350      5.86592e+6 
          19450      5.58418e+6 
          19550      5.62853e+6 
          19650      5.52875e+6 
          19750      5.41843e+6 
          19850      5.31063e+6 
          19950      5.20555e+6 
          20050      5.10362e+6 
          20150      5.00373e+6 
          20250      4.90629e+6 
          20350      4.81125e+6 
          20450      4.71819e+6 
          20550      4.62572e+6 
          20650      4.53942e+6 
          20750      4.45185e+6 
          20850      4.36878e+6 
          20950      4.28657e+6 
          21050      4.20615e+6 
          21150      4.12352e+6 
          21250      4.05101e+6 
          21350      3.97604e+6 
          21450      3.90262e+6 
          21550      3.82528e+6 
          21650      3.63273e+6 
          21750      3.68023e+6 
          21850      3.62595e+6 
          21950      3.56116e+6 
          22050      3.49732e+6 
          22150      3.43495e+6 
          22250      3.37393e+6 
          22350      3.31432e+6 
          22450      3.25593e+6 
          22550      3.19889e+6 
          22650      3.14309e+6 
          22750      3.08844e+6 
          22850      3.03896e+6 
          22950      2.98664e+6 
          23050      2.93519e+6 
          23150      2.88521e+6 
          23250      2.83619e+6 
          23350      2.78811e+6 
          23450      2.74109e+6 
          23550      2.69504e+6 
          23650      2.64993e+6 
          23750      2.60582e+6 
          23850      2.56256e+6 
          23950      2.52025e+6 
          24050      2.47876e+6 
          24150      2.43812e+6 
          24250      2.39755e+6 
          24350      2.35935e+6 
          24450      2.32118e+6 
          24550      2.28374e+6 
          24650      2.24702e+6 
          24750      2.20984e+6 
          24850      2.17586e+6 
          24950      2.14133e+6 
          25050      2.10746e+6 
          25150      2.07429e+6 
          25250      2.04158e+6 
          25350       2.0098e+6 
          25450      1.97856e+6 
          25550      1.94781e+6 
          25650      1.91468e+6 
          25750      1.88824e+6 
          25850      1.85928e+6 
          25950      1.83088e+6 
          26050      1.80009e+6 
          26150      1.76415e+6 
          26250      1.68097e+6 
          26350       1.7149e+6 
          26450      1.69662e+6 
          26550      1.67093e+6 
          26650      1.64447e+6 
          26750      1.61298e+6 
          26850      1.59602e+6 
          26950      1.57465e+6 
          27050      1.55155e+6 
          27150       1.5289e+6 
          27250      1.50664e+6 
          27350      1.48476e+6 
          27450      1.46202e+6 
          27550      1.43003e+6 
          27650      1.41482e+6 
          27750      1.40117e+6 
          27850      1.38122e+6 
          27950      1.36166e+6 
          28050      1.34235e+6 
          28150      1.32346e+6 
          28250      1.30485e+6 
          28350      1.28657e+6 
          28450      1.26861e+6 
          28550      1.25072e+6 
          28650      1.22741e+6 
          28750      1.19947e+6 
          28850       1.1976e+6 
          28950      1.18336e+6 
          29050      1.16719e+6 
          29150      1.15131e+6 
          29250      1.13565e+6 
          29350      1.12032e+6 
          29450      1.10517e+6 
          29550      1.09032e+6 
          29650      1.07574e+6 
          29750      1.06137e+6 
          29850      1.04725e+6 
          29950      1.03334e+6 
          30050      1.01967e+6 
          30150       1.0062e+6 
          30250          991657 
          30350          964111 
          30450          956976 
          30550          953951 
          30650          942242 
          30750          930068 
          30850          917992 
          30950          906288 
          31050          894676 
          31150          883273 
          31250          872035 
          31350          860961 
          31450          850086 
          31550          839370 
          31650          828809 
          31750          818439 
          31850          808220 
          31950          798149 
          32100          783359 
          32300          764155 
          32500          745505 
          32700          727430 
          32900          697695 
          33100          689873 
          33300          676821 
          33500          660875 
          33700          645325 
          33900          630226 
          34100          615566 
          34300          601331 
          34500          587511 
          34700          574094 
          34900          561038 
          35100          548363 
          35300          536030 
          35500          524058 
          35700          512409 
          35900          501074 
          36100          490045 
          36300          479342 
          36500          468901 
          36700          458769 
          36900          448885 
          37100          439022 
          37300          425228 
          37500          414329 
          37700          411932 
          37900          403321 
          38100          394894 
          38300          386697 
          38500          378725 
          38700          370947 
          38900          363358 
          39100          355831 
          39300          348779 
          39500          341755 
          39700          334926 
          39900          328240 
          40100          321413 
          40300          314542 
          40500          302119 
          40700          302955 
          40900          297251 
          41100          291489 
          41300          285801 
          41500          280362 
          41700          273845 
          41900          269713 
          42100          264712 
          42300          259731 
          42500          254852 
          42700          250114 
          42900          245372 
          43100          240930 
          43300          236499 
          43500          232160 
          43700          226449 
          43900          223218 
          44100          219764 
          44300          215807 
          44500          211950 
          44700          208248 
          44900          204547 
          45100          200940 
          45300          197407 
          45500          193947 
          45700          190557 
          45900          187255 
          46100          183985 
          46300          180659 
          46500          172599 
          46700          172213 
          46900          171185 
          47100          168821 
          47300          165977 
          47500          163188 
          47700          160460 
          47900          157788 
          48100          155171 
          48300          152606 
          48500          150096 
          48700          147636 
          48900          145227 
          49100          142867 
          49300          140554 
          49500          138287 
          49700          136066 
          49900          133888 
          50100          131754 
          50300          129663 
          50500          127613 
          50700          125603 
          50900          123630 
          51100          121370 
          51300          117760 
          51500          117728 
          51700          116124 
          51900          114337 
          52100          112584 
          52300          110865 
          52500          109177 
          52700          107521 
          52900          105898 
          53100          104304 
          53300          102741 
          53500          101205 
          53700           99699 
          53900         98220.1 
          54100         96770.5 
          54300           95346 
          54500         93947.4 
          54700         92574.2 
          54900           91226 
          55100         89902.3 
          55300         88601.5 
          55500         87325.6 
          55700         86073.1 
          55900         84842.2 
          56100         83632.7 
          56300         82444.1 
          56500         81277.3 
          56700         80130.7 
          56900           79004 
          57100         77895.8 
          57300         76809.1 
          57500         75742.4 
          57700         74692.1 
          57900           73660 
          58100           72646 
          58300         71648.5 
          58500         70686.1 
          58700           69722 
          58900         68493.5 
          59100         66186.3 
          59300         66702.7 
          59500         65842.1 
          59700         65064.5 
          59900         64272.7 
          60100           63417 
          60300         62575.3 
          60500         61747.5 
          60700         60934.3 
          60900         60132.5 
          61100         59344.9 
          61300         58570.3 
          61500         57807.5 
          61700         57057.3 
          61900         56319.5 
          62100         55593.9 
          62300         54878.4 
          62500         54175.7 
          62700         53447.4 
          62900           52531 
          63100         52064.1 
          63300         51472.4 
          63500         50823.6 
          63700         50184.6 
          63900         49556.3 
          64200         48630.9 
          64600         47430.2 
          65000         46265.9 
          65400           45138 
          65800         44043.6 
          66200         42982.6 
          66600         41952.3 
          67000         40953.5 
          67400         39942.2 
          67800         38807.7 
          68200         38128.6 
          68600         37241.8 
          69000         36380.8 
          69400         35543.4 
          69800         34730.4 
          70200         33940.5 
          70600         33173.1 
          71000         32426.7 
          71400         31701.5 
          71800         30996.3 
          72200         30310.6 
          72600           29643 
          73000         28994.5 
          73400         28363.3 
          73800         27749.6 
          74200         27122.7 
          74600         25947.2 
          75000         25334.3 
          75400           25379 
          75800         24916.4 
          76200         24393.4 
          76600         23885.1 
          77000         23389.1 
          77400         22905.9 
          77800         22435.1 
          78200         21976.4 
          78600         21529.5 
          79000         21093.5 
          79400         20668.7 
          79800         20254.4 
          80200         19850.2 
          80600         19456.5 
          81000         19071.9 
          81400         18693.9 
          81800         18331.3 
          82200         17974.9 
          82600         17626.8 
          83000         17286.7 
          83400           16955 
          83800         16631.5 
          84200           16315 
          84600         16006.3 
          85000         15704.8 
          85400         15410.8 
          85800         15123.1 
          86200         14841.7 
          86600         14538.6 
          87000         14294.2 
          87400         13917.6 
          87800           13664 
          88200         13531.1 
          88600         13286.9 
          89000         13047.8 
          89400           12814 
          89800         12585.1 
          90200         12361.7 
          90600         12143.1 
          91000         11929.2 
          91400         11720.4 
          91800         11515.7 
          92200         11315.8 
          92600         11119.9 
          93000         10928.2 
          93400         10740.6 
          93800         10513.9 
          94200         10362.8 
          94600         10201.7 
          95000         10029.6 
          95400         9861.19 
          95800         9696.09 
          96200         9534.62 
          96600         9376.29 
          97000         9221.44 
          97400         9069.61 
          97800         8920.74 
          98200         8775.16 
          98600         8632.42 
          99000         8492.46 
          99400         8355.62 
          99800         8221.44 
         100200         8089.89 
         200000         495.842 
         400000         30.0112 
         600000         5.81116 
         800000          1.8116 
         1.0e+6        0.733266 
         1.2e+6        0.350149 
         1.4e+6        0.187406 
         1.6e+6        0.109046 
