# Kurucz ODFNEW /NOVER (2003)
# teff = 4000 K (value for the effective temperature for the model. Temperatures are given in K)
# logg = 2.5 log(cm/s2) (value for Log(G) for the model.)
# meta = -2.5  (value for the Metallicity for the model.)
# lh = 1.25  (l/Hp where l is the  mixing length of the convective element and Hp is the pressure scale height)
# vtur = 2 km/s (Microturbulence velocity)
# alpha = 0.4  (Alpha)
#
# column 1: WAVELENGTH (ANGSTROM), Wavelength in Angstrom
# column 2: FLUX (ERG/CM2/S/A), Flux in erg/cm2/s/A
          147.2     2.4569e-170 
            151    8.91157e-166 
          155.2    5.33867e-161 
          158.8    4.15864e-157 
            162    8.54201e-154 
            166    7.78136e-150 
          170.3       8.67e-146 
          173.4    5.36573e-143 
          176.8    4.76097e-140 
          180.2    3.26099e-137 
          181.7    5.37316e-136 
          186.1    1.53343e-132 
            191    6.98283e-129 
          193.9    8.32133e-127 
          198.4    1.04819e-123 
          201.8    1.86574e-121 
            205    2.09167e-119 
          210.5    4.94303e-116 
          216.2    1.01608e-112 
          219.8    1.02253e-110 
            223    5.42045e-109 
          226.8    5.22591e-107 
            230    2.17755e-105 
            234    1.98829e-103 
            240    1.30338e-100 
          246.5     1.02264e-97 
          252.4     3.20818e-95 
          256.8     1.96013e-93 
            260      3.5699e-92 
            264     1.21474e-90 
          268.5     5.64476e-89 
          273.5     3.45553e-87 
          278.5     1.82288e-85 
            284     1.21226e-83 
            290      9.8093e-82 
            296     6.61005e-80 
            301     1.94068e-78 
            308      1.8238e-76 
            318     8.42727e-74 
            328     2.65823e-71 
            338     5.91653e-69 
            348     9.59088e-67 
            357      7.2766e-65 
            366     4.44687e-63 
            375     2.21783e-61 
            385      1.3712e-59 
            395     6.83823e-58 
            405     2.79771e-56 
            414     6.74942e-55 
            422     1.01631e-53 
            430     1.37956e-52 
            441     4.24826e-51 
            451     8.24596e-50 
            460     1.06218e-48 
            470     1.61518e-47 
            480     2.18369e-46 
            490     2.64699e-45 
            500     2.89132e-44 
            506     1.57365e-43 
            512     6.82627e-43 
            520     3.93323e-42 
            530     3.27026e-41 
            540     2.47316e-40 
            550     1.75139e-39 
            560     1.14752e-38 
            570     7.01953e-38 
            580     3.98186e-37 
            590     2.16795e-36 
            600     1.10172e-35 
            610     5.29537e-35 
            620     2.41395e-34 
            630     1.04638e-33 
            640      4.3254e-33 
            650     1.70817e-32 
            658     4.96645e-32 
            665     1.23601e-31 
            675     4.39284e-31 
            685     1.50162e-30 
            695     4.94574e-30 
            705     1.57195e-29 
            716     5.39276e-29 
            726     1.59833e-28 
            735     4.13867e-28 
            745     1.15797e-27 
            755      3.1478e-27 
            765     8.32348e-27 
            775     2.14337e-26 
            785     5.38013e-26 
            795     1.31755e-25 
            805     3.15214e-25 
            815     7.37096e-25 
            825     1.68653e-24 
            835     3.77905e-24 
            845     8.28617e-24 
            855     1.77608e-23 
            865     3.73369e-23 
            875     7.70902e-23 
            885     1.56098e-22 
            895     3.12064e-22 
            905     6.09602e-22 
            915     2.14107e-17 
            925     1.56856e-16 
            935     1.76815e-16 
            945     4.08679e-16 
            955     3.09372e-16 
            965     8.72296e-16 
            975     6.82779e-16 
            985     2.11844e-15 
            995     4.84979e-15 
           1005       5.358e-15 
           1015     5.68445e-15 
           1025     1.06185e-14 
           1035     3.02154e-14 
           1045     6.10343e-14 
           1055     7.35503e-14 
           1065     2.48174e-13 
           1075     3.58726e-13 
           1085     1.17554e-12 
           1095     2.17408e-12 
           1105     2.71156e-12 
           1115     5.29235e-12 
           1125     1.32076e-11 
           1135     2.63109e-11 
           1145     4.36205e-11 
           1155     6.42179e-11 
           1165     7.02371e-11 
           1175     1.09459e-10 
           1185     1.52103e-10 
           1195     4.45894e-11 
           1205     2.97513e-11 
           1215     1.68078e-11 
           1225     6.00457e-11 
           1235     2.07549e-10 
           1245      1.04513e-9 
           1255       2.5323e-9 
           1265      5.53785e-9 
           1275      9.35784e-9 
           1285      1.68948e-8 
           1295      2.25989e-8 
           1305      4.75473e-8 
           1315      6.55106e-8 
           1325      9.79255e-8 
           1335      1.31004e-7 
           1345      1.82818e-7 
           1355      2.71812e-7 
           1365      3.53331e-7 
           1375      4.33375e-7 
           1385      5.62318e-7 
           1395      7.22881e-7 
           1405      1.01723e-6 
           1415      1.44804e-6 
           1425      1.69023e-6 
           1435      2.37722e-6 
           1442      3.55049e-6 
           1447      3.01087e-6 
           1455       4.1317e-6 
           1465      5.29139e-6 
           1475      6.23252e-6 
           1485      7.83773e-6 
           1495      1.22072e-5 
           1505      1.71264e-5 
           1512      1.26572e-5 
           1517      1.36174e-5 
           1525      2.28245e-5 
           1535      5.29146e-5 
           1545      4.49088e-5 
           1555      7.38338e-5 
           1565      7.70679e-5 
           1575     0.000117493 
           1585     0.000133211 
           1595     0.000142307 
           1605     0.000161425 
           1615     0.000194097 
           1625     0.000210733 
           1635     0.000293509 
           1645     0.000423531 
           1655     0.000390686 
           1665     0.000617354 
           1672     0.000568722 
           1677     0.000898968 
           1685      0.00117694 
           1695      0.00169101 
           1705      0.00196968 
           1715      0.00250626 
           1725      0.00363116 
           1735      0.00443757 
           1745      0.00655553 
           1755      0.00697457 
           1765       0.0107555 
           1775      0.00906327 
           1785       0.0206252 
           1795       0.0164604 
           1805       0.0345009 
           1815       0.0236269 
           1825        0.043499 
           1835       0.0385755 
           1845       0.0643545 
           1855       0.0441376 
           1865        0.106707 
           1875       0.0962113 
           1885        0.138044 
           1895        0.179939 
           1905        0.198661 
           1915        0.340649 
           1925        0.287832 
           1935        0.311447 
           1945        0.461842 
           1955        0.736796 
           1967         0.79088 
           1976         0.99504 
           1984         1.46729 
           1995         1.25134 
           2005         1.59922 
           2015         1.83353 
           2025         1.55115 
           2035         2.19794 
           2045         2.21568 
           2055         3.02238 
           2065         2.54491 
           2074         2.26994 
           2078         3.34897 
           2085         3.72022 
           2095         4.27146 
           2105         3.90892 
           2115         3.48649 
           2125         3.50489 
           2135         6.18168 
           2145         4.29769 
           2155         6.06431 
           2165         5.77461 
           2175         6.53376 
           2185         5.80912 
           2195         11.9962 
           2205         8.90137 
           2215         11.4534 
           2225         10.2275 
           2235          21.427 
           2245         24.2309 
           2255         30.9939 
           2265         12.7774 
           2275         32.2405 
           2285         30.9307 
           2295         55.1137 
           2305         14.6912 
           2315         80.8117 
           2325         51.6997 
           2335         100.591 
           2345         58.4199 
           2355         41.7131 
           2365         65.6977 
           2375         61.4021 
           2385         112.836 
           2395         108.933 
           2405          213.14 
           2415         119.312 
           2425         208.448 
           2435         314.632 
           2445         466.675 
           2455         519.599 
           2465         275.016 
           2475         462.589 
           2485         103.327 
           2495         159.745 
           2505         339.631 
           2513         167.015 
           2518         137.172 
           2525         192.725 
           2535         662.917 
           2545         1061.96 
           2555         1888.89 
           2565         1079.19 
           2575         2005.51 
           2585         1420.05 
           2595         1506.46 
           2605         1706.38 
           2615         1322.48 
           2625         2239.61 
           2635         4894.29 
           2645         5083.62 
           2655         7377.44 
           2665         6374.28 
           2675         4797.08 
           2685         6277.58 
           2695         3984.04 
           2705         7068.61 
           2715         5360.22 
           2725         3962.91 
           2735         5314.85 
           2745         5407.69 
           2755         5709.49 
           2765         7977.85 
           2775         7912.14 
           2785         3624.82 
           2795         1932.15 
           2805         2385.96 
           2815         4318.15 
           2825         4770.12 
           2835         3087.39 
           2845         1601.58 
           2855         617.296 
           2865         2794.28 
           2875         4554.23 
           2885          7829.5 
           2895         12171.2 
           2910         18955.9 
           2930         22733.5 
           2950         21522.4 
           2970         20320.8 
           2990           25662 
           3010         26264.3 
           3030           29968 
           3050         34782.6 
           3070         27829.5 
           3090         23231.3 
           3110         34096.9 
           3130         30497.1 
           3150         35534.6 
           3170           49535 
           3190         47179.6 
           3210         54669.8 
           3230         57634.8 
           3250         84779.7 
           3270          101400 
           3290          108183 
           3310         96963.3 
           3330           94613 
           3350         85010.4 
           3370         51101.2 
           3390         74584.7 
           3410           90689 
           3430          116850 
           3450          115290 
           3470          127362 
           3490          149654 
           3510          179884 
           3530          173356 
           3550          220179 
           3570          171792 
           3590          171485 
           3610          202985 
           3630          215289 
           3640          233542 
           3650          236893 
           3670          267234 
           3690          253330 
           3710          250579 
           3730          152905 
           3750          193526 
           3770          283006 
           3790          298465 
           3810          303982 
           3830          191240 
           3850          273477 
           3870          257401 
           3890          264097 
           3910          286242 
           3930          121093 
           3950          264344 
           3970          172612 
           3990          386500 
           4010          439210 
           4030          416281 
           4050          432668 
           4070          423900 
           4090          447330 
           4110          338791 
           4130          392148 
           4150          348173 
           4170          355283 
           4190          390461 
           4210          387206 
           4230          390628 
           4250          426233 
           4270          411278 
           4290          388784 
           4310          355514 
           4330          515276 
           4350          515486 
           4370          526659 
           4390          512644 
           4410          556936 
           4430          607934 
           4450          612831 
           4470          646520 
           4490          671980 
           4510          704188 
           4530          662827 
           4550          696065 
           4570          719424 
           4590          725149 
           4610          739274 
           4630          756503 
           4650          746977 
           4670          779909 
           4690          778752 
           4710          777706 
           4730          787493 
           4750          789859 
           4770          773364 
           4790          781254 
           4810          821226 
           4830          816022 
           4850          829533 
           4870          816650 
           4890          837176 
           4910          849575 
           4930          834466 
           4950          838883 
           4970          856395 
           4990          818937 
           5010          781898 
           5030          804237 
           5050          777877 
           5070          777366 
           5090          759534 
           5110          742029 
           5130          728496 
           5150          691557 
           5170          674730 
           5190          736743 
           5210          763379 
           5230          919880 
           5250          939729 
           5270          897070 
           5290          954354 
           5310          981623 
           5330          939500 
           5350          974488 
           5370          976819 
           5390          972644 
           5410          974283 
           5430          971220 
           5450          982877 
           5470      1.00169e+6 
           5490      1.00702e+6 
           5510          995265 
           5530      1.02529e+6 
           5550      1.03531e+6 
           5570      1.02495e+6 
           5590      1.01571e+6 
           5610      1.02995e+6 
           5630      1.05283e+6 
           5650      1.06195e+6 
           5670      1.05673e+6 
           5690      1.06822e+6 
           5710      1.05452e+6 
           5730      1.07566e+6 
           5750      1.07818e+6 
           5770      1.08292e+6 
           5790      1.08211e+6 
           5810      1.08727e+6 
           5830      1.09326e+6 
           5850      1.08932e+6 
           5870        1.093e+6 
           5890      1.03486e+6 
           5910      1.09692e+6 
           5930      1.09961e+6 
           5950      1.09957e+6 
           5970      1.10807e+6 
           5990      1.11066e+6 
           6010      1.11037e+6 
           6030      1.11503e+6 
           6050      1.11972e+6 
           6070      1.11623e+6 
           6090      1.11785e+6 
           6110      1.11741e+6 
           6130      1.09589e+6 
           6150      1.12045e+6 
           6170      1.09786e+6 
           6190      1.12283e+6 
           6210      1.12587e+6 
           6230       1.1202e+6 
           6250      1.10948e+6 
           6270      1.12311e+6 
           6290      1.13064e+6 
           6310      1.12954e+6 
           6330      1.13295e+6 
           6350      1.14189e+6 
           6370      1.14337e+6 
           6390      1.14212e+6 
           6410      1.13519e+6 
           6430      1.13716e+6 
           6450      1.13537e+6 
           6470      1.13565e+6 
           6490       1.1301e+6 
           6510      1.14779e+6 
           6530      1.15473e+6 
           6550      1.14654e+6 
           6570      1.12831e+6 
           6590      1.15002e+6 
           6610       1.1541e+6 
           6630      1.15795e+6 
           6650      1.15679e+6 
           6670      1.15181e+6 
           6690      1.16093e+6 
           6710      1.15678e+6 
           6730      1.16214e+6 
           6750      1.15568e+6 
           6770      1.16078e+6 
           6790      1.16228e+6 
           6810      1.16156e+6 
           6830      1.16397e+6 
           6850      1.16248e+6 
           6870      1.16123e+6 
           6890      1.16402e+6 
           6910      1.16321e+6 
           6930      1.16365e+6 
           6950      1.16172e+6 
           6970      1.16421e+6 
           6990      1.16218e+6 
           7010      1.16193e+6 
           7030       1.1631e+6 
           7050      1.16356e+6 
           7070      1.16158e+6 
           7090      1.16118e+6 
           7110      1.16174e+6 
           7130      1.15953e+6 
           7150       1.1532e+6 
           7170       1.1607e+6 
           7190      1.15498e+6 
           7210      1.15148e+6 
           7230      1.16018e+6 
           7250        1.154e+6 
           7270      1.15921e+6 
           7290      1.15831e+6 
           7310      1.15819e+6 
           7330      1.15468e+6 
           7350      1.15322e+6 
           7370      1.15668e+6 
           7390      1.15491e+6 
           7410      1.15163e+6 
           7430      1.15315e+6 
           7450      1.15274e+6 
           7470      1.15245e+6 
           7490      1.15114e+6 
           7510      1.15109e+6 
           7530      1.15143e+6 
           7550      1.15089e+6 
           7570      1.15001e+6 
           7590      1.14801e+6 
           7610      1.14804e+6 
           7630      1.14759e+6 
           7650      1.14643e+6 
           7670      1.13495e+6 
           7690      1.14434e+6 
           7710       1.1367e+6 
           7730      1.14085e+6 
           7750      1.13761e+6 
           7770      1.14105e+6 
           7790      1.13893e+6 
           7810      1.13903e+6 
           7830      1.13641e+6 
           7850      1.13534e+6 
           7870      1.13566e+6 
           7890      1.13408e+6 
           7910      1.13119e+6 
           7930      1.12956e+6 
           7950      1.12639e+6 
           7970      1.12928e+6 
           7990      1.12729e+6 
           8010      1.12543e+6 
           8030      1.12462e+6 
           8050      1.11985e+6 
           8070      1.12073e+6 
           8090      1.11992e+6 
           8110       1.1195e+6 
           8130      1.11856e+6 
           8150      1.11721e+6 
           8170       1.1157e+6 
           8190      1.10655e+6 
           8210      1.10922e+6 
           8230      1.10895e+6 
           8250      1.10895e+6 
           8270      1.10877e+6 
           8290      1.10704e+6 
           8310      1.10325e+6 
           8330      1.09155e+6 
           8350      1.10075e+6 
           8370      1.09717e+6 
           8390      1.07005e+6 
           8410      1.09315e+6 
           8430      1.07455e+6 
           8450      1.09359e+6 
           8470      1.08543e+6 
           8490      1.08477e+6 
           8510      1.05377e+6 
           8530      1.08228e+6 
           8550          999355 
           8570      1.08451e+6 
           8590      1.08212e+6 
           8610      1.07939e+6 
           8630       1.0791e+6 
           8650      1.07562e+6 
           8670          998896 
           8690      1.05771e+6 
           8710      1.07267e+6 
           8730      1.07048e+6 
           8750      1.06722e+6 
           8770      1.06745e+6 
           8790      1.06586e+6 
           8810      1.05283e+6 
           8830      1.05217e+6 
           8850      1.05887e+6 
           8870       1.0574e+6 
           8890       1.0577e+6 
           8910      1.05595e+6 
           8930      1.05345e+6 
           8950      1.05044e+6 
           8970      1.04992e+6 
           8990      1.04838e+6 
           9010      1.03756e+6 
           9030      1.04406e+6 
           9050      1.04336e+6 
           9070      1.04151e+6 
           9090      1.03301e+6 
           9110      1.03642e+6 
           9130        1.035e+6 
           9150      1.03328e+6 
           9170      1.03128e+6 
           9190      1.02974e+6 
           9210      1.02692e+6 
           9230      1.02552e+6 
           9250      1.02206e+6 
           9270       1.0216e+6 
           9290      1.01909e+6 
           9310      1.01841e+6 
           9330      1.01655e+6 
           9350      1.01454e+6 
           9370      1.01047e+6 
           9390      1.01104e+6 
           9410      1.00704e+6 
           9430      1.00718e+6 
           9450      1.00436e+6 
           9470      1.00361e+6 
           9490      1.00193e+6 
           9510      1.00001e+6 
           9530          998062 
           9550          992605 
           9570          993561 
           9590          992535 
           9610          987021 
           9630          988531 
           9650          971857 
           9670          973964 
           9690          979417 
           9710          973948 
           9730          971341 
           9750          971878 
           9770          972718 
           9790          960454 
           9810          971339 
           9830          968989 
           9850          967854 
           9870          965637 
           9890          963815 
           9910          961885 
           9930          960230 
           9950          958277 
           9970          956331 
           9990          954808 
          10025          950739 
          10075          945780 
          10125          941019 
          10175          935541 
          10225          931819 
          10275          927375 
          10325          920853 
          10375          916164 
          10425          913636 
          10475          908197 
          10525          904214 
          10575          898311 
          10625          894214 
          10675          888436 
          10725          884527 
          10775          879744 
          10825          871765 
          10875          871030 
          10925          867336 
          10975          861391 
          11025          857656 
          11075          853492 
          11125          848820 
          11175          844168 
          11225          840940 
          11275          835128 
          11325          831676 
          11375          826506 
          11425          819894 
          11475          819974 
          11525          815797 
          11575          811070 
          11625          802184 
          11675          802155 
          11725          800343 
          11775          794266 
          11825          788776 
          11875          781694 
          11925          784531 
          11975          772765 
          12025          775392 
          12075          771542 
          12125          769881 
          12175          766900 
          12225          763337 
          12275          759606 
          12325          756457 
          12375          753087 
          12425          749869 
          12475          746702 
          12525          743682 
          12575          740210 
          12625          736887 
          12675          734016 
          12725          730958 
          12775          727717 
          12825          722077 
          12875          721434 
          12925          718096 
          12975          716152 
          13025          713329 
          13075          710132 
          13125          706306 
          13175          703712 
          13225          701696 
          13275          696976 
          13325          689804 
          13375          682129 
          13425          677433 
          13475          678557 
          13525          673899 
          13575          672705 
          13625          668873 
          13675          670256 
          13725          668661 
          13775          667231 
          13825          664700 
          13875          659526 
          13925          637060 
          13975          642907 
          14025          645130 
          14075          645746 
          14125          641277 
          14175          640980 
          14225          640559 
          14275          638649 
          14325          636898 
          14375          634425 
          14425          635466 
          14475          633224 
          14525          631032 
          14570          629305 
          14620          616125 
          14675          616414 
          14725          622121 
          14775          618418 
          14825          620064 
          14875          615630 
          14925          620138 
          14975          623698 
          15025          608506 
          15075          616031 
          15125          615950 
          15175          617721 
          15225          619879 
          15275          610532 
          15325          617141 
          15375          609851 
          15425          602088 
          15475          615241 
          15525          608174 
          15575          606139 
          15625          612388 
          15675          610987 
          15725          605371 
          15775          603750 
          15825          610411 
          15875          600682 
          15925          605532 
          15975          608242 
          16050          599749 
          16150          601242 
          16250          590612 
          16350          587088 
          16450          578412 
          16550          571402 
          16650          561243 
          16750          550010 
          16850          540449 
          16950          531167 
          17050          520794 
          17150          505581 
          17250          498495 
          17350          485356 
          17450          478164 
          17550          464621 
          17650          455308 
          17750          444811 
          17850          433279 
          17950          426711 
          18050          414711 
          18150          408130 
          18250          399699 
          18350          394762 
          18450          383976 
          18550          373245 
          18650          369687 
          18750          359860 
          18850          360304 
          18950          354423 
          19050          349767 
          19150          344552 
          19250          339406 
          19350          331782 
          19450          326168 
          19550          322061 
          19650          316626 
          19750          309554 
          19850          303938 
          19950          298211 
          20050          294559 
          20150          288859 
          20250          284084 
          20350          280271 
          20450          276041 
          20550          272318 
          20650          267107 
          20750          264469 
          20850          259650 
          20950          256894 
          21050          253311 
          21150          250113 
          21250          246538 
          21350          243407 
          21450          240357 
          21550          237174 
          21650          233944 
          21750          230842 
          21850          227873 
          21950          224989 
          22050          221783 
          22150          219262 
          22250          215782 
          22350          213063 
          22450          210250 
          22550          207219 
          22650          204093 
          22750          201255 
          22850          198393 
          22950          189644 
          23050          189335 
          23150          186958 
          23250          178628 
          23350          179063 
          23450          177670 
          23550          169643 
          23650          170549 
          23750          169409 
          23850          161607 
          23950          161718 
          24050          157953 
          24150          152766 
          24250          150887 
          24350          147509 
          24450          143034 
          24550          139984 
          24650          136941 
          24750          133702 
          24850          130072 
          24950          128445 
          25050          125986 
          25150          122258 
          25250          117912 
          25350          117845 
          25450          117491 
          25550          116752 
          25650          112282 
          25750          113582 
          25850          112733 
          25950          111530 
          26050          110637 
          26150          112079 
          26250          109712 
          26350          109190 
          26450          107461 
          26550          105627 
          26650          105266 
          26750          102248 
          26850          101383 
          26950         98069.6 
          27050         97721.7 
          27150         94938.4 
          27250         92614.4 
          27350           91883 
          27450         91939.7 
          27550         88429.4 
          27650         88061.9 
          27750         87668.1 
          27850         84902.5 
          27950         85549.9 
          28050         79990.1 
          28150         81395.8 
          28250         80239.9 
          28350         78826.4 
          28450         79944.2 
          28550         76538.1 
          28650         77643.2 
          28750         75868.9 
          28850         74447.7 
          28950         74806.3 
          29050         71189.6 
          29150         73996.1 
          29250         68237.9 
          29350           72112 
          29450         65928.5 
          29550         69430.7 
          29650         65492.1 
          29750         67712.9 
          29850         63970.5 
          29950         66710.7 
          30050         62145.6 
          30150         65538.5 
          30250         61396.5 
          30350         63307.5 
          30450         60133.5 
          30550         61601.3 
          30650         60770.9 
          30750           59440 
          30850         58948.4 
          30950         57486.6 
          31050         58863.6 
          31150         56812.9 
          31250         57684.3 
          31350         55273.8 
          31450         56008.4 
          31550         55180.8 
          31650         55592.4 
          31750         54065.5 
          31850         54094.2 
          31950         53257.9 
          32100         53324.4 
          32300         51777.8 
          32500         51502.7 
          32700           50473 
          32900           49266 
          33100         49085.1 
          33300         47831.4 
          33500         47161.3 
          33700           46696 
          33900         45235.3 
          34100         44936.3 
          34300         44541.9 
          34500         42779.9 
          34700         42779.4 
          34900         41947.1 
          35100           40865 
          35300         40128.2 
          35500         39799.8 
          35700         38595.5 
          35900         38014.6 
          36100         37681.3 
          36300         36615.4 
          36500         36079.5 
          36700         35446.8 
          36900         34847.8 
          37100         33999.6 
          37300         33459.9 
          37500           33112 
          37700         32096.3 
          37900         31897.5 
          38100         31075.6 
          38300         30523.3 
          38500         29975.7 
          38700         29618.9 
          38900         28842.1 
          39100         28335.8 
          39300         27811.6 
          39500         27465.5 
          39700         26857.2 
          39900         26084.6 
          40100         25874.2 
          40300         25300.2 
          40500         24805.2 
          40700         24125.4 
          40900         23878.8 
          41100           23357 
          41300         22996.6 
          41500         22569.9 
          41700         22035.4 
          41900         21810.5 
          42100         21282.8 
          42300         21049.4 
          42500         20545.2 
          42700         20193.9 
          42900         19614.8 
          43100         18857.9 
          43300         18786.1 
          43500         18067.7 
          43700         17591.8 
          43900         17362.1 
          44100         16742.2 
          44300           16451 
          44500         16164.6 
          44700         15699.6 
          44900         15502.5 
          45100         15137.8 
          45300         14816.8 
          45500         14630.6 
          45700         14452.7 
          45900         14054.2 
          46100         13888.3 
          46300         13619.9 
          46500         13596.8 
          46700         13334.2 
          46900         13119.4 
          47100         12974.9 
          47300         12842.7 
          47500           12572 
          47700         12338.6 
          47900         12219.8 
          48100         11885.4 
          48300         11906.4 
          48500         11635.4 
          48700           11374 
          48900         11214.1 
          49100         11205.1 
          49300         10848.5 
          49500         10764.4 
          49700         10562.5 
          49900         10451.9 
          50100         10221.3 
          50300         10070.7 
          50500         9898.15 
          50700         9784.74 
          50900         9619.74 
          51100         9533.04 
          51300         9334.74 
          51500         9254.57 
          51700         9051.04 
          51900         8934.28 
          52100         8847.64 
          52300         8695.67 
          52500         8538.52 
          52700         8504.35 
          52900         8281.18 
          53100         8281.44 
          53300         8075.93 
          53500         7995.52 
          53700         7852.73 
          53900         7842.15 
          54100         7672.29 
          54300         7434.57 
          54500         7488.42 
          54700         7384.78 
          54900         7307.95 
          55100         7191.96 
          55300          7108.5 
          55500         6941.41 
          55700         6897.24 
          55900         6863.04 
          56100         6729.68 
          56300         6634.65 
          56500         6582.81 
          56700         6475.75 
          56900          6354.9 
          57100         6350.33 
          57300         6172.97 
          57500         6254.99 
          57700         6100.92 
          57900         5995.81 
          58100          5997.9 
          58300         5849.42 
          58500         5812.35 
          58700         5748.76 
          58900         5695.01 
          59100         5604.87 
          59300         5569.91 
          59500         5502.63 
          59700         5405.15 
          59900         5382.66 
          60100         5358.89 
          60300         5213.06 
          60500         5136.04 
          60700         5151.12 
          60900         5098.04 
          61100         4976.32 
          61300         5016.99 
          61500         4893.77 
          61700         4853.49 
          61900         4803.49 
          62100         4744.57 
          62300          4715.8 
          62500         4624.43 
          62700         4565.94 
          62900         4536.19 
          63100         4459.79 
          63300         4423.85 
          63500         4323.15 
          63700         4311.74 
          63900         4236.63 
          64200         4128.85 
          64600         3928.29 
          65000         3800.82 
          65400         3690.79 
          65800          3517.8 
          66200         3419.71 
          66600         3367.97 
          67000          3267.2 
          67400          3225.8 
          67800         3099.83 
          68200         3026.32 
          68600          3018.1 
          69000         2930.91 
          69400         2853.18 
          69800         2846.09 
          70200         2742.81 
          70600         2694.28 
          71000         2634.12 
          71400         2591.38 
          71800         2559.81 
          72200         2466.49 
          72600         2428.02 
          73000         2400.56 
          73400         2333.21 
          73800          2304.6 
          74200         2236.58 
          74600         2217.05 
          75000         2165.01 
          75400         2124.87 
          75800         2062.04 
          76200         2016.38 
          76600         1982.54 
          77000         1960.02 
          77400          1890.7 
          77800         1875.29 
          78200         1829.85 
          78600         1794.69 
          79000         1738.11 
          79400         1733.19 
          79800          1671.9 
          80200         1663.88 
          80600         1618.76 
          81000          1578.4 
          81400         1560.71 
          81800         1537.66 
          82200         1493.63 
          82600         1487.26 
          83000         1449.28 
          83400         1413.15 
          83800         1378.18 
          84200         1385.15 
          84600         1349.13 
          85000         1314.67 
          85400         1305.89 
          85800         1279.83 
          86200         1263.52 
          86600         1240.92 
          87000         1229.43 
          87400          1189.7 
          87800         1177.66 
          88200         1158.73 
          88600         1139.65 
          89000         1126.48 
          89400         1108.31 
          89800         1085.57 
          90200         1076.38 
          90600         1057.81 
          91000         1039.52 
          91400         1022.37 
          91800         1006.77 
          92200         990.878 
          92600         969.243 
          93000         961.838 
          93400         943.469 
          93800         927.818 
          94200         910.827 
          94600         893.332 
          95000         882.862 
          95400         878.454 
          95800         852.005 
          96200         839.032 
          96600         824.104 
          97000         813.518 
          97400         804.507 
          97800         788.762 
          98200         777.935 
          98600         766.753 
          99000         737.507 
          99400          738.98 
          99800         725.882 
         100200         714.807 
         200000         48.4549 
         400000         3.11155 
         600000        0.616382 
         800000        0.194598 
         1.0e+6       0.0794108 
         1.2e+6        0.038136 
         1.4e+6       0.0204972 
         1.6e+6       0.0119654 
