# Kurucz ODFNEW /NOVER (2003)
# teff = 9250 K (value for the effective temperature for the model. Temperatures are given in K)
# logg = 2.5 log(cm/s2) (value for Log(G) for the model.)
# meta = 0  (value for the Metallicity for the model.)
# lh = 1.25  (l/Hp where l is the  mixing length of the convective element and Hp is the pressure scale height)
# vtur = 2 km/s (Microturbulence velocity)
# alpha = 0.4  (Alpha)
#
# column 1: WAVELENGTH (ANGSTROM), Wavelength in Angstrom
# column 2: FLUX (ERG/CM2/S/A), Flux in erg/cm2/s/A
            308     2.08396e-23 
            318     3.16061e-22 
            328      3.1283e-21 
            338     2.69419e-20 
            348     2.06314e-19 
            357     1.18009e-18 
            366     6.19417e-18 
            375     3.00499e-17 
            385     1.59956e-16 
            395     7.82627e-16 
            405     3.55358e-15 
            414     1.30441e-14 
            422     3.95591e-14 
            430     1.14956e-13 
            441     4.70793e-13 
            451     1.59489e-12 
            460     4.56847e-12 
            470      1.4012e-11 
            480     4.10805e-11 
            490     1.15289e-10 
            500     3.10109e-10 
            506     6.62568e-10 
            512      1.23496e-9 
            520      2.51464e-9 
            530      5.96021e-9 
            540      1.35628e-8 
            550      3.02342e-8 
            560      6.52321e-8 
            570      1.36975e-7 
            580      2.79042e-7 
            590      5.59023e-7 
            600      1.08854e-6 
            610      2.07631e-6 
            620      3.87706e-6 
            630      7.09417e-6 
            640      1.27192e-5 
            650      2.23951e-5 
            658      3.47647e-5 
            665      5.06281e-5 
            675      8.54788e-5 
            685     0.000142013 
            695     0.000232258 
            705     0.000373921 
            716     0.000622844 
            726     0.000976067 
            735      0.00144632 
            745      0.00221168 
            755      0.00334237 
            765      0.00499422 
            775      0.00738625 
            785       0.0108062 
            795       0.0156348 
            805       0.0224169 
            815       0.0318489 
            825       0.0448378 
            835       0.0625482 
            845       0.0865603 
            855        0.118771 
            865        0.161703 
            875        0.218448 
            885        0.293096 
            895        0.390357 
            905        0.516228 
            915         38.7905 
            925         248.231 
            935          349.76 
            945         493.447 
            955         730.265 
            965         940.463 
            975         910.372 
            985         1276.27 
            995         1399.31 
           1005         1792.11 
           1015          2102.2 
           1025         1948.58 
           1035         2807.33 
           1045          3478.8 
           1055         4088.08 
           1065         4493.95 
           1075         5421.64 
           1085         6257.57 
           1095         6698.67 
           1105         13526.2 
           1115         57862.8 
           1125           93737 
           1135          148194 
           1145          147419 
           1155          156755 
           1165          156449 
           1175          111142 
           1185          144164 
           1195         20808.9 
           1205         22843.9 
           1215         4022.68 
           1225         23605.8 
           1235         62923.1 
           1245          230246 
           1255      1.82002e+6 
           1265      1.31053e+6 
           1275      7.01073e+6 
           1285      1.36384e+7 
           1295      1.09877e+7 
           1305      2.18265e+6 
           1315      1.33217e+7 
           1325      1.99641e+7 
           1335       1.5805e+7 
           1345      2.49463e+7 
           1355      2.40747e+7 
           1365      1.95631e+7 
           1375      2.18391e+7 
           1385      2.20178e+7 
           1395      2.34785e+7 
           1405      2.46818e+7 
           1415      2.30923e+7 
           1425      2.81199e+7 
           1435      2.50162e+7 
           1442      2.87471e+7 
           1447      3.26169e+7 
           1455      3.35333e+7 
           1465       3.0488e+7 
           1475      2.84985e+7 
           1485      3.23698e+7 
           1495      3.57847e+7 
           1505      3.63453e+7 
           1512      3.12933e+7 
           1517       3.5175e+7 
           1525      3.18943e+7 
           1535      3.47514e+7 
           1545      5.82686e+7 
           1555      4.92999e+7 
           1565      4.41451e+7 
           1575      5.36188e+7 
           1585      6.16329e+7 
           1595      6.89894e+7 
           1605      6.24128e+7 
           1615       6.0816e+7 
           1625      5.36969e+7 
           1635      5.70994e+7 
           1645      6.16252e+7 
           1655       5.0541e+7 
           1665      6.02718e+7 
           1672      3.15834e+7 
           1677      5.89127e+7 
           1685       6.7855e+7 
           1695      6.30495e+7 
           1705      5.76688e+7 
           1715      5.79768e+7 
           1725      5.73838e+7 
           1735      6.36162e+7 
           1745      6.19378e+7 
           1755      7.17395e+7 
           1765      5.76977e+7 
           1775      6.67241e+7 
           1785      6.42499e+7 
           1795      7.62585e+7 
           1805      7.00506e+7 
           1815      7.06176e+7 
           1825       6.6034e+7 
           1835      6.26569e+7 
           1845      5.72793e+7 
           1855      6.16754e+7 
           1865      6.22744e+7 
           1875      6.55596e+7 
           1885      6.47143e+7 
           1895      6.48188e+7 
           1905      5.97375e+7 
           1915      6.42989e+7 
           1925      6.60645e+7 
           1935      6.37997e+7 
           1945      6.75191e+7 
           1955      6.68784e+7 
           1967      7.07892e+7 
           1976      7.02028e+7 
           1984      6.71034e+7 
           1995      6.48832e+7 
           2005      6.45731e+7 
           2015      5.97046e+7 
           2025      6.10971e+7 
           2035      6.26596e+7 
           2045       6.6075e+7 
           2055      5.98874e+7 
           2065      6.02373e+7 
           2074        6.611e+7 
           2078      6.79243e+7 
           2085      6.61197e+7 
           2095      6.35312e+7 
           2105      6.07754e+7 
           2115      6.05482e+7 
           2125      6.19628e+7 
           2135      4.97898e+7 
           2145      5.76251e+7 
           2155      5.95195e+7 
           2165      5.60871e+7 
           2175      5.53106e+7 
           2185      5.50793e+7 
           2195      5.91958e+7 
           2205      5.62279e+7 
           2215      5.01889e+7 
           2225      4.83964e+7 
           2235      5.55204e+7 
           2245      4.95232e+7 
           2255       4.7438e+7 
           2265      4.87509e+7 
           2275      5.24031e+7 
           2285      5.43568e+7 
           2295      5.07298e+7 
           2305      4.93001e+7 
           2315      4.67416e+7 
           2325       4.6148e+7 
           2335      4.11103e+7 
           2345      3.71179e+7 
           2355      4.56937e+7 
           2365      3.75232e+7 
           2375      4.19746e+7 
           2385      3.42494e+7 
           2395      3.97134e+7 
           2405       3.7125e+7 
           2415      3.95176e+7 
           2425      4.46691e+7 
           2435      4.25182e+7 
           2445      4.58413e+7 
           2455      4.39428e+7 
           2465      4.36286e+7 
           2475      4.15492e+7 
           2485      4.46489e+7 
           2495       4.2904e+7 
           2505      4.87147e+7 
           2513      4.18323e+7 
           2518      4.33425e+7 
           2525      3.92487e+7 
           2535      3.85516e+7 
           2545      3.88076e+7 
           2555      4.23069e+7 
           2565      4.12161e+7 
           2575      4.52152e+7 
           2585      4.46028e+7 
           2595      4.27878e+7 
           2605      4.03659e+7 
           2615      3.98649e+7 
           2625      4.40569e+7 
           2635       4.4523e+7 
           2645      5.18615e+7 
           2655      5.10237e+7 
           2665      4.51897e+7 
           2675      4.79997e+7 
           2685      4.68329e+7 
           2695      4.52629e+7 
           2705      4.67916e+7 
           2715      4.38508e+7 
           2725      4.45939e+7 
           2735      4.87442e+7 
           2745      3.87428e+7 
           2755      3.95699e+7 
           2765      4.10157e+7 
           2775      4.55321e+7 
           2785      4.25183e+7 
           2795      2.36217e+7 
           2805      2.90044e+7 
           2815      4.55785e+7 
           2825      4.79514e+7 
           2835      4.59089e+7 
           2845      4.41043e+7 
           2855      4.20691e+7 
           2865      4.60343e+7 
           2875      4.43158e+7 
           2885      4.53756e+7 
           2895      4.30534e+7 
           2910      4.88257e+7 
           2930      4.65245e+7 
           2950      4.66101e+7 
           2970      4.79491e+7 
           2990      4.83253e+7 
           3010      4.93901e+7 
           3030      4.85679e+7 
           3050      4.76738e+7 
           3070      4.69228e+7 
           3090      4.80968e+7 
           3110      4.64441e+7 
           3130      4.62678e+7 
           3150      4.71932e+7 
           3170      4.68733e+7 
           3190      4.47325e+7 
           3210      4.59646e+7 
           3230      4.47436e+7 
           3250      4.54001e+7 
           3270      4.53115e+7 
           3290      4.59004e+7 
           3310       4.6183e+7 
           3330      4.48995e+7 
           3350      4.41333e+7 
           3370      4.42015e+7 
           3390       4.4029e+7 
           3410      4.50011e+7 
           3430      4.50478e+7 
           3450      4.45903e+7 
           3470      4.38838e+7 
           3490      4.35617e+7 
           3510      4.41461e+7 
           3530      4.43517e+7 
           3550      4.44363e+7 
           3570      4.34402e+7 
           3590      4.32557e+7 
           3610      4.32143e+7 
           3630      4.29853e+7 
           3640      4.25987e+7 
           3650      4.37823e+7 
           3670      4.29932e+7 
           3690      4.24509e+7 
           3710      5.11745e+7 
           3730      6.26334e+7 
           3750      9.37048e+7 
           3770      9.63552e+7 
           3790      1.15095e+8 
           3810      1.27494e+8 
           3830       1.0138e+8 
           3850      1.32052e+8 
           3870      1.39406e+8 
           3890      9.42888e+7 
           3910      1.35046e+8 
           3930      1.27435e+8 
           3950      1.34536e+8 
           3970       8.7379e+7 
           3990      1.31088e+8 
           4010       1.3133e+8 
           4030      1.28902e+8 
           4050      1.28151e+8 
           4070      1.25082e+8 
           4090      1.14171e+8 
           4110      8.92887e+7 
           4130      1.19091e+8 
           4150      1.20838e+8 
           4170      1.17374e+8 
           4190      1.16655e+8 
           4210      1.15781e+8 
           4230      1.13592e+8 
           4250      1.11762e+8 
           4270      1.09902e+8 
           4290      1.08865e+8 
           4310      1.04586e+8 
           4330       9.1839e+7 
           4350      7.89415e+7 
           4370      1.03223e+8 
           4390      1.00486e+8 
           4410      9.97723e+7 
           4430      9.94436e+7 
           4450       9.8605e+7 
           4470      9.72702e+7 
           4490      9.50695e+7 
           4510      9.51858e+7 
           4530      9.32291e+7 
           4550      9.08008e+7 
           4570      9.18568e+7 
           4590      8.95077e+7 
           4610      9.07199e+7 
           4630      8.76427e+7 
           4650      8.83034e+7 
           4670      8.68853e+7 
           4690      8.56903e+7 
           4710       8.3035e+7 
           4730      8.39322e+7 
           4750      8.30516e+7 
           4770      8.21281e+7 
           4790      8.10661e+7 
           4810      7.95645e+7 
           4830      7.81803e+7 
           4850      6.84351e+7 
           4870      5.56765e+7 
           4890      7.51975e+7 
           4910      7.50752e+7 
           4930      7.36737e+7 
           4950      7.35624e+7 
           4970      7.30188e+7 
           4990      7.17326e+7 
           5010      6.95761e+7 
           5030      6.95287e+7 
           5050      6.82892e+7 
           5070      6.83612e+7 
           5090      6.76563e+7 
           5110       6.6731e+7 
           5130      6.59397e+7 
           5150      6.48618e+7 
           5170      6.34547e+7 
           5190      6.27638e+7 
           5210      6.26936e+7 
           5230      6.13529e+7 
           5250      6.15287e+7 
           5270      5.96519e+7 
           5290      6.02585e+7 
           5310       5.8826e+7 
           5330      5.81387e+7 
           5350      5.84696e+7 
           5370      5.76495e+7 
           5390      5.69631e+7 
           5410      5.60948e+7 
           5430      5.54855e+7 
           5450       5.5315e+7 
           5470       5.4604e+7 
           5490      5.40844e+7 
           5510      5.34393e+7 
           5530      5.27985e+7 
           5550      5.24639e+7 
           5570      5.18607e+7 
           5590      5.13685e+7 
           5610       5.0906e+7 
           5630      5.03643e+7 
           5650      4.96401e+7 
           5670      4.91605e+7 
           5690       4.8762e+7 
           5710      4.82696e+7 
           5730      4.78047e+7 
           5750      4.72414e+7 
           5770      4.67866e+7 
           5790      4.62325e+7 
           5810      4.57797e+7 
           5830      4.53054e+7 
           5850      4.48784e+7 
           5870      4.43227e+7 
           5890      4.36443e+7 
           5910      4.34702e+7 
           5930      4.30532e+7 
           5950      4.24152e+7 
           5970        4.214e+7 
           5990      4.15399e+7 
           6010      4.12774e+7 
           6030      4.09098e+7 
           6050      4.04226e+7 
           6070      4.00799e+7 
           6090      3.96709e+7 
           6110      3.92753e+7 
           6130      3.88621e+7 
           6150      3.78657e+7 
           6170      3.80768e+7 
           6190      3.77682e+7 
           6210      3.73925e+7 
           6230      3.69829e+7 
           6250      3.62702e+7 
           6270       3.6319e+7 
           6290      3.59646e+7 
           6310      3.55127e+7 
           6330      3.52501e+7 
           6350      3.44688e+7 
           6370       3.4274e+7 
           6390      3.42194e+7 
           6410      3.38274e+7 
           6430      3.35709e+7 
           6450      3.28985e+7 
           6470      3.29645e+7 
           6490      3.24763e+7 
           6510      3.21446e+7 
           6530      3.16759e+7 
           6550      2.90082e+7 
           6570      2.33099e+7 
           6590      3.04554e+7 
           6610      3.06706e+7 
           6630      3.04884e+7 
           6650      3.02755e+7 
           6670       2.9974e+7 
           6690       2.9705e+7 
           6710      2.94545e+7 
           6730      2.90917e+7 
           6750       2.8884e+7 
           6770       2.8661e+7 
           6790      2.83764e+7 
           6810      2.81344e+7 
           6830      2.78374e+7 
           6850      2.76117e+7 
           6870      2.73706e+7 
           6890      2.71301e+7 
           6910      2.68771e+7 
           6930       2.6621e+7 
           6950      2.64025e+7 
           6970      2.61604e+7 
           6990      2.59423e+7 
           7010      2.55714e+7 
           7030      2.54772e+7 
           7050       2.5229e+7 
           7070      2.50239e+7 
           7090      2.48215e+7 
           7110      2.44771e+7 
           7130       2.4354e+7 
           7150      2.41155e+7 
           7170      2.39387e+7 
           7190      2.37321e+7 
           7210      2.35303e+7 
           7230      2.33001e+7 
           7250      2.30721e+7 
           7270       2.2929e+7 
           7290      2.27076e+7 
           7310      2.24997e+7 
           7330      2.23343e+7 
           7350      2.21557e+7 
           7370      2.19808e+7 
           7390      2.17813e+7 
           7410       2.1574e+7 
           7430      2.13045e+7 
           7450      2.11753e+7 
           7470      2.09473e+7 
           7490      2.08322e+7 
           7510        2.066e+7 
           7530      2.05271e+7 
           7550      2.03689e+7 
           7570      2.01819e+7 
           7590      2.00221e+7 
           7610      1.98682e+7 
           7630      1.96975e+7 
           7650      1.95129e+7 
           7670      1.93594e+7 
           7690      1.91996e+7 
           7710      1.90259e+7 
           7730      1.88992e+7 
           7750      1.87447e+7 
           7770      1.81691e+7 
           7790      1.84453e+7 
           7810      1.82966e+7 
           7830      1.81381e+7 
           7850      1.79492e+7 
           7870      1.77541e+7 
           7890      1.75583e+7 
           7910      1.75443e+7 
           7930      1.74116e+7 
           7950      1.71465e+7 
           7970      1.71542e+7 
           7990      1.67398e+7 
           8010        1.688e+7 
           8030      1.67428e+7 
           8050      1.66121e+7 
           8070      1.64789e+7 
           8090      1.63527e+7 
           8110      1.62125e+7 
           8130      1.61015e+7 
           8150      1.59784e+7 
           8170      1.58545e+7 
           8190      1.56435e+7 
           8210      1.55579e+7 
           8230       1.5395e+7 
           8250      1.53742e+7 
           8270      1.53759e+7 
           8290      1.52371e+7 
           8310        1.513e+7 
           8330      1.49315e+7 
           8350      1.48449e+7 
           8370      1.46257e+7 
           8390      1.44779e+7 
           8410      1.42866e+7 
           8430      1.43721e+7 
           8450      1.41026e+7 
           8470      1.35871e+7 
           8490      1.47315e+7 
           8510      1.32115e+7 
           8530      1.49618e+7 
           8550       1.2596e+7 
           8570      1.52246e+7 
           8590      1.39474e+7 
           8610      1.34918e+7 
           8630      1.55084e+7 
           8650      1.50606e+7 
           8670       1.1939e+7 
           8690       1.5273e+7 
           8710      1.56836e+7 
           8730      1.52223e+7 
           8750      1.17301e+7 
           8770      1.45861e+7 
           8790      1.52912e+7 
           8810      1.51719e+7 
           8830      1.48969e+7 
           8850      1.38272e+7 
           8870      1.14091e+7 
           8890       1.4462e+7 
           8910      1.45561e+7 
           8930      1.44602e+7 
           8950       1.4478e+7 
           8970      1.43278e+7 
           8990      1.39919e+7 
           9010      1.12596e+7 
           9030      1.24919e+7 
           9050      1.37808e+7 
           9070      1.35951e+7 
           9090      1.34678e+7 
           9110      1.35445e+7 
           9130      1.35065e+7 
           9150      1.34506e+7 
           9170      1.32926e+7 
           9190      1.30822e+7 
           9210      1.25582e+7 
           9230      9.71442e+6 
           9250      1.21029e+7 
           9270      1.23458e+7 
           9290      1.27104e+7 
           9310       1.2668e+7 
           9330      1.25463e+7 
           9350      1.24819e+7 
           9370      1.24038e+7 
           9390      1.22416e+7 
           9410      1.19858e+7 
           9430      1.20808e+7 
           9450      1.20284e+7 
           9470      1.19365e+7 
           9490      1.18181e+7 
           9510      1.16714e+7 
           9530      1.10769e+7 
           9550      8.80168e+6 
           9570      1.10849e+7 
           9590      1.13648e+7 
           9610      1.12902e+7 
           9630      1.10886e+7 
           9650      1.11867e+7 
           9670      1.10365e+7 
           9690      1.10075e+7 
           9710      1.09693e+7 
           9730      1.08877e+7 
           9750      1.07919e+7 
           9770      1.07375e+7 
           9790      1.06583e+7 
           9810       1.0577e+7 
           9830      1.04677e+7 
           9850      1.03965e+7 
           9870      1.03412e+7 
           9890      1.02047e+7 
           9910      1.02004e+7 
           9930      1.01066e+7 
           9950      1.00599e+7 
           9970      9.99688e+6 
           9990      9.90367e+6 
          10025      9.28323e+6 
          10075      8.78974e+6 
          10125      9.39659e+6 
          10175      9.30265e+6 
          10225      9.16324e+6 
          10275      9.00755e+6 
          10325      8.84914e+6 
          10375      8.69931e+6 
          10425      8.56198e+6 
          10475      8.37778e+6 
          10525      8.25518e+6 
          10575      8.13216e+6 
          10625      8.00141e+6 
          10675      7.77919e+6 
          10725      7.71304e+6 
          10775      7.60269e+6 
          10825      7.48054e+6 
          10875      7.34024e+6 
          10925      6.42351e+6 
          10975      6.92465e+6 
          11025       7.0278e+6 
          11075      6.92948e+6 
          11125      6.81619e+6 
          11175       6.7128e+6 
          11225      6.60948e+6 
          11275      6.42089e+6 
          11325      6.34288e+6 
          11375      6.29976e+6 
          11425      6.19596e+6 
          11475      6.11662e+6 
          11525      6.02424e+6 
          11575      5.93182e+6 
          11625      5.81511e+6 
          11675      5.71676e+6 
          11725      5.66784e+6 
          11775       5.5334e+6 
          11825       5.4735e+6 
          11875      5.39358e+6 
          11925      5.34076e+6 
          11975      5.23662e+6 
          12025      5.17753e+6 
          12075       5.0965e+6 
          12125      5.02663e+6 
          12175      4.95975e+6 
          12225      4.88675e+6 
          12275      4.81027e+6 
          12325      4.74577e+6 
          12375      4.67946e+6 
          12425        4.616e+6 
          12475      4.53308e+6 
          12525      4.48327e+6 
          12575      4.40552e+6 
          12625      4.35368e+6 
          12675       4.2997e+6 
          12725      4.23759e+6 
          12775      4.13362e+6 
          12825      3.65093e+6 
          12875      4.03648e+6 
          12925      4.00937e+6 
          12975      3.95637e+6 
          13025      3.90318e+6 
          13075      3.85003e+6 
          13125      3.79801e+6 
          13175       3.7319e+6 
          13225      3.69663e+6 
          13275      3.64682e+6 
          13325      3.59828e+6 
          13375      3.55058e+6 
          13425      3.50161e+6 
          13475      3.45555e+6 
          13525      3.40615e+6 
          13575      3.36373e+6 
          13625      3.32042e+6 
          13675      3.27443e+6 
          13725      3.22761e+6 
          13775      3.19291e+6 
          13825      3.15133e+6 
          13875      3.11339e+6 
          13925      3.07126e+6 
          13975      3.03312e+6 
          14025      2.99486e+6 
          14075      2.95727e+6 
          14125        2.919e+6 
          14175      2.88269e+6 
          14225      2.84627e+6 
          14275      2.81065e+6 
          14325      2.77564e+6 
          14375      2.74087e+6 
          14425      2.69058e+6 
          14475       2.6731e+6 
          14525      2.63259e+6 
          14570      2.61085e+6 
          14620      2.58192e+6 
          14675      2.55158e+6 
          14725      2.51969e+6 
          14775      2.48541e+6 
          14825      2.46044e+6 
          14875      2.42401e+6 
          14925       2.4034e+6 
          14975      2.37158e+6 
          15025      2.33647e+6 
          15075      2.30856e+6 
          15125      2.28081e+6 
          15175      2.25271e+6 
          15225       2.2394e+6 
          15275       2.1865e+6 
          15325      2.16167e+6 
          15375      2.16548e+6 
          15425      2.08655e+6 
          15475      2.12264e+6 
          15525       2.1079e+6 
          15575      1.98971e+6 
          15625      2.09227e+6 
          15675      2.01623e+6 
          15725      1.92573e+6 
          15775      2.03147e+6 
          15825      2.01204e+6 
          15875      1.80909e+6 
          15925      1.94867e+6 
          15975      1.96277e+6 
          16050      1.91185e+6 
          16150      1.79119e+6 
          16250      1.85952e+6 
          16350      1.78724e+6 
          16450      1.67619e+6 
          16550      1.73811e+6 
          16650      1.70044e+6 
          16750       1.6332e+6 
          16850      1.53307e+6 
          16950      1.59069e+6 
          17050      1.55693e+6 
          17150      1.52409e+6 
          17250      1.48786e+6 
          17350      1.35888e+6 
          17450      1.41783e+6 
          17550      1.39719e+6 
          17650      1.36798e+6 
          17750      1.34029e+6 
          17850      1.31302e+6 
          17950      1.28732e+6 
          18050      1.25552e+6 
          18150      1.15824e+6 
          18250      1.19434e+6 
          18350      1.18549e+6 
          18450      1.16205e+6 
          18550      1.13686e+6 
          18650      1.11311e+6 
          18750       1.0223e+6 
          18850      1.06767e+6 
          18950      1.05003e+6 
          19050      1.03177e+6 
          19150      1.01173e+6 
          19250          992171 
          19350          970412 
          19450          892404 
          19550          933784 
          19650          919006 
          19750          901359 
          19850          884900 
          19950          868375 
          20050          852359 
          20150          836646 
          20250          821191 
          20350          806090 
          20450          791668 
          20550          777327 
          20650          763022 
          20750          749552 
          20850          736227 
          20950          723095 
          21050          710273 
          21150          697087 
          21250          684977 
          21350          672583 
          21450          661602 
          21550          648987 
          21650          599322 
          21750          624810 
          21850          617368 
          21950          607088 
          22050          596650 
          22150          586384 
          22250          576917 
          22350          567233 
          22450          557826 
          22550          548215 
          22650          539478 
          22750          530597 
          22850          522405 
          22950          513893 
          23050          505778 
          23150          497657 
          23250          489747 
          23350          481941 
          23450          474297 
          23550          466746 
          23650          459311 
          23750          452025 
          23850          444819 
          23950          437762 
          24050          430384 
          24150          423223 
          24250          418208 
          24350          410276 
          24450          403246 
          24550          399299 
          24650          391335 
          24750          385529 
          24850          383292 
          24950          368255 
          25050          372369 
          25150          367163 
          25250          349482 
          25350          355958 
          25450          352043 
          25550          345576 
          25650          326413 
          25750          336331 
          25850          332376 
          25950          327760 
          26050          320097 
          26150          301412 
          26250          293297 
          26350          307673 
          26450          305491 
          26550          301602 
          26650          295544 
          26750          274775 
          26850          287448 
          26950          285070 
          27050          281030 
          27150          277200 
          27250          273318 
          27350          269530 
          27450          265270 
          27550          247683 
          27650          253478 
          27750          254859 
          27850          251541 
          27950          248128 
          28050          244763 
          28150          241444 
          28250          238175 
          28350          235017 
          28450          231832 
          28550          228699 
          28650          223232 
          28750          209207 
          28850          219111 
          28950          216633 
          29050          214086 
          29150          211170 
          29250          208518 
          29350          205823 
          29450          203163 
          29550          200565 
          29650          197985 
          29750          195451 
          29850          192960 
          29950          190494 
          30050          188051 
          30150          185687 
          30250          183029 
          30350          172606 
          30450          174343 
          30550          176303 
          30650          174352 
          30750          172172 
          30850          169879 
          30950          167949 
          31050          165876 
          31150          163784 
          31250          161839 
          31350          159865 
          31450          157917 
          31550          156043 
          31650          154160 
          31750          152282 
          31850          150488 
          31950          148680 
          32100          146029 
          32300          142601 
          32500          139261 
          32700          136005 
          32900          128026 
          33100          128629 
          33300          126484 
          33500          123672 
          33700          120838 
          33900          118165 
          34100          115525 
          34300          112997 
          34500          110533 
          34700          108105 
          34900          105740 
          35100          103450 
          35300          101223 
          35500         98997.4 
          35700         96815.3 
          35900         95005.9 
          36100           92664 
          36300         91093.9 
          36500         88690.1 
          36700         87398.9 
          36900         84796.7 
          37100           83811 
          37300         80946.1 
          37500         77810.5 
          37700         78863.8 
          37900           77357 
          38100         74935.3 
          38300           73695 
          38500         72870.4 
          38700         71424.9 
          38900         69875.7 
          39100         66989.3 
          39300         67321.5 
          39500         66115.1 
          39700         64917.6 
          39900         63610.6 
          40100         61576.6 
          40300           59886 
          40500         58154.5 
          40700         58853.4 
          40900         57828.8 
          41100         56758.9 
          41300         55700.3 
          41500         54587.2 
          41700         51792.2 
          41900         52571.4 
          42100         51692.7 
          42300         50767.1 
          42500         49846.1 
          42700         48946.4 
          42900         48065.3 
          43100         47204.5 
          43300         46363.5 
          43500           45532 
          43700         43332.9 
          43900         43634.9 
          44100         43174.1 
          44300         42426.2 
          44500         41689.9 
          44700         41046.2 
          44900         40262.8 
          45100         39578.6 
          45300         38895.8 
          45500         38243.4 
          45700         37591.9 
          45900         36959.3 
          46100         36334.4 
          46300           35682 
          46500           33907 
          46700         33268.2 
          46900         33867.1 
          47100         33423.9 
          47300         32889.3 
          47500         32347.4 
          47700         31826.7 
          47900         31318.5 
          48100         30814.3 
          48300         30323.9 
          48500         29832.5 
          48700         29365.5 
          48900         28891.1 
          49100         28443.7 
          49300         27980.9 
          49500         27570.7 
          49700         27094.6 
          49900         26720.4 
          50100         26300.4 
          50300         25837.1 
          50500         25510.2 
          50700         25115.9 
          50900         24629.5 
          51100         24282.7 
          51300         23133.2 
          51500         23580.3 
          51700         23134.6 
          51900         22928.7 
          52100         22603.1 
          52300         22266.7 
          52500         21884.1 
          52700         21441.6 
          52900         21308.1 
          53100         21027.6 
          53300         20721.6 
          53500         20403.7 
          53700         19933.3 
          53900         19658.5 
          54100         19537.9 
          54300         19267.8 
          54500         18993.4 
          54700         18722.6 
          54900         18457.7 
          55100         18111.7 
          55300         17610.2 
          55500         17669.4 
          55700         17440.7 
          55900         17195.6 
          56100         16959.5 
          56300         16726.3 
          56500           16496 
          56700         16268.5 
          56900           16017 
          57100         15426.6 
          57300           15567 
          57500         15400.8 
          57700         15193.5 
          57900         14987.5 
          58100         14787.4 
          58300         14580.9 
          58500         14386.7 
          58700         14191.5 
          58900         13956.3 
          59100         13317.3 
          59300         13599.4 
          59500           13109 
          59700         13172.5 
          59900         13109.9 
          60100         12947.7 
          60300         12782.2 
          60500         12618.5 
          60700         12456.8 
          60900         12297.9 
          61100         12139.8 
          61300         11986.6 
          61500           11835 
          61700         11685.2 
          61900           11538 
          62100         11392.5 
          62300         11248.6 
          62500         11104.4 
          62700         10941.7 
          62900         10463.7 
          63100           10652 
          63300         10563.2 
          63500           10437 
          63700         10311.2 
          63900           10184 
          64200         10007.7 
          64600         9765.88 
          65000         9529.25 
          65400         9310.87 
          65800         9085.76 
          66200          8869.7 
          66600         8665.81 
          67000         8462.77 
          67400         8243.21 
          67800          7910.2 
          68200          7874.3 
          68600         7717.58 
          69000         7545.35 
          69400         7351.07 
          69800         7209.07 
          70200         7051.16 
          70600         6891.37 
          71000         6714.84 
          71400         6595.33 
          71800         6452.33 
          72200         6312.16 
          72600         6143.88 
          73000         6038.63 
          73400         5916.42 
          73800         5786.33 
          74200         5652.47 
          74600         5418.45 
          75000         5226.46 
          75400         5297.72 
          75800          5201.5 
          76200         5104.28 
          76600         5001.16 
          77000         4900.21 
          77400          4793.6 
          77800         4647.22 
          78200         4604.48 
          78600         4519.38 
          79000         4429.97 
          79400         4342.72 
          79800         4257.35 
          80200         4174.51 
          80600         4093.23 
          81000         4013.74 
          81400         3883.59 
          81800         3843.84 
          82200         3788.35 
          82600         3716.57 
          83000         3646.44 
          83400         3577.69 
          83800         3510.74 
          84200         3445.52 
          84600         3381.96 
          85000         3319.65 
          85400         3258.72 
          85800         3198.62 
          86200         3138.18 
          86600          3022.8 
          87000         3019.46 
          87400         2934.28 
          87800         2883.32 
          88200         2869.19 
          88600         2815.17 
          89000         2768.52 
          89400         2720.14 
          89800          2672.6 
          90200          2625.1 
          90600            2577 
          91000         2536.07 
          91400         2492.36 
          91800          2449.9 
          92200         2407.24 
          92600         2358.46 
          93000         2325.97 
          93400         2285.71 
          93800         2202.63 
          94200         2201.16 
          94600         2175.43 
          95000         2134.27 
          95400         2097.45 
          95800         2069.84 
          96200         2036.01 
          96600         2002.87 
          97000         1970.41 
          97400         1938.58 
          97800         1907.43 
          98200         1873.21 
          98600         1836.96 
          99000         1817.57 
          99400         1788.83 
          99800         1760.64 
         100200         1732.99 
         200000         110.834 
         400000         6.87931 
         600000         1.34513 
         800000         0.42176 
         1.0e+6        0.171397 
         1.2e+6       0.0820982 
         1.4e+6       0.0440524 
         1.6e+6       0.0256868 
