# Kurucz ODFNEW /NOVER (2003)
# teff = 13000 K (value for the effective temperature for the model. Temperatures are given in K)
# logg = 4 log(cm/s2) (value for Log(G) for the model.)
# meta = -4  (value for the Metallicity for the model.)
# lh = 1.25  (l/Hp where l is the  mixing length of the convective element and Hp is the pressure scale height)
# vtur = 2 km/s (Microturbulence velocity)
# alpha = 0.4  (Alpha)
#
# column 1: WAVELENGTH (ANGSTROM), Wavelength in Angstrom
# column 2: FLUX (ERG/CM2/S/A), Flux in erg/cm2/s/A
          147.2     1.73866e-35 
            151     1.65225e-35 
          155.2     1.56403e-35 
          158.8     1.49392e-35 
            162     1.43549e-35 
            166     1.36714e-35 
          170.3     1.29897e-35 
          173.4     1.25294e-35 
          176.8     1.20522e-35 
          180.2     1.16017e-35 
          181.7     1.14109e-35 
          186.1     1.08777e-35 
            191     1.03267e-35 
          193.9     4.16477e-23 
          198.4     2.92731e-22 
          201.8     1.06331e-21 
            205     3.42288e-21 
          210.5     2.29743e-20 
          216.2      1.4966e-19 
          219.8     4.66007e-19 
            223     1.23256e-18 
          226.8     3.79782e-18 
            230     9.57277e-18 
            234     2.91732e-17 
            240     1.44995e-16 
          246.5     7.58081e-16 
          252.4     3.17276e-15 
          256.8     8.85807e-15 
            260     1.83121e-14 
            264     4.43285e-14 
          268.5     1.15774e-13 
          273.5     3.24416e-13 
          278.5     8.81276e-13 
            284     2.53822e-12 
            290     7.69406e-12 
            296     2.22462e-11 
            301     5.24463e-11 
            308     1.66181e-10 
            318      7.9195e-10 
            328      3.44163e-9 
            338       1.3711e-8 
            348      5.06033e-8 
            357      1.53794e-7 
            366      4.43815e-7 
            375      1.21566e-6 
            385      3.52597e-6 
            395      9.68015e-6 
            405      2.52853e-5 
            414      5.76625e-5 
            422     0.000116376 
            430     0.000228747 
            441       0.0005562 
            451      0.00119958 
            460      0.00232661 
            470      0.00471057 
            480      0.00924769 
            490       0.0176534 
            500       0.0327815 
            506        0.435061 
            512        0.918169 
            520         1.36195 
            530         2.27151 
            540         3.46834 
            550         5.55766 
            560         8.47125 
            570         12.7072 
            580         17.8443 
            590         27.2011 
            600         39.2657 
            610         55.6792 
            620         77.9822 
            630          107.95 
            640         147.813 
            650         200.277 
            658         253.491 
            665         309.937 
            675         409.782 
            685         536.931 
            695         697.545 
            705         898.724 
            716         1177.02 
            726         1492.33 
            735         1836.56 
            745         2298.08 
            755         2856.48 
            765         3528.05 
            775         4331.27 
            785         5286.22 
            795         6415.47 
            805         7744.17 
            815         9299.34 
            825         11111.6 
            835         13212.6 
            845         15642.7 
            855         18433.9 
            865         21629.7 
            875         25273.9 
            885         29416.4 
            895         34105.4 
            905         39391.2 
            915          100749 
            925          290882 
            935          454329 
            945      1.34754e+6 
            955      2.10752e+7 
            965      4.04443e+7 
            975      4.12822e+6 
            985       3.3221e+8 
            995      7.52869e+8 
           1005      6.65303e+8 
           1015      1.67732e+8 
           1025      1.73515e+6 
           1035      1.11806e+8 
           1045      6.59641e+8 
           1055      9.72468e+8 
           1065      1.07911e+9 
           1075      1.12778e+9 
           1085      1.11544e+9 
           1095       1.1383e+9 
           1105      1.11298e+9 
           1115      1.10717e+9 
           1125       1.0845e+9 
           1135      1.07952e+9 
           1145      1.05451e+9 
           1155      1.02494e+9 
           1165      9.82387e+8 
           1175      8.95282e+8 
           1185      7.46041e+8 
           1195      3.64667e+8 
           1205      5.26556e+7 
           1215      3.99155e+6 
           1225      3.23877e+7 
           1235      2.89384e+8 
           1245      6.47843e+8 
           1255      7.88201e+8 
           1265      8.39988e+8 
           1275      8.80768e+8 
           1285      8.90954e+8 
           1295      8.80842e+8 
           1305       8.6589e+8 
           1315      8.83641e+8 
           1325      8.76383e+8 
           1335       8.5525e+8 
           1345      8.63425e+8 
           1355      8.54052e+8 
           1365      8.44738e+8 
           1375      8.33771e+8 
           1385      8.22109e+8 
           1395      8.10965e+8 
           1405      8.08527e+8 
           1415      8.03988e+8 
           1425       7.9714e+8 
           1435      7.88594e+8 
           1442      7.82768e+8 
           1447      7.78375e+8 
           1455      7.71423e+8 
           1465      7.62788e+8 
           1475      7.54281e+8 
           1485      7.45626e+8 
           1495      7.37067e+8 
           1505      7.28868e+8 
           1512      7.23107e+8 
           1517      7.19216e+8 
           1525      7.11592e+8 
           1535       7.0315e+8 
           1545      6.97218e+8 
           1555      6.89059e+8 
           1565      6.80004e+8 
           1575      6.73553e+8 
           1585      6.66325e+8 
           1595      6.59596e+8 
           1605      6.51826e+8 
           1615        6.444e+8 
           1625      6.36536e+8 
           1635      6.29704e+8 
           1645      6.23449e+8 
           1655      6.15677e+8 
           1665      6.10981e+8 
           1672      5.96442e+8 
           1677      6.02777e+8 
           1685      5.98075e+8 
           1695      5.91682e+8 
           1705      5.84671e+8 
           1715      5.78948e+8 
           1725      5.72407e+8 
           1735      5.67355e+8 
           1745      5.61007e+8 
           1755        5.555e+8 
           1765       5.4903e+8 
           1775        5.442e+8 
           1785      5.38132e+8 
           1795      5.33252e+8 
           1805      5.27579e+8 
           1815      5.22147e+8 
           1825      5.17233e+8 
           1835      5.12047e+8 
           1845      5.06976e+8 
           1855       5.0124e+8 
           1865      4.96302e+8 
           1875      4.92276e+8 
           1885      4.87523e+8 
           1895      4.82716e+8 
           1905      4.78295e+8 
           1915      4.73487e+8 
           1925      4.69007e+8 
           1935      4.64454e+8 
           1945      4.60238e+8 
           1955      4.55897e+8 
           1967      4.50867e+8 
           1976      4.47098e+8 
           1984      4.43825e+8 
           1995      4.39351e+8 
           2005      4.35345e+8 
           2015      4.31266e+8 
           2025      4.27348e+8 
           2035      4.23468e+8 
           2045      4.19607e+8 
           2055      4.14962e+8 
           2065      4.11942e+8 
           2074      4.08708e+8 
           2078      4.07223e+8 
           2085      4.04805e+8 
           2095      4.01242e+8 
           2105      3.97753e+8 
           2115      3.94304e+8 
           2125      3.90927e+8 
           2135      3.87538e+8 
           2145      3.84236e+8 
           2155      3.80905e+8 
           2165      3.77427e+8 
           2175      3.74283e+8 
           2185       3.7118e+8 
           2195      3.68111e+8 
           2205      3.64927e+8 
           2215      3.61739e+8 
           2225      3.58715e+8 
           2235      3.55965e+8 
           2245      3.53003e+8 
           2255      3.50005e+8 
           2265      3.47163e+8 
           2275      3.44373e+8 
           2285      3.41647e+8 
           2295      3.38762e+8 
           2305      3.36119e+8 
           2315      3.33412e+8 
           2325      3.30815e+8 
           2335       3.2749e+8 
           2345      3.23723e+8 
           2355        3.228e+8 
           2365      3.19315e+8 
           2375      3.17553e+8 
           2385      3.13558e+8 
           2395      3.11845e+8 
           2405        3.097e+8 
           2415      3.07373e+8 
           2425      3.05951e+8 
           2435      3.03526e+8 
           2445      3.01206e+8 
           2455      2.99088e+8 
           2465      2.96679e+8 
           2475      2.94545e+8 
           2485       2.9235e+8 
           2495      2.89896e+8 
           2505      2.88108e+8 
           2513      2.86325e+8 
           2518      2.85385e+8 
           2525      2.83734e+8 
           2535      2.81429e+8 
           2545      2.79681e+8 
           2555      2.77843e+8 
           2565      2.75566e+8 
           2575      2.73822e+8 
           2585      2.71741e+8 
           2595      2.69696e+8 
           2605      2.67157e+8 
           2615       2.6552e+8 
           2625      2.64026e+8 
           2635      2.62145e+8 
           2645      2.60845e+8 
           2655      2.59033e+8 
           2665      2.57188e+8 
           2675      2.55469e+8 
           2685      2.53768e+8 
           2695      2.51982e+8 
           2705      2.50323e+8 
           2715      2.48569e+8 
           2725      2.46784e+8 
           2735      2.45214e+8 
           2745      2.42756e+8 
           2755      2.41295e+8 
           2765      2.40193e+8 
           2775      2.38754e+8 
           2785      2.37149e+8 
           2795      2.32812e+8 
           2805      2.32261e+8 
           2815      2.32525e+8 
           2825       2.3092e+8 
           2835      2.29462e+8 
           2845      2.27987e+8 
           2855      2.26513e+8 
           2865      2.25058e+8 
           2875      2.23596e+8 
           2885      2.22162e+8 
           2895      2.20746e+8 
           2910      2.18632e+8 
           2930      2.15811e+8 
           2950      2.13077e+8 
           2970       2.1046e+8 
           2990      2.07823e+8 
           3010      2.05253e+8 
           3030      2.02725e+8 
           3050      2.00241e+8 
           3070      1.97792e+8 
           3090      1.95386e+8 
           3110      1.93025e+8 
           3130      1.90697e+8 
           3150      1.88405e+8 
           3170      1.86162e+8 
           3190      1.83913e+8 
           3210      1.81786e+8 
           3230       1.7965e+8 
           3250      1.77549e+8 
           3270      1.75486e+8 
           3290      1.73449e+8 
           3310      1.71445e+8 
           3330      1.69477e+8 
           3350      1.67533e+8 
           3370      1.65624e+8 
           3390      1.63744e+8 
           3410      1.61887e+8 
           3430      1.60063e+8 
           3450       1.5826e+8 
           3470      1.56487e+8 
           3490      1.54736e+8 
           3510      1.53015e+8 
           3530      1.51319e+8 
           3550      1.49646e+8 
           3570         1.48e+8 
           3590      1.46373e+8 
           3610      1.44776e+8 
           3630      1.43191e+8 
           3640      1.42417e+8 
           3650      1.43399e+8 
           3670      1.42123e+8 
           3690      1.37435e+8 
           3710      1.37952e+8 
           3730      1.39263e+8 
           3750      1.70655e+8 
           3770      1.79805e+8 
           3790      2.08118e+8 
           3810      2.32849e+8 
           3830      1.91735e+8 
           3850      2.48978e+8 
           3870      2.67765e+8 
           3890       1.7006e+8 
           3910       2.6261e+8 
           3930      2.69725e+8 
           3950      2.56545e+8 
           3970      1.61435e+8 
           3990      2.44825e+8 
           4010      2.55392e+8 
           4030      2.49291e+8 
           4050      2.49637e+8 
           4070      2.43119e+8 
           4090      2.04344e+8 
           4110      1.63414e+8 
           4130      2.29591e+8 
           4150       2.3108e+8 
           4170       2.2902e+8 
           4190      2.26388e+8 
           4210      2.23095e+8 
           4230      2.19874e+8 
           4250      2.16683e+8 
           4270      2.13005e+8 
           4290      2.09263e+8 
           4310      2.03229e+8 
           4330      1.65604e+8 
           4350      1.44311e+8 
           4370      1.93477e+8 
           4390      1.93452e+8 
           4410      1.92713e+8 
           4430      1.90351e+8 
           4450      1.87894e+8 
           4470      1.82915e+8 
           4490      1.82705e+8 
           4510       1.8022e+8 
           4530      1.77747e+8 
           4550      1.75313e+8 
           4570      1.72919e+8 
           4590      1.70568e+8 
           4610      1.68256e+8 
           4630      1.65985e+8 
           4650      1.63754e+8 
           4670      1.61558e+8 
           4690      1.59402e+8 
           4710      1.56876e+8 
           4730      1.55197e+8 
           4750      1.53148e+8 
           4770      1.51078e+8 
           4790      1.48721e+8 
           4810       1.4623e+8 
           4830      1.42092e+8 
           4850      1.19761e+8 
           4870      1.00567e+8 
           4890      1.35059e+8 
           4910      1.36746e+8 
           4930      1.35033e+8 
           4950      1.34311e+8 
           4970      1.32709e+8 
           4990      1.31029e+8 
           5010      1.29042e+8 
           5030      1.27745e+8 
           5050      1.26053e+8 
           5070      1.24568e+8 
           5090      1.23015e+8 
           5110      1.21487e+8 
           5130      1.19984e+8 
           5150      1.18502e+8 
           5170      1.17045e+8 
           5190       1.1561e+8 
           5210      1.14197e+8 
           5230      1.12804e+8 
           5250      1.11434e+8 
           5270      1.10085e+8 
           5290      1.08756e+8 
           5310      1.07447e+8 
           5330      1.06158e+8 
           5350      1.04889e+8 
           5370      1.03639e+8 
           5390      1.02409e+8 
           5410      1.01196e+8 
           5430      1.00002e+8 
           5450      9.88254e+7 
           5470      9.76672e+7 
           5490      9.65257e+7 
           5510      9.54018e+7 
           5530      9.42942e+7 
           5550      9.31999e+7 
           5570      9.21226e+7 
           5590      9.10607e+7 
           5610      9.00128e+7 
           5630      8.89822e+7 
           5650      8.79651e+7 
           5670      8.69648e+7 
           5690      8.59775e+7 
           5710      8.50054e+7 
           5730       8.4047e+7 
           5750      8.31021e+7 
           5770      8.21706e+7 
           5790      8.12532e+7 
           5810      8.03488e+7 
           5830      7.94571e+7 
           5850      7.85779e+7 
           5870      7.71807e+7 
           5890      7.68562e+7 
           5910      7.60133e+7 
           5930      7.51811e+7 
           5950      7.43605e+7 
           5970      7.35513e+7 
           5990      7.27523e+7 
           6010      7.19653e+7 
           6030      7.11883e+7 
           6050       7.0422e+7 
           6070      6.96662e+7 
           6090      6.89209e+7 
           6110      6.81859e+7 
           6130       6.7461e+7 
           6150       6.6746e+7 
           6170      6.60399e+7 
           6190      6.53434e+7 
           6210      6.46565e+7 
           6230       6.3979e+7 
           6250      6.33098e+7 
           6270      6.26498e+7 
           6290      6.19978e+7 
           6310      6.13546e+7 
           6330      6.07203e+7 
           6350      6.00917e+7 
           6370      5.94745e+7 
           6390      5.88648e+7 
           6410      5.82624e+7 
           6430      5.76681e+7 
           6450       5.7081e+7 
           6470      5.65019e+7 
           6490      5.57866e+7 
           6510      5.50648e+7 
           6530      5.39258e+7 
           6550      4.89553e+7 
           6570      4.11632e+7 
           6590      5.14597e+7 
           6610      5.22153e+7 
           6630      5.19496e+7 
           6650      5.15686e+7 
           6670      5.10329e+7 
           6690      5.05346e+7 
           6710      5.01008e+7 
           6730      4.96088e+7 
           6750      4.91243e+7 
           6770      4.86446e+7 
           6790      4.81713e+7 
           6810      4.77036e+7 
           6830      4.72413e+7 
           6850      4.67852e+7 
           6870      4.63344e+7 
           6890      4.58888e+7 
           6910      4.54492e+7 
           6930      4.50154e+7 
           6950      4.45859e+7 
           6970      4.41621e+7 
           6990      4.37432e+7 
           7010      4.33299e+7 
           7030      4.29206e+7 
           7050      4.25167e+7 
           7070      4.20534e+7 
           7090      4.17221e+7 
           7110      4.13327e+7 
           7130       4.0947e+7 
           7150      4.05657e+7 
           7170      4.01895e+7 
           7190      3.98175e+7 
           7210      3.94498e+7 
           7230      3.90863e+7 
           7250      3.87276e+7 
           7270      3.83723e+7 
           7290      3.80075e+7 
           7310       3.7675e+7 
           7330      3.73322e+7 
           7350      3.69934e+7 
           7370      3.66583e+7 
           7390       3.6327e+7 
           7410      3.59995e+7 
           7430      3.56756e+7 
           7450      3.53553e+7 
           7470      3.50393e+7 
           7490      3.47262e+7 
           7510      3.44166e+7 
           7530      3.41111e+7 
           7550      3.38083e+7 
           7570      3.35096e+7 
           7590      3.32136e+7 
           7610      3.29215e+7 
           7630       3.2632e+7 
           7650      3.23464e+7 
           7670      3.20633e+7 
           7690      3.17839e+7 
           7710      3.15071e+7 
           7730      3.12333e+7 
           7750      3.09632e+7 
           7770      3.06948e+7 
           7790      3.04306e+7 
           7810      3.01687e+7 
           7830      2.99097e+7 
           7850      2.96536e+7 
           7870      2.93996e+7 
           7890      2.91491e+7 
           7910      2.89013e+7 
           7930      2.86557e+7 
           7950      2.84127e+7 
           7970      2.81731e+7 
           7990      2.79354e+7 
           8010      2.77004e+7 
           8030      2.74673e+7 
           8050      2.72374e+7 
           8070      2.70094e+7 
           8090       2.6784e+7 
           8110       2.6561e+7 
           8130      2.63404e+7 
           8150      2.61216e+7 
           8170      2.59059e+7 
           8190      2.56919e+7 
           8210      2.55847e+7 
           8230      2.53855e+7 
           8250      2.51906e+7 
           8270      2.49967e+7 
           8290      2.48061e+7 
           8310      2.46154e+7 
           8330      2.44229e+7 
           8350      2.42256e+7 
           8370      2.40169e+7 
           8390      2.38014e+7 
           8410      2.35583e+7 
           8430      2.33375e+7 
           8450      2.31749e+7 
           8470      2.26586e+7 
           8490      2.28766e+7 
           8510      2.20731e+7 
           8530      2.27402e+7 
           8550       2.1076e+7 
           8570      2.28033e+7 
           8590      2.13172e+7 
           8610      2.08478e+7 
           8630      2.28364e+7 
           8650      2.19077e+7 
           8670      1.88508e+7 
           8690      2.23281e+7 
           8710      2.29139e+7 
           8730      2.20453e+7 
           8750      1.79103e+7 
           8770      2.09488e+7 
           8790      2.25055e+7 
           8810      2.25753e+7 
           8830      2.21035e+7 
           8850      1.98715e+7 
           8870      1.71805e+7 
           8890      2.09791e+7 
           8910      2.17084e+7 
           8930      2.17142e+7 
           8950      2.15505e+7 
           8970       2.1234e+7 
           8990      2.03626e+7 
           9010      1.66929e+7 
           9030      1.79427e+7 
           9050      2.02062e+7 
           9070      2.04927e+7 
           9090       2.0455e+7 
           9110      2.03335e+7 
           9130      2.01799e+7 
           9150      2.00018e+7 
           9170      1.97753e+7 
           9190      1.93922e+7 
           9210      1.81845e+7 
           9230      1.46919e+7 
           9250      1.75362e+7 
           9270      1.87416e+7 
           9290      1.88736e+7 
           9310      1.88078e+7 
           9330      1.86987e+7 
           9350      1.85925e+7 
           9370      1.84617e+7 
           9390      1.83216e+7 
           9410      1.81825e+7 
           9430      1.80309e+7 
           9450      1.78606e+7 
           9470      1.76907e+7 
           9490       1.7482e+7 
           9510      1.70886e+7 
           9530        1.579e+7 
           9550      1.31211e+7 
           9570      1.58627e+7 
           9590      1.66531e+7 
           9610      1.67332e+7 
           9630      1.66727e+7 
           9650      1.65846e+7 
           9670      1.64923e+7 
           9690      1.63706e+7 
           9710      1.62488e+7 
           9730      1.61308e+7 
           9750      1.60124e+7 
           9770      1.58952e+7 
           9790      1.57788e+7 
           9810      1.56636e+7 
           9830      1.55497e+7 
           9850      1.54369e+7 
           9870      1.53245e+7 
           9890      1.52137e+7 
           9910      1.51036e+7 
           9930      1.49943e+7 
           9950      1.48511e+7 
           9970      1.47188e+7 
           9990      1.45539e+7 
          10025      1.34051e+7 
          10075        1.282e+7 
          10125      1.38946e+7 
          10175      1.37275e+7 
          10225      1.34955e+7 
          10275      1.32607e+7 
          10325       1.3029e+7 
          10375      1.28057e+7 
          10425      1.25858e+7 
          10475      1.23701e+7 
          10525      1.21593e+7 
          10575      1.19533e+7 
          10625      1.17513e+7 
          10675      1.15532e+7 
          10725        1.136e+7 
          10775      1.11701e+7 
          10825      1.09443e+7 
          10875      1.06948e+7 
          10925      9.31884e+6 
          10975      9.93754e+6 
          11025      1.02254e+7 
          11075      1.01069e+7 
          11125      9.94927e+6 
          11175      9.78894e+6 
          11225      9.63167e+6 
          11275      9.47768e+6 
          11325      9.32691e+6 
          11375        9.179e+6 
          11425       9.0339e+6 
          11475      8.89183e+6 
          11525      8.75245e+6 
          11575       8.6157e+6 
          11625      8.48153e+6 
          11675      8.35017e+6 
          11725      8.22128e+6 
          11775      8.09509e+6 
          11825      7.97101e+6 
          11875      7.84953e+6 
          11925      7.73033e+6 
          11975      7.61232e+6 
          12025       7.4986e+6 
          12075      7.38599e+6 
          12125      7.27549e+6 
          12175      7.16705e+6 
          12225      7.06065e+6 
          12275        6.956e+6 
          12325      6.85354e+6 
          12375      6.75301e+6 
          12425      6.65411e+6 
          12475       6.5573e+6 
          12525      6.46207e+6 
          12575      6.36862e+6 
          12625      6.27667e+6 
          12675      6.18434e+6 
          12725      6.07325e+6 
          12775      5.86606e+6 
          12825      5.19536e+6 
          12875       5.7412e+6 
          12925      5.74039e+6 
          12975      5.67766e+6 
          13025      5.59929e+6 
          13075      5.52129e+6 
          13125      5.44453e+6 
          13175      5.36899e+6 
          13225      5.29487e+6 
          13275      5.22214e+6 
          13325      5.15056e+6 
          13375      5.08011e+6 
          13425      5.01099e+6 
          13475      4.94296e+6 
          13525       4.8762e+6 
          13575       4.8105e+6 
          13625      4.74583e+6 
          13675      4.68238e+6 
          13725      4.61993e+6 
          13775      4.55846e+6 
          13825      4.49815e+6 
          13875      4.43878e+6 
          13925      4.38035e+6 
          13975      4.32283e+6 
          14025      4.26639e+6 
          14075      4.21084e+6 
          14125      4.15616e+6 
          14175      4.10233e+6 
          14225      4.04934e+6 
          14275      3.99736e+6 
          14325      3.94619e+6 
          14375      3.89581e+6 
          14425      3.84622e+6 
          14475       3.7974e+6 
          14525      3.74934e+6 
          14570      3.70669e+6 
          14620      3.66605e+6 
          14675       3.6164e+6 
          14725      3.57208e+6 
          14775      3.52844e+6 
          14825      3.48548e+6 
          14875      3.44302e+6 
          14925      3.40122e+6 
          14975       3.3599e+6 
          15025      3.31905e+6 
          15075      3.27817e+6 
          15125      3.23759e+6 
          15175      3.19748e+6 
          15225      3.15896e+6 
          15275      3.11619e+6 
          15325      3.07568e+6 
          15375      3.04471e+6 
          15425      2.99049e+6 
          15475      2.97151e+6 
          15525      2.93411e+6 
          15575      2.86142e+6 
          15625      2.89189e+6 
          15675      2.80923e+6 
          15725      2.74371e+6 
          15775       2.8031e+6 
          15825       2.7642e+6 
          15875      2.58268e+6 
          15925      2.66869e+6 
          15975      2.69349e+6 
          16050      2.61339e+6 
          16150      2.47828e+6 
          16250      2.54846e+6 
          16350      2.43508e+6 
          16450      2.30532e+6 
          16550      2.38648e+6 
          16650      2.33589e+6 
          16750      2.22174e+6 
          16850      2.10349e+6 
          16950      2.18339e+6 
          17050      2.14074e+6 
          17150      2.09433e+6 
          17250       2.0386e+6 
          17350      1.85322e+6 
          17450      1.93634e+6 
          17550      1.91898e+6 
          17650       1.8794e+6 
          17750      1.83987e+6 
          17850      1.80122e+6 
          17950      1.76367e+6 
          18050      1.72059e+6 
          18150      1.57577e+6 
          18250      1.62314e+6 
          18350      1.62082e+6 
          18450       1.5898e+6 
          18550      1.55771e+6 
          18650      1.51798e+6 
          18750      1.39435e+6 
          18850       1.4554e+6 
          18950      1.43693e+6 
          19050       1.4086e+6 
          19150      1.38098e+6 
          19250      1.35356e+6 
          19350      1.31696e+6 
          19450      1.20596e+6 
          19550       1.2664e+6 
          19650      1.25208e+6 
          19750      1.22871e+6 
          19850      1.20547e+6 
          19950      1.18271e+6 
          20050      1.16045e+6 
          20150      1.13875e+6 
          20250      1.11761e+6 
          20350      1.09692e+6 
          20450      1.07667e+6 
          20550      1.05694e+6 
          20650      1.03763e+6 
          20750      1.01882e+6 
          20850      1.00031e+6 
          20950          982375 
          21050          964731 
          21150          947461 
          21250          930639 
          21350          914173 
          21450          897726 
          21550          876272 
          21650          807755 
          21750          841676 
          21850          836357 
          21950          822733 
          22050          808624 
          22150          794812 
          22250          781291 
          22350          768056 
          22450          755100 
          22550          742416 
          22650          730008 
          22750          717854 
          22850          706411 
          22950          694825 
          23050          683477 
          23150          672355 
          23250          661462 
          23350          650785 
          23450          640321 
          23550          630065 
          23650          619999 
          23750          610127 
          23850          600452 
          23950          590929 
          24050          581557 
          24150          572307 
          24250          563413 
          24350          554494 
          24450          545575 
          24550          537495 
          24650          528561 
          24750          520504 
          24850          513645 
          24950          502419 
          25050          498301 
          25150          490934 
          25250          477741 
          25350          475720 
          25450          470279 
          25550          461434 
          25650          446299 
          25750          448584 
          25850          443586 
          25950          436806 
          26050          425793 
          26150          409067 
          26250          391331 
          26350          407444 
          26450          406324 
          26550          400847 
          26650          392323 
          26750          371347 
          26850          381081 
          26950          379093 
          27050          374674 
          27150          369394 
          27250          364202 
          27350          358789 
          27450          351780 
          27550          331938 
          27650          335646 
          27750          338354 
          27850          334899 
          27950          330312 
          28050          325802 
          28150          321361 
          28250          316999 
          28350          312709 
          28450          308490 
          28550          303444 
          28650          294362 
          28750          279447 
          28850          289874 
          28950          288122 
          29050          284642 
          29150          280893 
          29250          277209 
          29350          273583 
          29450          270017 
          29550          266506 
          29650          263057 
          29750          259661 
          29850          256318 
          29950          253030 
          30050          249792 
          30150          246455 
          30250          242050 
          30350          229271 
          30450          229665 
          30550          233335 
          30650          231410 
          30750          228537 
          30850          225688 
          30950          222883 
          31050          220125 
          31150          217405 
          31250          214728 
          31350          212091 
          31450          209495 
          31550          206943 
          31650          204427 
          31750          201945 
          31850          199505 
          31950          197100 
          32100          193562 
          32300          188966 
          32500          184504 
          32700          179967 
          32900          169527 
          33100          169726 
          33300          167561 
          33500          163831 
          33700          160134 
          33900          156526 
          34100          153017 
          34300          149601 
          34500          146283 
          34700          143053 
          34900          139908 
          35100          136851 
          35300          133877 
          35500          130974 
          35700          128145 
          35900          125429 
          36100          122705 
          36300          120164 
          36500          117525 
          36700          115204 
          36900          112534 
          37100          110338 
          37300          106223 
          37500          103221 
          37700          103719 
          37900          101764 
          38100         99260.6 
          38300         97332.9 
          38500           95816 
          38700         93932.7 
          38900         91866.4 
          39100         89179.4 
          39300         88408.2 
          39500         86853.6 
          39700         85285.1 
          39900         83431.3 
          40100         81047.9 
          40300         79173.7 
          40500         76418.5 
          40700         77065.7 
          40900         75942.2 
          41100         74513.6 
          41300         73115.6 
          41500         71469.8 
          41700         68513.2 
          41900         68794.1 
          42100         67846.6 
          42300         66604.4 
          42500         65390.8 
          42700         64205.3 
          42900         63045.1 
          43100         61909.8 
          43300         60800.7 
          43500         59603.8 
          43700         57098.6 
          43900         56968.5 
          44100         56584.7 
          44300           55618 
          44500         54647.4 
          44700         53754.1 
          44900           52768 
          45100         51860.2 
          45300         50971.9 
          45500         50100.8 
          45700         49246.5 
          45900         48405.2 
          46100         47564.3 
          46300         46639.3 
          46500         44458.3 
          46700         43710.4 
          46900         44175.9 
          47100         43723.4 
          47300           43043 
          47500         42350.6 
          47700         41666.8 
          47900         40992.8 
          48100         40331.8 
          48300         39683.6 
          48500         39047.9 
          48700         38424.4 
          48900         37814.6 
          49100         37214.9 
          49300         36626.8 
          49500         36053.2 
          49700           35483 
          49900         34947.9 
          50100         34388.8 
          50300         33849.3 
          50500         33335.1 
          50700         32814.6 
          50900         32273.7 
          51100         31626.3 
          51300         30325.1 
          51500         30727.8 
          51700         30353.8 
          51900         29948.3 
          52100         29560.6 
          52300         29120.1 
          52500         28611.6 
          52700         28168.3 
          52900         27829.2 
          53100         27436.9 
          53300         27035.1 
          53500         26630.7 
          53700         26153.1 
          53900         25776.5 
          54100         25491.1 
          54300         25133.7 
          54500         24774.5 
          54700         24421.2 
          54900         24073.6 
          55100           23646 
          55300         23241.2 
          55500         23034.9 
          55700         22744.7 
          55900         22426.7 
          56100         22115.1 
          56300         21808.5 
          56500         21506.8 
          56700         21210.1 
          56900         20863.4 
          57100         20412.5 
          57300         20274.8 
          57500         20074.8 
          57700         19803.4 
          57900         19535.4 
          58100         19272.8 
          58300         19005.6 
          58500         18743.7 
          58700         18478.5 
          58900         18125.1 
          59100         17433.2 
          59300           17665 
          59500         17298.5 
          59700         17178.6 
          59900         17065.1 
          60100         16871.4 
          60300         16676.8 
          60500         16460.7 
          60700         16249.2 
          60900           16040 
          61100         15834.3 
          61300         15632.9 
          61500         15433.7 
          61700         15237.8 
          61900         15045.1 
          62100         14855.6 
          62300         14668.2 
          62500         14456.8 
          62700           14219 
          62900         13798.3 
          63100         13840.6 
          63300           13743 
          63500         13607.9 
          63700           13440 
          63900         13275.7 
          64200         13033.1 
          64600         12718.8 
          65000         12412.9 
          65400         12117.1 
          65800         11829.2 
          66200         11550.9 
          66600         11280.1 
          67000         11016.5 
          67400         10714.5 
          67800         10331.1 
          68200         10256.5 
          68600         10038.7 
          69000          9811.9 
          69400         9590.39 
          69800         9375.63 
          70200         9167.42 
          70600         8964.06 
          71000         8766.94 
          71400         8575.13 
          71800         8387.78 
          72200          8206.2 
          72600         8020.25 
          73000         7856.25 
          73400         7689.74 
          73800         7526.37 
          74200         7345.54 
          74600         7062.54 
          75000          6868.2 
          75400         6875.04 
          75800         6767.92 
          76200         6634.76 
          76600         6499.52 
          77000         6367.36 
          77400         6234.24 
          77800         6084.16 
          78200         5986.47 
          78600         5871.11 
          79000         5754.77 
          79400         5641.24 
          79800         5530.52 
          80200         5422.48 
          80600         5317.06 
          81000         5214.15 
          81400         5084.23 
          81800         4999.95 
          82200         4920.18 
          82600         4826.87 
          83000         4735.67 
          83400         4646.64 
          83800         4559.69 
          84200         4474.81 
          84600          4391.8 
          85000         4310.78 
          85400         4231.59 
          85800         4154.15 
          86200         4073.46 
          86600         3962.87 
          87000         3919.15 
          87400          3815.6 
          87800         3747.87 
          88200         3724.51 
          88600         3659.19 
          89000         3594.65 
          89400         3531.54 
          89800         3469.78 
          90200         3409.35 
          90600         3350.21 
          91000         3292.39 
          91400         3235.81 
          91800         3180.41 
          92200         3126.19 
          92600          3073.1 
          93000          3021.2 
          93400          2966.7 
          93800         2882.49 
          94200         2856.03 
          94600         2824.09 
          95000         2777.36 
          95400         2731.56 
          95800          2686.8 
          96200         2642.88 
          96600         2599.85 
          97000         2557.67 
          97400         2516.37 
          97800          2475.9 
          98200          2436.2 
          98600          2395.9 
          99000         2359.24 
          99400         2321.91 
          99800         2285.29 
         100200         2249.41 
         200000         144.372 
         400000         9.06552 
         600000         1.78769 
         800000        0.563911 
         1.0e+6        0.230223 
         1.2e+6        0.110677 
         1.4e+6       0.0595694 
         1.6e+6       0.0348269 
