# Kurucz ODFNEW /NOVER (2003)
# teff = 9750 K (value for the effective temperature for the model. Temperatures are given in K)
# logg = 3 log(cm/s2) (value for Log(G) for the model.)
# meta = -1.5  (value for the Metallicity for the model.)
# lh = 1.25  (l/Hp where l is the  mixing length of the convective element and Hp is the pressure scale height)
# vtur = 2 km/s (Microturbulence velocity)
# alpha = 0  (Alpha)
#
# column 1: WAVELENGTH (ANGSTROM), Wavelength in Angstrom
# column 2: FLUX (ERG/CM2/S/A), Flux in erg/cm2/s/A
          256.8     3.20515e-23 
            260     1.08583e-22 
            264     3.80643e-22 
          268.5      1.4369e-21 
          273.5     5.92022e-21 
          278.5     2.31568e-20 
            284     9.80311e-20 
            290     4.43949e-19 
            296     1.88644e-18 
            301     6.02927e-18 
            308      2.8736e-17 
            318     2.36702e-16 
            328     1.70961e-15 
            338      1.0946e-14 
            348     6.28536e-14 
            357     2.77866e-13 
            366     1.14004e-12 
            375     4.35868e-12 
            385     1.79285e-11 
            395     6.84572e-11 
            405     2.44171e-10 
            414     7.26243e-10 
            422      1.83717e-9 
            430      4.48326e-9 
            441      1.44721e-8 
            451      3.98639e-8 
            460      9.53859e-8 
            470      2.41387e-7 
            480      5.86645e-7 
            490      1.37283e-6 
            500      3.09852e-6 
            506      6.46957e-6 
            512      1.12461e-5 
            520      2.02227e-5 
            530       4.1286e-5 
            540      8.09658e-5 
            550     0.000156607 
            560     0.000293671 
            570     0.000538008 
            580     0.000957278 
            590      0.00169112 
            600      0.00290856 
            610      0.00490832 
            620      0.00813467 
            630       0.0132524 
            640       0.0212398 
            650       0.0335213 
            658       0.0477703 
            665        0.064641 
            675       0.0984023 
            685        0.147842 
            695        0.219318 
            705        0.321424 
            716        0.482949 
            726        0.691195 
            735        0.945825 
            745         1.32725 
            755         1.84437 
            765         2.53882 
            775         3.46356 
            785         4.68423 
            795         6.28195 
            805         8.35923 
            815         11.0366 
            825         14.4636 
            835         18.8158 
            845         24.3209 
            855         31.2216 
            865         39.8256 
            875         50.4848 
            885         63.6216 
            895         79.7127 
            905         99.2852 
            915         472.428 
            925         2560.77 
            935         4171.18 
            945         7757.12 
            955         15888.3 
            965         22643.6 
            975         11708.6 
            985          848377 
            995      4.78815e+6 
           1005      3.26739e+6 
           1015          126612 
           1025         18775.4 
           1035          109728 
           1045      4.40163e+6 
           1055      1.58991e+7 
           1065      2.07728e+7 
           1075      2.73077e+7 
           1085      3.02856e+7 
           1095      3.00743e+7 
           1105      4.46019e+7 
           1115      7.09959e+7 
           1125       7.4764e+7 
           1135      7.67949e+7 
           1145      6.84795e+7 
           1155      5.87139e+7 
           1165      5.00687e+7 
           1175      3.10634e+7 
           1185      2.57004e+7 
           1195          207401 
           1205          123688 
           1215           44897 
           1225          134803 
           1235          269204 
           1245      6.28302e+6 
           1255      2.65524e+7 
           1265      3.88824e+7 
           1275      6.22118e+7 
           1285      8.30585e+7 
           1295       8.7727e+7 
           1305      7.67871e+7 
           1315      1.00965e+8 
           1325      1.08535e+8 
           1335      1.10011e+8 
           1345      1.21641e+8 
           1355      1.16791e+8 
           1365      1.10716e+8 
           1375      1.15761e+8 
           1385      1.18053e+8 
           1395       1.1868e+8 
           1405      1.23516e+8 
           1415      1.20816e+8 
           1425      1.23045e+8 
           1435      1.16318e+8 
           1442      1.24998e+8 
           1447      1.27736e+8 
           1455      1.28407e+8 
           1465      1.23857e+8 
           1475      1.21899e+8 
           1485      1.22993e+8 
           1495      1.24606e+8 
           1505      1.25943e+8 
           1512      1.23654e+8 
           1517      1.26739e+8 
           1525      1.22377e+8 
           1535      1.20628e+8 
           1545      1.24436e+8 
           1555      1.17567e+8 
           1565      1.09763e+8 
           1575      1.12889e+8 
           1585      1.17996e+8 
           1595      1.21383e+8 
           1605      1.15589e+8 
           1615      1.15762e+8 
           1625      1.08833e+8 
           1635      1.10921e+8 
           1645      1.11808e+8 
           1655      1.02096e+8 
           1665      1.11393e+8 
           1672      1.00857e+8 
           1677      1.05815e+8 
           1685       1.1059e+8 
           1695      1.05751e+8 
           1705      1.03987e+8 
           1715      1.04887e+8 
           1725      1.03015e+8 
           1735      1.05908e+8 
           1745      1.03693e+8 
           1755      1.06705e+8 
           1765      9.99041e+7 
           1775      1.05504e+8 
           1785      1.03318e+8 
           1795      1.06367e+8 
           1805      1.03564e+8 
           1815      1.02533e+8 
           1825      1.00015e+8 
           1835      9.92745e+7 
           1845      9.65622e+7 
           1855      9.72132e+7 
           1865      9.68743e+7 
           1875      9.87541e+7 
           1885      9.85425e+7 
           1895      9.70195e+7 
           1905      9.55645e+7 
           1915      9.50385e+7 
           1925      9.55125e+7 
           1935      9.41294e+7 
           1945      9.63825e+7 
           1955       9.5331e+7 
           1967      9.54966e+7 
           1976      9.39861e+7 
           1984      9.35302e+7 
           1995      9.19413e+7 
           2005      9.08175e+7 
           2015      8.77536e+7 
           2025      8.84793e+7 
           2035      8.92612e+7 
           2045      8.91921e+7 
           2055      8.64448e+7 
           2065      8.61131e+7 
           2074      8.75481e+7 
           2078      8.80996e+7 
           2085       8.8159e+7 
           2095      8.63666e+7 
           2105      8.62876e+7 
           2115      8.55241e+7 
           2125       8.5205e+7 
           2135      8.07341e+7 
           2145      8.41475e+7 
           2155      8.34414e+7 
           2165      8.09765e+7 
           2175      8.04088e+7 
           2185        8.014e+7 
           2195       8.2719e+7 
           2205      8.02812e+7 
           2215      7.71392e+7 
           2225       7.6143e+7 
           2235      8.00184e+7 
           2245      7.66536e+7 
           2255      7.50344e+7 
           2265      7.45936e+7 
           2275      7.72803e+7 
           2285      7.76515e+7 
           2295      7.52168e+7 
           2305      7.49059e+7 
           2315      7.40071e+7 
           2325      7.43754e+7 
           2335       7.2952e+7 
           2345      6.89743e+7 
           2355       7.2248e+7 
           2365      6.90385e+7 
           2375      7.09028e+7 
           2385      6.62297e+7 
           2395      6.96513e+7 
           2405      6.80767e+7 
           2415      6.86122e+7 
           2425      6.97644e+7 
           2435      6.77249e+7 
           2445      6.94344e+7 
           2455      6.84886e+7 
           2465      6.74566e+7 
           2475      6.61131e+7 
           2485      6.82786e+7 
           2495      6.67398e+7 
           2505      6.89937e+7 
           2513      6.70817e+7 
           2518      6.72968e+7 
           2525      6.45548e+7 
           2535       6.4064e+7 
           2545      6.39804e+7 
           2555      6.59736e+7 
           2565      6.53857e+7 
           2575      6.70833e+7 
           2585      6.71629e+7 
           2595      6.67414e+7 
           2605      6.52751e+7 
           2615      6.48539e+7 
           2625      6.51098e+7 
           2635      6.55009e+7 
           2645      6.82968e+7 
           2655      6.76978e+7 
           2665      6.57691e+7 
           2675      6.65471e+7 
           2685      6.67996e+7 
           2695      6.54956e+7 
           2705      6.54911e+7 
           2715      6.42173e+7 
           2725      6.41528e+7 
           2735       6.5553e+7 
           2745      6.16264e+7 
           2755      6.16117e+7 
           2765      6.28669e+7 
           2775      6.44057e+7 
           2785      6.40995e+7 
           2795      5.93738e+7 
           2805      6.17905e+7 
           2815      6.43854e+7 
           2825      6.38549e+7 
           2835      6.27443e+7 
           2845      6.18665e+7 
           2855      6.10918e+7 
           2865      6.17722e+7 
           2875      6.13068e+7 
           2885      6.20095e+7 
           2895      6.18426e+7 
           2910      6.27994e+7 
           2930      6.14052e+7 
           2950      6.10646e+7 
           2970      6.09582e+7 
           2990      6.06342e+7 
           3010      6.08415e+7 
           3030      6.05621e+7 
           3050      6.00094e+7 
           3070       5.9406e+7 
           3090      5.93496e+7 
           3110      5.88108e+7 
           3130      5.82308e+7 
           3150       5.8048e+7 
           3170      5.77378e+7 
           3190      5.67606e+7 
           3210      5.68708e+7 
           3230      5.62951e+7 
           3250       5.6225e+7 
           3270      5.61136e+7 
           3290       5.5865e+7 
           3310       5.5608e+7 
           3330      5.50542e+7 
           3350       5.4429e+7 
           3370      5.42094e+7 
           3390      5.38766e+7 
           3410      5.38393e+7 
           3430      5.34727e+7 
           3450      5.32438e+7 
           3470      5.28446e+7 
           3490      5.25437e+7 
           3510      5.23167e+7 
           3530       5.2046e+7 
           3550      5.17362e+7 
           3570      5.13769e+7 
           3590      5.10662e+7 
           3610      5.07621e+7 
           3630      5.04416e+7 
           3640      5.02785e+7 
           3650      5.09027e+7 
           3670      5.03242e+7 
           3690      4.86596e+7 
           3710      5.55401e+7 
           3730       6.3787e+7 
           3750      9.21617e+7 
           3770       9.7654e+7 
           3790      1.16134e+8 
           3810      1.31034e+8 
           3830      1.05397e+8 
           3850      1.39849e+8 
           3870      1.49918e+8 
           3890      9.31187e+7 
           3910      1.46679e+8 
           3930      1.47261e+8 
           3950      1.43668e+8 
           3970      8.81678e+7 
           3990      1.38005e+8 
           4010      1.41816e+8 
           4030      1.39834e+8 
           4050      1.38438e+8 
           4070      1.35403e+8 
           4090      1.16286e+8 
           4110      9.04819e+7 
           4130      1.28834e+8 
           4150      1.29224e+8 
           4170      1.27851e+8 
           4190      1.26297e+8 
           4210      1.24638e+8 
           4230      1.22875e+8 
           4250      1.21246e+8 
           4270      1.19584e+8 
           4290      1.17691e+8 
           4310      1.14815e+8 
           4330      9.47585e+7 
           4350      8.09324e+7 
           4370      1.10157e+8 
           4390       1.0984e+8 
           4410      1.09043e+8 
           4430      1.07758e+8 
           4450       1.0642e+8 
           4470      1.04757e+8 
           4490      1.02952e+8 
           4510      1.02259e+8 
           4530      1.00965e+8 
           4550      9.94173e+7 
           4570      9.85129e+7 
           4590      9.71449e+7 
           4610      9.61655e+7 
           4630      9.47882e+7 
           4650      9.37847e+7 
           4670      9.26083e+7 
           4690      9.14484e+7 
           4710      9.01148e+7 
           4730      8.92347e+7 
           4750      8.81459e+7 
           4770      8.70772e+7 
           4790      8.59082e+7 
           4810      8.45944e+7 
           4830      8.26567e+7 
           4850      7.01248e+7 
           4870      5.71458e+7 
           4890      7.90338e+7 
           4910      7.95429e+7 
           4930      7.87159e+7 
           4950      7.80934e+7 
           4970      7.71901e+7 
           4990      7.62685e+7 
           5010       7.5194e+7 
           5030      7.44796e+7 
           5050      7.34964e+7 
           5070      7.27682e+7 
           5090      7.19299e+7 
           5110      7.10895e+7 
           5130      7.02786e+7 
           5150      6.94611e+7 
           5170      6.84751e+7 
           5190      6.78001e+7 
           5210      6.71099e+7 
           5230      6.62836e+7 
           5250      6.56018e+7 
           5270      6.47888e+7 
           5290      6.41342e+7 
           5310      6.33567e+7 
           5330      6.26952e+7 
           5350      6.20194e+7 
           5370      6.13218e+7 
           5390      6.06471e+7 
           5410      5.99678e+7 
           5430      5.93084e+7 
           5450      5.86697e+7 
           5470      5.80249e+7 
           5490      5.73929e+7 
           5510      5.67673e+7 
           5530       5.6148e+7 
           5550      5.55521e+7 
           5570      5.49499e+7 
           5590      5.43596e+7 
           5610        5.378e+7 
           5630      5.32049e+7 
           5650      5.26341e+7 
           5670       5.2076e+7 
           5690      5.15279e+7 
           5710      5.09838e+7 
           5730      5.04461e+7 
           5750      4.99157e+7 
           5770      4.93938e+7 
           5790      4.88756e+7 
           5810      4.83678e+7 
           5830      4.78658e+7 
           5850      4.73706e+7 
           5870      4.68024e+7 
           5890      4.63808e+7 
           5910      4.59219e+7 
           5930       4.5453e+7 
           5950      4.49819e+7 
           5970      4.45288e+7 
           5990      4.40703e+7 
           6010      4.36314e+7 
           6030      4.31902e+7 
           6050      4.27559e+7 
           6070      4.23263e+7 
           6090      4.19025e+7 
           6110      4.14843e+7 
           6130      4.10717e+7 
           6150      4.06397e+7 
           6170      4.02608e+7 
           6190      3.98634e+7 
           6210      3.94713e+7 
           6230      3.90834e+7 
           6250      3.86851e+7 
           6270      3.83228e+7 
           6290       3.7949e+7 
           6310      3.75773e+7 
           6330      3.72161e+7 
           6350      3.68017e+7 
           6370      3.64735e+7 
           6390      3.61487e+7 
           6410      3.57997e+7 
           6430      3.54588e+7 
           6450       3.5108e+7 
           6470      3.47878e+7 
           6490      3.43877e+7 
           6510      3.39669e+7 
           6530      3.33351e+7 
           6550      3.01989e+7 
           6570      2.44602e+7 
           6590      3.19154e+7 
           6610      3.23253e+7 
           6630      3.21571e+7 
           6650      3.19486e+7 
           6670      3.16506e+7 
           6690      3.13598e+7 
           6710      3.10761e+7 
           6730      3.07877e+7 
           6750      3.05071e+7 
           6770      3.02277e+7 
           6790      2.99518e+7 
           6810      2.96787e+7 
           6830      2.94082e+7 
           6850      2.91412e+7 
           6870      2.88776e+7 
           6890      2.86165e+7 
           6910      2.83588e+7 
           6930      2.81036e+7 
           6950      2.78524e+7 
           6970      2.76036e+7 
           6990      2.73572e+7 
           7010      2.71116e+7 
           7030      2.68729e+7 
           7050      2.66335e+7 
           7070      2.63956e+7 
           7090      2.61675e+7 
           7110      2.59333e+7 
           7130      2.57094e+7 
           7150       2.5484e+7 
           7170      2.52621e+7 
           7190      2.50424e+7 
           7210      2.48246e+7 
           7230      2.46082e+7 
           7250      2.43967e+7 
           7270      2.41863e+7 
           7290      2.39765e+7 
           7310      2.37708e+7 
           7330      2.35683e+7 
           7350       2.3367e+7 
           7370      2.31682e+7 
           7390      2.29706e+7 
           7410      2.27754e+7 
           7430      2.25806e+7 
           7450      2.23903e+7 
           7470      2.21997e+7 
           7490      2.20148e+7 
           7510      2.18302e+7 
           7530      2.16486e+7 
           7550       2.1468e+7 
           7570       2.1289e+7 
           7590      2.11115e+7 
           7610       2.0937e+7 
           7630      2.07633e+7 
           7650      2.05911e+7 
           7670      2.04218e+7 
           7690      2.02539e+7 
           7710      2.00868e+7 
           7730      1.99231e+7 
           7750      1.97602e+7 
           7770      1.94889e+7 
           7790      1.94392e+7 
           7810      1.92818e+7 
           7830      1.91256e+7 
           7850      1.89702e+7 
           7870        1.881e+7 
           7890      1.86507e+7 
           7910      1.85161e+7 
           7930      1.83677e+7 
           7950      1.82182e+7 
           7970      1.80753e+7 
           7990      1.79188e+7 
           8010      1.77889e+7 
           8030      1.76478e+7 
           8050      1.75079e+7 
           8070      1.73698e+7 
           8090      1.72328e+7 
           8110      1.70969e+7 
           8130      1.69633e+7 
           8150      1.68302e+7 
           8170      1.66988e+7 
           8190      1.65652e+7 
           8210       1.6541e+7 
           8230      1.64201e+7 
           8250      1.63068e+7 
           8270      1.61972e+7 
           8290      1.60797e+7 
           8310      1.59593e+7 
           8330      1.58241e+7 
           8350      1.56819e+7 
           8370      1.54941e+7 
           8390      1.53267e+7 
           8410      1.51287e+7 
           8430      1.51021e+7 
           8450      1.50249e+7 
           8470      1.43616e+7 
           8490      1.52437e+7 
           8510       1.3984e+7 
           8530      1.53952e+7 
           8550      1.33098e+7 
           8570      1.56334e+7 
           8590      1.42869e+7 
           8610       1.3841e+7 
           8630      1.59085e+7 
           8650      1.53008e+7 
           8670       1.2347e+7 
           8690      1.57684e+7 
           8710      1.61797e+7 
           8730      1.56109e+7 
           8750      1.19638e+7 
           8770        1.481e+7 
           8790      1.58158e+7 
           8810      1.57985e+7 
           8830      1.55337e+7 
           8850      1.40572e+7 
           8870      1.16318e+7 
           8890      1.48547e+7 
           8910      1.51924e+7 
           8930      1.51453e+7 
           8950      1.50433e+7 
           8970      1.48681e+7 
           8990       1.4411e+7 
           9010       1.1468e+7 
           9030      1.26559e+7 
           9050      1.42513e+7 
           9070      1.43301e+7 
           9090      1.42502e+7 
           9110      1.41859e+7 
           9130      1.40863e+7 
           9150      1.39748e+7 
           9170      1.38409e+7 
           9190      1.36358e+7 
           9210      1.29424e+7 
           9230      9.99566e+6 
           9250      1.24767e+7 
           9270      1.31406e+7 
           9290      1.32316e+7 
           9310      1.31705e+7 
           9330      1.30994e+7 
           9350      1.30046e+7 
           9370      1.29097e+7 
           9390      1.28103e+7 
           9410      1.26968e+7 
           9430      1.26269e+7 
           9450      1.25351e+7 
           9470      1.24129e+7 
           9490      1.22899e+7 
           9510      1.20842e+7 
           9530      1.12798e+7 
           9550      8.99086e+6 
           9570      1.13309e+7 
           9590      1.17695e+7 
           9610      1.17732e+7 
           9630      1.17081e+7 
           9650      1.16584e+7 
           9670      1.15675e+7 
           9690      1.14929e+7 
           9710      1.14113e+7 
           9730      1.13302e+7 
           9750      1.12497e+7 
           9770      1.11701e+7 
           9790      1.10911e+7 
           9810      1.10127e+7 
           9830      1.09344e+7 
           9850      1.08574e+7 
           9870      1.07809e+7 
           9890      1.07023e+7 
           9910      1.06312e+7 
           9930      1.05555e+7 
           9950      1.04823e+7 
           9970      1.03876e+7 
           9990      1.02883e+7 
          10025      9.54038e+6 
          10075      9.07367e+6 
          10125      9.82875e+6 
          10175      9.69746e+6 
          10225      9.53367e+6 
          10275      9.37295e+6 
          10325      9.21525e+6 
          10375      9.06119e+6 
          10425      8.91036e+6 
          10475      8.76163e+6 
          10525      8.61703e+6 
          10575      8.47578e+6 
          10625      8.33712e+6 
          10675      8.18747e+6 
          10725       8.0648e+6 
          10775      7.93659e+6 
          10825      7.80171e+6 
          10875      7.63585e+6 
          10925      6.62678e+6 
          10975      7.14797e+6 
          11025       7.3021e+6 
          11075      7.20713e+6 
          11125       7.0941e+6 
          11175      6.98279e+6 
          11225      6.87408e+6 
          11275      6.76139e+6 
          11325      6.65835e+6 
          11375      6.55947e+6 
          11425      6.45889e+6 
          11475      6.36038e+6 
          11525      6.26334e+6 
          11575      6.16829e+6 
          11625      6.07436e+6 
          11675      5.98154e+6 
          11725      5.89391e+6 
          11775      5.80076e+6 
          11825      5.71814e+6 
          11875      5.63348e+6 
          11925      5.55164e+6 
          11975      5.46886e+6 
          12025       5.3896e+6 
          12075       5.3107e+6 
          12125      5.23342e+6 
          12175      5.15774e+6 
          12225      5.08312e+6 
          12275      5.00979e+6 
          12325      4.93797e+6 
          12375       4.8674e+6 
          12425      4.79829e+6 
          12475      4.72964e+6 
          12525      4.66338e+6 
          12575      4.59707e+6 
          12625       4.5326e+6 
          12675      4.46971e+6 
          12725      4.39836e+6 
          12775       4.2712e+6 
          12825      3.74873e+6 
          12875      4.17693e+6 
          12925      4.16271e+6 
          12975       4.1119e+6 
          13025      4.05574e+6 
          13075      4.00076e+6 
          13125       3.9465e+6 
          13175      3.89273e+6 
          13225      3.84073e+6 
          13275      3.78919e+6 
          13325      3.73874e+6 
          13375      3.68894e+6 
          13425      3.63978e+6 
          13475      3.59165e+6 
          13525      3.54414e+6 
          13575      3.49784e+6 
          13625      3.45192e+6 
          13675      3.40678e+6 
          13725      3.36241e+6 
          13775      3.31898e+6 
          13825      3.27609e+6 
          13875      3.23394e+6 
          13925       3.1923e+6 
          13975      3.15155e+6 
          14025      3.11131e+6 
          14075      3.07175e+6 
          14125      3.03286e+6 
          14175      2.99444e+6 
          14225      2.95686e+6 
          14275      2.91972e+6 
          14325      2.88304e+6 
          14375      2.84716e+6 
          14425       2.8108e+6 
          14475      2.77685e+6 
          14525      2.74223e+6 
          14570      2.71218e+6 
          14620       2.6852e+6 
          14675      2.65007e+6 
          14725      2.61855e+6 
          14775      2.58722e+6 
          14825      2.55695e+6 
          14875      2.52634e+6 
          14925      2.49625e+6 
          14975      2.46616e+6 
          15025      2.43509e+6 
          15075      2.40421e+6 
          15125      2.37319e+6 
          15175      2.34351e+6 
          15225      2.32213e+6 
          15275      2.27773e+6 
          15325      2.24925e+6 
          15375      2.24278e+6 
          15425       2.1768e+6 
          15475      2.19516e+6 
          15525      2.17464e+6 
          15575      2.07125e+6 
          15625      2.15893e+6 
          15675      2.07771e+6 
          15725      1.99627e+6 
          15775      2.09945e+6 
          15825      2.07341e+6 
          15875      1.87008e+6 
          15925       2.0014e+6 
          15975      2.02492e+6 
          16050      1.96699e+6 
          16150      1.84348e+6 
          16250      1.91972e+6 
          16350      1.83853e+6 
          16450      1.72478e+6 
          16550       1.7978e+6 
          16650      1.75942e+6 
          16750      1.68034e+6 
          16850      1.57911e+6 
          16950      1.64603e+6 
          17050      1.61226e+6 
          17150      1.57763e+6 
          17250      1.53977e+6 
          17350      1.39617e+6 
          17450      1.46633e+6 
          17550      1.44807e+6 
          17650      1.41792e+6 
          17750       1.3886e+6 
          17850      1.35984e+6 
          17950      1.33187e+6 
          18050      1.30189e+6 
          18150      1.19038e+6 
          18250      1.23336e+6 
          18350      1.22678e+6 
          18450      1.20245e+6 
          18550      1.17835e+6 
          18650      1.15069e+6 
          18750      1.05152e+6 
          18850      1.10393e+6 
          18950      1.08822e+6 
          19050      1.06717e+6 
          19150       1.0465e+6 
          19250       1.0263e+6 
          19350      1.00158e+6 
          19450          915567 
          19550          963680 
          19650          950442 
          19750          932584 
          19850          915142 
          19950          898106 
          20050          881457 
          20150          865196 
          20250          849303 
          20350          833781 
          20450          818611 
          20550          803786 
          20650          789288 
          20750          775127 
          20850          761280 
          20950          747738 
          21050          734495 
          21150          721527 
          21250          708854 
          21350          696477 
          21450          684365 
          21550          669624 
          21650          615863 
          21750          644186 
          21850          638461 
          21950          627613 
          22050          616975 
          22150          606556 
          22250          596383 
          22350          586404 
          22450          576632 
          22550          567062 
          22650          557697 
          22750          548517 
          22850          540025 
          22950          531295 
          23050          522753 
          23150          514366 
          23250          506153 
          23350          498096 
          23450          490191 
          23550          482423 
          23650          474783 
          23750          467286 
          23850          459873 
          23950          452592 
          24050          445326 
          24150          438015 
          24250          431931 
          24350          424489 
          24450          417331 
          24550          412382 
          24650          404622 
          24750          398591 
          24850          395518 
          24950          381854 
          25050          383968 
          25150          378604 
          25250          362151 
          25350          366897 
          25450          363123 
          25550          356328 
          25650          337751 
          25750          346774 
          25850          342952 
          25950          337908 
          26050          329279 
          26150          310965 
          26250          301422 
          26350          316344 
          26450          314839 
          26550          310618 
          26650          304408 
          26750          282936 
          26850          295809 
          26950          294069 
          27050          290128 
          27150          286073 
          27250          282090 
          27350          278167 
          27450          273234 
          27550          255024 
          27650          260781 
          27750          262740 
          27850          259579 
          27950          256052 
          28050          252582 
          28150          249170 
          28250          245818 
          28350          242517 
          28450          239274 
          28550          235794 
          28650          229341 
          28750          215305 
          28850          225602 
          28950          223830 
          29050          220921 
          29150          218034 
          29250          215198 
          29350          212409 
          29450          209661 
          29550          206959 
          29650          204297 
          29750          201683 
          29850          199108 
          29950          196571 
          30050          194076 
          30150          191622 
          30250          188545 
          30350          177735 
          30450          178991 
          30550          181773 
          30650          179915 
          30750          177687 
          30850          175488 
          30950          173325 
          31050          171194 
          31150          169095 
          31250          167027 
          31350          164994 
          31450          162990 
          31550          161020 
          31650          159075 
          31750          157159 
          31850          155275 
          31950          153419 
          32100          150683 
          32300          147133 
          32500          143687 
          32700          140275 
          32900          131913 
          33100          132528 
          33300          130533 
          33500          127626 
          33700          124763 
          33900          121977 
          34100          119261 
          34300          116622 
          34500          114055 
          34700          111556 
          34900          109118 
          35100          106755 
          35300          104455 
          35500          102181 
          35700         99954.5 
          35900         97978.7 
          36100         95693.5 
          36300         93927.2 
          36500         91616.9 
          36700         90131.6 
          36900         87643.7 
          37100         86389.3 
          37300         83307.3 
          37500         80414.5 
          37700         81283.8 
          37900         79748.9 
          38100         77385.2 
          38300         76014.1 
          38500         75124.8 
          38700         73661.1 
          38900         72056.6 
          39100         69221.9 
          39300           69385 
          39500         68119.2 
          39700         66937.4 
          39900         65548.6 
          40100         63436.8 
          40300         61783.4 
          40500         59925.3 
          40700         60618.2 
          40900         59646.2 
          41100         58529.6 
          41300         57438.5 
          41500         56240.9 
          41700         53406.2 
          41900         54144.4 
          42100         53320.8 
          42300         52350.4 
          42500           51400 
          42700         50473.3 
          42900         49565.7 
          43100         48678.9 
          43300         47810.3 
          43500         46927.7 
          43700         44703.9 
          43900         44889.8 
          44100         44530.1 
          44300         43754.6 
          44500           42995 
          44700         42322.6 
          44900         41524.1 
          45100         40815.9 
          45300         40120.3 
          45500           39439 
          45700         38771.7 
          45900         38116.2 
          46100         37465.4 
          46300         36771.6 
          46500           34975 
          46700         34308.1 
          46900         34875.9 
          47100         34461.5 
          47300         33916.4 
          47500         33370.9 
          47700         32831.7 
          47900           32302 
          48100         31783.2 
          48300         31276.6 
          48500         30774.2 
          48700         30288.4 
          48900         29804.9 
          49100         29339.1 
          49300         28870.6 
          49500         28431.7 
          49700         27963.9 
          49900         27555.6 
          50100         27124.4 
          50300         26673.9 
          50500         26306.4 
          50700         25898.5 
          50900         25430.7 
          51100         25009.9 
          51300         23877.6 
          51500         24293.3 
          51700         23901.4 
          51900           23642 
          52100         23308.2 
          52300         22962.2 
          52500           22573 
          52700           22166 
          52900         21967.7 
          53100         21686.3 
          53300           21370 
          53500         21036.8 
          53700         20591.7 
          53900           20303 
          54100         20145.5 
          54300         19873.4 
          54500         19589.5 
          54700         19311.8 
          54900         19037.6 
          55100         18673.9 
          55300           18231 
          55500         18217.3 
          55700         17990.8 
          55900         17740.5 
          56100         17494.5 
          56300         17252.8 
          56500         17015.2 
          56700         16781.7 
          56900         16511.5 
          57100         15980.1 
          57300         16043.1 
          57500         15887.3 
          57700         15672.1 
          57900         15461.8 
          58100         15255.1 
          58300           15042 
          58500         14840.2 
          58700         14635.4 
          58900         14378.7 
          59100         13768.1 
          59300         14011.8 
          59500         13574.1 
          59700         13579.5 
          59900         13520.4 
          60100         13356.5 
          60300         13186.2 
          60500         13017.9 
          60700         12851.5 
          60900           12688 
          61100         12526.3 
          61300         12367.5 
          61500         12225.5 
          61700           12080 
          61900         11925.4 
          62100         11761.8 
          62300         11605.8 
          62500         11456.4 
          62700           11280 
          62900         10837.9 
          63100         10978.5 
          63300         10897.9 
          63500         10774.2 
          63700         10659.3 
          63900         10529.1 
          64200         10337.7 
          64600         10088.2 
          65000         9846.68 
          65400         9612.98 
          65800          9381.6 
          66200          9159.4 
          66600         8946.94 
          67000         8735.52 
          67400         8505.26 
          67800         8175.65 
          68200         8130.33 
          68600         7967.98 
          69000         7788.67 
          69400         7596.05 
          69800         7442.43 
          70200         7278.51 
          70600         7114.94 
          71000         6939.56 
          71400         6809.41 
          71800         6661.55 
          72200         6517.55 
          72600         6353.02 
          73000         6234.73 
          73400         6108.58 
          73800         5974.61 
          74200         5835.99 
          74600          5605.9 
          75000         5430.33 
          75400         5467.76 
          75800         5374.99 
          76200         5272.84 
          76600         5165.46 
          77000         5060.78 
          77400          4952.7 
          77800         4812.53 
          78200          4756.4 
          78600         4667.62 
          79000         4575.38 
          79400         4485.42 
          79800         4397.61 
          80200         4311.92 
          80600         4228.34 
          81000         4146.03 
          81400         4023.57 
          81800         3971.48 
          82200         3913.57 
          82600         3839.54 
          83000         3767.24 
          83400         3696.58 
          83800         3627.58 
          84200         3560.19 
          84600         3494.39 
          85000         3430.09 
          85400         3367.25 
          85800         3305.78 
          86200         3242.62 
          86600         3134.67 
          87000          3119.9 
          87400         3036.27 
          87800         2982.77 
          88200         2965.31 
          88600         2912.88 
          89000         2861.64 
          89400         2811.53 
          89800         2762.48 
          90200         2714.47 
          90600          2666.5 
          91000         2621.59 
          91400          2576.6 
          91800          2532.6 
          92200         2489.54 
          92600         2441.01 
          93000         2406.12 
          93400         2363.57 
          93800         2285.87 
          94200         2275.33 
          94600         2249.52 
          95000         2208.66 
          95400         2171.42 
          95800         2140.36 
          96200         2105.46 
          96600         2071.26 
          97000         2037.76 
          97400         2004.89 
          97800         1972.73 
          98200         1938.45 
          98600         1903.38 
          99000         1879.96 
          99400         1850.29 
          99800         1821.19 
         100200         1792.65 
         200000         115.449 
         400000         7.23933 
         600000         1.42425 
         800000        0.448243 
         1.0e+6        0.182608 
         1.2e+6        0.087621 
         1.4e+6       0.0470777 
         1.6e+6       0.0274821 
