# Kurucz ODFNEW /NOVER (2003)
# teff = 7000 K (value for the effective temperature for the model. Temperatures are given in K)
# logg = 3.5 log(cm/s2) (value for Log(G) for the model.)
# meta = -2.5  (value for the Metallicity for the model.)
# lh = 1.25  (l/Hp where l is the  mixing length of the convective element and Hp is the pressure scale height)
# vtur = 2 km/s (Microturbulence velocity)
# alpha = 0.4  (Alpha)
#
# column 1: WAVELENGTH (ANGSTROM), Wavelength in Angstrom
# column 2: FLUX (ERG/CM2/S/A), Flux in erg/cm2/s/A
            338      2.5061e-25 
            348       2.389e-24 
            357      1.6205e-23 
            366     9.96945e-23 
            375     5.58778e-22 
            385     3.43269e-21 
            395     1.91184e-20 
            405     9.73284e-20 
            414     3.92168e-19 
            422     1.28292e-18 
            430     4.00425e-18 
            441     1.78227e-17 
            451     6.46975e-17 
            460     1.96145e-16 
            470     6.37882e-16 
            480     1.96671e-15 
            490     5.77427e-15 
            500     1.61677e-14 
            506     3.89433e-14 
            512     7.84661e-14 
            520     1.66101e-13 
            530     4.12726e-13 
            540     9.72443e-13 
            550     2.24269e-12 
            560     4.97605e-12 
            570      1.0707e-11 
            580     2.21245e-11 
            590     4.54987e-11 
            600      9.0122e-11 
            610      1.7414e-10 
            620     3.28639e-10 
            630     6.06459e-10 
            640      1.09616e-9 
            650      1.94152e-9 
            658      3.02479e-9 
            665      4.41486e-9 
            675      7.46282e-9 
            685      1.23996e-8 
            695      2.02659e-8 
            705      3.26048e-8 
            716      5.40687e-8 
            726      8.43481e-8 
            735      1.24429e-7 
            745        1.893e-7 
            755      2.84372e-7 
            765      4.22026e-7 
            775      6.19062e-7 
            785      8.98013e-7 
            795       1.2884e-6 
            805      1.83021e-6 
            815      2.57377e-6 
            825      3.58538e-6 
            835      4.94977e-6 
            845      6.77298e-6 
            855       9.1891e-6 
            865      1.23649e-5 
            875       1.6507e-5 
            885       2.1871e-5 
            895      2.87655e-5 
            905      3.75623e-5 
            915        0.114995 
            925        0.831898 
            935         1.42793 
            945          2.4566 
            955         3.52249 
            965         4.40881 
            975         3.52672 
            985          7.8955 
            995         9.67333 
           1005         11.5605 
           1015         10.7114 
           1025         9.33016 
           1035         17.2749 
           1045         27.4741 
           1055         33.6074 
           1065          42.196 
           1075          51.628 
           1085         63.3629 
           1095          73.368 
           1105         100.641 
           1115         131.453 
           1125         147.397 
           1135         176.775 
           1145          196.68 
           1155         196.458 
           1165          188.07 
           1175         159.219 
           1185         302.355 
           1195          158.78 
           1205         100.441 
           1215         47.1708 
           1225         118.789 
           1235         270.217 
           1245         164.064 
           1255         278.464 
           1265         446.997 
           1275         669.996 
           1285         1151.09 
           1295         1479.31 
           1305            1736 
           1315         2125.36 
           1325         2520.29 
           1335         2965.89 
           1345         3526.51 
           1355         4042.19 
           1365         4750.71 
           1375         5435.46 
           1385         6148.14 
           1395         7003.67 
           1405         7822.09 
           1415         9044.63 
           1425         9914.21 
           1435         10996.4 
           1442         12333.5 
           1447         12535.9 
           1455         13963.9 
           1465         14892.1 
           1475         16622.1 
           1485           18252 
           1495         20402.2 
           1505         22601.9 
           1512         24154.6 
           1517         24131.6 
           1525         25916.9 
           1535         28080.9 
           1545         29970.7 
           1555         31608.8 
           1565         31952.1 
           1575         35502.4 
           1585           38025 
           1595         41047.4 
           1605           43594 
           1615         48779.9 
           1625         55414.6 
           1635         70246.4 
           1645          137572 
           1655          257519 
           1665          818953 
           1672      1.06874e+6 
           1677      1.63681e+6 
           1685      2.28793e+6 
           1695      2.90851e+6 
           1705      3.67564e+6 
           1715      4.53667e+6 
           1725      4.91937e+6 
           1735      5.60446e+6 
           1745      5.68009e+6 
           1755      6.24448e+6 
           1765      5.69504e+6 
           1775      6.42525e+6 
           1785      6.64243e+6 
           1795      7.18025e+6 
           1805      6.88075e+6 
           1815      7.11014e+6 
           1825      6.83517e+6 
           1835      7.34959e+6 
           1845      6.86884e+6 
           1855      7.34491e+6 
           1865      7.71801e+6 
           1875      7.77671e+6 
           1885      7.94421e+6 
           1895      8.18056e+6 
           1905      7.91593e+6 
           1915      8.45036e+6 
           1925      8.80178e+6 
           1935      8.47952e+6 
           1945      9.08745e+6 
           1955      9.12848e+6 
           1967      9.49114e+6 
           1976      9.21799e+6 
           1984      9.26975e+6 
           1995      9.42083e+6 
           2005      9.23478e+6 
           2015      9.38895e+6 
           2025      9.00255e+6 
           2035       9.8139e+6 
           2045      1.00695e+7 
           2055      9.86824e+6 
           2065       9.9381e+6 
           2074       1.0522e+7 
           2078      1.05226e+7 
           2085      1.04503e+7 
           2095      1.03585e+7 
           2105      1.03113e+7 
           2115      1.05307e+7 
           2125      1.06195e+7 
           2135      1.00624e+7 
           2145      1.07442e+7 
           2155      1.06245e+7 
           2165      1.03449e+7 
           2175      1.04809e+7 
           2185      1.07955e+7 
           2195      1.12791e+7 
           2205      1.10376e+7 
           2215      1.05381e+7 
           2225      1.09245e+7 
           2235      1.16883e+7 
           2245      1.12428e+7 
           2255      1.08506e+7 
           2265      1.05832e+7 
           2275      1.12743e+7 
           2285      1.14414e+7 
           2295      1.10172e+7 
           2305      1.13465e+7 
           2315      1.14286e+7 
           2325      1.14393e+7 
           2335       1.1432e+7 
           2345      1.06236e+7 
           2355      1.17488e+7 
           2365      1.10226e+7 
           2375      1.15638e+7 
           2385      1.04676e+7 
           2395      1.13879e+7 
           2405      1.13083e+7 
           2415      1.13809e+7 
           2425      1.19842e+7 
           2435      1.16801e+7 
           2445       1.1949e+7 
           2455      1.18956e+7 
           2465      1.17851e+7 
           2475       1.1508e+7 
           2485      1.16919e+7 
           2495      1.15512e+7 
           2505      1.23573e+7 
           2513      1.16673e+7 
           2518      1.14659e+7 
           2525      1.10686e+7 
           2535       1.0972e+7 
           2545      1.11052e+7 
           2555      1.18928e+7 
           2565      1.19909e+7 
           2575        1.249e+7 
           2585      1.26478e+7 
           2595      1.26635e+7 
           2605      1.23577e+7 
           2615       1.2254e+7 
           2625      1.25928e+7 
           2635      1.27122e+7 
           2645      1.36254e+7 
           2655      1.36315e+7 
           2665      1.30859e+7 
           2675      1.33579e+7 
           2685      1.36651e+7 
           2695      1.32693e+7 
           2705       1.3367e+7 
           2715      1.28951e+7 
           2725      1.29812e+7 
           2735      1.32597e+7 
           2745      1.23293e+7 
           2755      1.25988e+7 
           2765      1.31011e+7 
           2775      1.34711e+7 
           2785      1.32784e+7 
           2795      1.02399e+7 
           2805      1.14153e+7 
           2815      1.39549e+7 
           2825      1.38912e+7 
           2835      1.36668e+7 
           2845      1.35029e+7 
           2855      1.28571e+7 
           2865      1.34794e+7 
           2875      1.34669e+7 
           2885      1.37236e+7 
           2895       1.3873e+7 
           2910        1.423e+7 
           2930      1.39723e+7 
           2950      1.38592e+7 
           2970      1.39734e+7 
           2990      1.40307e+7 
           3010      1.40777e+7 
           3030      1.41567e+7 
           3050      1.41762e+7 
           3070      1.41188e+7 
           3090      1.42243e+7 
           3110      1.41923e+7 
           3130      1.42637e+7 
           3150      1.43535e+7 
           3170      1.43818e+7 
           3190      1.40724e+7 
           3210      1.42066e+7 
           3230      1.39763e+7 
           3250      1.42192e+7 
           3270      1.43971e+7 
           3290      1.45216e+7 
           3310      1.45488e+7 
           3330      1.43569e+7 
           3350      1.42192e+7 
           3370      1.42951e+7 
           3390      1.42511e+7 
           3410      1.44279e+7 
           3430      1.44513e+7 
           3450      1.43406e+7 
           3470       1.4325e+7 
           3490      1.43806e+7 
           3510      1.44462e+7 
           3530      1.44625e+7 
           3550      1.45275e+7 
           3570      1.43152e+7 
           3590      1.43076e+7 
           3610      1.43267e+7 
           3630      1.43705e+7 
           3640      1.43662e+7 
           3650      1.44734e+7 
           3670       1.4443e+7 
           3690      1.38636e+7 
           3710      1.51353e+7 
           3730      1.59601e+7 
           3750      1.96135e+7 
           3770      2.03885e+7 
           3790      2.30804e+7 
           3810      2.56681e+7 
           3830      2.15373e+7 
           3850       2.7279e+7 
           3870      2.89447e+7 
           3890      2.05046e+7 
           3910      2.88385e+7 
           3930      2.84287e+7 
           3950      2.89914e+7 
           3970      1.98587e+7 
           3990      2.83776e+7 
           4010      2.97633e+7 
           4030      2.97423e+7 
           4050      2.95182e+7 
           4070      2.87035e+7 
           4090      2.54732e+7 
           4110       2.1106e+7 
           4130      2.81781e+7 
           4150      2.86225e+7 
           4170      2.85847e+7 
           4190      2.83854e+7 
           4210      2.81461e+7 
           4230      2.78301e+7 
           4250      2.77753e+7 
           4270      2.75136e+7 
           4290      2.72761e+7 
           4310      2.64577e+7 
           4330      2.29226e+7 
           4350      2.03292e+7 
           4370      2.61347e+7 
           4390      2.63271e+7 
           4410      2.62826e+7 
           4430      2.62954e+7 
           4450      2.60957e+7 
           4470      2.59607e+7 
           4490      2.58085e+7 
           4510      2.56541e+7 
           4530        2.543e+7 
           4550      2.52214e+7 
           4570      2.51365e+7 
           4590      2.49805e+7 
           4610      2.48617e+7 
           4630      2.46755e+7 
           4650      2.45281e+7 
           4670      2.43738e+7 
           4690      2.42006e+7 
           4710      2.39819e+7 
           4730      2.38839e+7 
           4750      2.37266e+7 
           4770      2.35248e+7 
           4790      2.33222e+7 
           4810        2.307e+7 
           4830      2.25548e+7 
           4850      1.99283e+7 
           4870      1.70726e+7 
           4890      2.18613e+7 
           4910      2.22618e+7 
           4930      2.21544e+7 
           4950      2.21095e+7 
           4970      2.20371e+7 
           4990      2.18729e+7 
           5010      2.16791e+7 
           5030      2.15934e+7 
           5050       2.1439e+7 
           5070      2.13127e+7 
           5090      2.11673e+7 
           5110      2.10279e+7 
           5130      2.08786e+7 
           5150      2.07281e+7 
           5170      2.03679e+7 
           5190      2.03021e+7 
           5210      2.02937e+7 
           5230      2.01374e+7 
           5250      2.00676e+7 
           5270      1.98478e+7 
           5290      1.97963e+7 
           5310      1.96594e+7 
           5330      1.94843e+7 
           5350      1.94047e+7 
           5370      1.92592e+7 
           5390      1.91347e+7 
           5410      1.89909e+7 
           5430      1.88755e+7 
           5450      1.87512e+7 
           5470      1.86407e+7 
           5490      1.85202e+7 
           5510      1.83996e+7 
           5530      1.82705e+7 
           5550       1.8161e+7 
           5570      1.80333e+7 
           5590      1.79009e+7 
           5610      1.77926e+7 
           5630      1.76866e+7 
           5650      1.75699e+7 
           5670      1.74508e+7 
           5690        1.734e+7 
           5710      1.72234e+7 
           5730      1.71148e+7 
           5750      1.70005e+7 
           5770      1.68897e+7 
           5790      1.67799e+7 
           5810      1.66702e+7 
           5830      1.65616e+7 
           5850      1.64507e+7 
           5870      1.63443e+7 
           5890      1.61716e+7 
           5910      1.61324e+7 
           5930       1.6027e+7 
           5950      1.59226e+7 
           5970      1.58193e+7 
           5990      1.57159e+7 
           6010      1.56136e+7 
           6030      1.55112e+7 
           6050      1.54119e+7 
           6070      1.53126e+7 
           6090      1.52142e+7 
           6110      1.51137e+7 
           6130      1.50083e+7 
           6150      1.49138e+7 
           6170      1.48084e+7 
           6190      1.47286e+7 
           6210      1.46348e+7 
           6230      1.45381e+7 
           6250      1.44394e+7 
           6270      1.43541e+7 
           6290       1.4263e+7 
           6310      1.41699e+7 
           6330      1.40796e+7 
           6350      1.39882e+7 
           6370      1.38996e+7 
           6390      1.38127e+7 
           6410      1.37211e+7 
           6430      1.36359e+7 
           6450      1.35379e+7 
           6470      1.34417e+7 
           6490      1.33259e+7 
           6510      1.32042e+7 
           6530      1.29759e+7 
           6550       1.2045e+7 
           6570      1.01608e+7 
           6590      1.25455e+7 
           6610      1.27542e+7 
           6630      1.27434e+7 
           6650      1.26881e+7 
           6670      1.26359e+7 
           6690      1.25596e+7 
           6710      1.24798e+7 
           6730      1.24024e+7 
           6750      1.23232e+7 
           6770      1.22472e+7 
           6790      1.21711e+7 
           6810      1.20949e+7 
           6830      1.20193e+7 
           6850      1.19436e+7 
           6870      1.18702e+7 
           6890      1.17966e+7 
           6910      1.17229e+7 
           6930      1.16506e+7 
           6950      1.15782e+7 
           6970      1.15072e+7 
           6990       1.1436e+7 
           7010       1.1364e+7 
           7030      1.12948e+7 
           7050      1.12255e+7 
           7070      1.11568e+7 
           7090       1.1088e+7 
           7110       1.1019e+7 
           7130      1.09521e+7 
           7150      1.08842e+7 
           7170      1.08177e+7 
           7190      1.07518e+7 
           7210      1.06857e+7 
           7230      1.06216e+7 
           7250      1.05567e+7 
           7270       1.0493e+7 
           7290      1.04277e+7 
           7310       1.0365e+7 
           7330      1.03015e+7 
           7350      1.02407e+7 
           7370      1.01782e+7 
           7390      1.01163e+7 
           7410      1.00529e+7 
           7430      9.99336e+6 
           7450      9.93435e+6 
           7470      9.87447e+6 
           7490      9.81442e+6 
           7510      9.75554e+6 
           7530       9.6978e+6 
           7550      9.63988e+6 
           7570      9.58178e+6 
           7590      9.52481e+6 
           7610      9.46766e+6 
           7630      9.41097e+6 
           7650      9.35475e+6 
           7670      9.29834e+6 
           7690      9.24303e+6 
           7710      9.18817e+6 
           7730      9.13438e+6 
           7750      9.07977e+6 
           7770      9.01187e+6 
           7790       8.9731e+6 
           7810      8.91979e+6 
           7830      8.86691e+6 
           7850      8.81445e+6 
           7870      8.76241e+6 
           7890      8.71078e+6 
           7910      8.66076e+6 
           7930      8.60755e+6 
           7950      8.55774e+6 
           7970      8.50891e+6 
           7990       8.4587e+6 
           8010      8.40946e+6 
           8030      8.36061e+6 
           8050      8.31156e+6 
           8070      8.26347e+6 
           8090      8.21518e+6 
           8110      8.16784e+6 
           8130       8.1203e+6 
           8150      8.07312e+6 
           8170       8.0263e+6 
           8190      7.97648e+6 
           8210      7.93711e+6 
           8230      7.89135e+6 
           8250       7.8476e+6 
           8270      7.80693e+6 
           8290      7.76382e+6 
           8310      7.71886e+6 
           8330      7.66935e+6 
           8350      7.62942e+6 
           8370       7.5774e+6 
           8390      7.52901e+6 
           8410      7.47886e+6 
           8430      7.44607e+6 
           8450      7.40189e+6 
           8470      7.28926e+6 
           8490      7.36106e+6 
           8510      7.10645e+6 
           8530      7.30979e+6 
           8550       6.8783e+6 
           8570      7.27659e+6 
           8590      7.03291e+6 
           8610      6.89254e+6 
           8630      7.21521e+6 
           8650      7.09378e+6 
           8670      6.40805e+6 
           8690      7.08998e+6 
           8710      7.12698e+6 
           8730      7.01676e+6 
           8750      6.23187e+6 
           8770      6.85102e+6 
           8790      6.99736e+6 
           8810      6.97436e+6 
           8830      6.91284e+6 
           8850        6.632e+6 
           8870      6.00741e+6 
           8890      6.73357e+6 
           8910      6.79543e+6 
           8930      6.78015e+6 
           8950      6.74847e+6 
           8970      6.69172e+6 
           8990      6.57062e+6 
           9010      5.83563e+6 
           9030      6.20067e+6 
           9050      6.50034e+6 
           9070      6.51475e+6 
           9090      6.48566e+6 
           9110      6.47038e+6 
           9130      6.44025e+6 
           9150      6.40223e+6 
           9170      6.35686e+6 
           9190      6.28952e+6 
           9210       6.1139e+6 
           9230      5.34585e+6 
           9250      5.99905e+6 
           9270      6.14285e+6 
           9290      6.15266e+6 
           9310      6.13365e+6 
           9330      6.11344e+6 
           9350      6.08128e+6 
           9370      6.04891e+6 
           9390      6.01676e+6 
           9410      5.96909e+6 
           9430        5.951e+6 
           9450      5.91866e+6 
           9470      5.87521e+6 
           9490      5.83081e+6 
           9510       5.7609e+6 
           9530      5.56627e+6 
           9550      4.89652e+6 
           9570       5.5515e+6 
           9590      5.64962e+6 
           9610      5.65061e+6 
           9630      5.63244e+6 
           9650      5.61519e+6 
           9670      5.58191e+6 
           9690      5.55689e+6 
           9710      5.52883e+6 
           9730      5.50015e+6 
           9750      5.47087e+6 
           9770      5.44297e+6 
           9790      5.41486e+6 
           9810      5.38654e+6 
           9830       5.3588e+6 
           9850      5.33046e+6 
           9870      5.30307e+6 
           9890      5.27433e+6 
           9910      5.24846e+6 
           9930      5.22123e+6 
           9950      5.19417e+6 
           9970      5.15516e+6 
           9990      5.11755e+6 
          10025      4.89783e+6 
          10075      4.71609e+6 
          10125      4.94855e+6 
          10175      4.90368e+6 
          10225      4.84286e+6 
          10275      4.78229e+6 
          10325       4.7223e+6 
          10375      4.66359e+6 
          10425      4.60614e+6 
          10475      4.54579e+6 
          10525      4.49284e+6 
          10575      4.43732e+6 
          10625      4.38197e+6 
          10675      4.31821e+6 
          10725      4.27378e+6 
          10775      4.22285e+6 
          10825      4.16528e+6 
          10875      4.09362e+6 
          10925      3.71914e+6 
          10975      3.91052e+6 
          11025      3.96191e+6 
          11075       3.9296e+6 
          11125       3.8831e+6 
          11175      3.83696e+6 
          11225      3.79209e+6 
          11275      3.74638e+6 
          11325      3.70251e+6 
          11375      3.66013e+6 
          11425      3.61691e+6 
          11475      3.57573e+6 
          11525      3.53428e+6 
          11575      3.49341e+6 
          11625      3.45227e+6 
          11675      3.41198e+6 
          11725      3.37445e+6 
          11775      3.33227e+6 
          11825      3.29391e+6 
          11875      3.25928e+6 
          11925       3.2238e+6 
          11975      3.18169e+6 
          12025       3.1506e+6 
          12075      3.11397e+6 
          12125      3.08091e+6 
          12175      3.04701e+6 
          12225      3.01307e+6 
          12275      2.97932e+6 
          12325      2.94676e+6 
          12375      2.91414e+6 
          12425       2.8822e+6 
          12475      2.85067e+6 
          12525      2.81931e+6 
          12575      2.78859e+6 
          12625      2.75828e+6 
          12675      2.72694e+6 
          12725      2.68741e+6 
          12775      2.61424e+6 
          12825      2.33898e+6 
          12875      2.57106e+6 
          12925      2.57534e+6 
          12975      2.55665e+6 
          13025      2.53062e+6 
          13075      2.50381e+6 
          13125      2.47711e+6 
          13175      2.45075e+6 
          13225      2.42536e+6 
          13275      2.39986e+6 
          13325      2.37467e+6 
          13375         2.35e+6 
          13425      2.32542e+6 
          13475      2.30135e+6 
          13525      2.27736e+6 
          13575      2.25366e+6 
          13625      2.23066e+6 
          13675      2.20753e+6 
          13725      2.18447e+6 
          13775      2.16229e+6 
          13825      2.13998e+6 
          13875      2.11852e+6 
          13925      2.09672e+6 
          13975      2.07538e+6 
          14025      2.05429e+6 
          14075      2.03344e+6 
          14125      2.01284e+6 
          14175      1.99248e+6 
          14225      1.97217e+6 
          14275      1.95228e+6 
          14325       1.9328e+6 
          14375      1.91336e+6 
          14425      1.89269e+6 
          14475      1.87515e+6 
          14525      1.85547e+6 
          14570      1.83959e+6 
          14620      1.82192e+6 
          14675      1.80252e+6 
          14725      1.78491e+6 
          14775      1.76733e+6 
          14825      1.75011e+6 
          14875      1.73019e+6 
          14925      1.71625e+6 
          14975      1.69927e+6 
          15025      1.67846e+6 
          15075      1.66486e+6 
          15125      1.64844e+6 
          15175       1.6318e+6 
          15225      1.61719e+6 
          15275      1.59677e+6 
          15325      1.57985e+6 
          15375      1.56927e+6 
          15425       1.5414e+6 
          15475      1.53846e+6 
          15525      1.52323e+6 
          15575      1.48315e+6 
          15625      1.50398e+6 
          15675      1.46719e+6 
          15725      1.42867e+6 
          15775      1.46322e+6 
          15825      1.44694e+6 
          15875      1.34635e+6 
          15925      1.40477e+6 
          15975      1.41464e+6 
          16050      1.37746e+6 
          16150      1.30154e+6 
          16250        1.347e+6 
          16350      1.29034e+6 
          16450      1.21268e+6 
          16550      1.26728e+6 
          16650       1.2415e+6 
          16750      1.18053e+6 
          16850      1.10734e+6 
          16950      1.16325e+6 
          17050      1.14362e+6 
          17150      1.11874e+6 
          17250      1.08841e+6 
          17350          978222 
          17450      1.03461e+6 
          17550      1.02821e+6 
          17650      1.00867e+6 
          17750          988294 
          17850          968254 
          17950          948411 
          18050          924414 
          18150          836548 
          18250          872728 
          18350          872976 
          18450          858027 
          18550          840021 
          18650          817368 
          18750          736029 
          18850          783914 
          18950          776533 
          19050          763129 
          19150          748595 
          19250          733538 
          19350          713429 
          19450          646381 
          19550          686901 
          19650          680298 
          19750          668221 
          19850          656017 
          19950          643967 
          20050          632236 
          20150          620753 
          20250          609501 
          20350          598468 
          20450          587792 
          20550          577294 
          20650          566973 
          20750          556980 
          20850          547170 
          20950          537538 
          21050          528175 
          21150          518973 
          21250          509970 
          21350          501171 
          21450          492177 
          21550          480522 
          21650          438591 
          21750          462113 
          21850          459258 
          21950          452253 
          22050          444650 
          22150          437250 
          22250          430018 
          22350          422906 
          22450          415948 
          22550          409059 
          22650          402437 
          22750          395893 
          22850          389535 
          22950          383294 
          23050          377189 
          23150          371181 
          23250          365298 
          23350          359530 
          23450          353873 
          23550          348320 
          23650          342875 
          23750          337516 
          23850          332255 
          23950          327108 
          24050          322016 
          24150          316978 
          24250          312300 
          24350          307313 
          24450          302479 
          24550          298244 
          24650          293362 
          24750          288973 
          24850          285291 
          24950          279063 
          25050          276984 
          25150          272951 
          25250          265753 
          25350          264792 
          25450          261459 
          25550          257050 
          25650          248791 
          25750          249896 
          25850          246760 
          25950          243133 
          26050          237995 
          26150          228471 
          26250          216914 
          26350          227528 
          26450          226333 
          26550          223338 
          26650          219289 
          26750          207886 
          26850          213212 
          26950          211524 
          27050          208768 
          27150          205889 
          27250          203051 
          27350          200250 
          27450          196714 
          27550          185803 
          27650          188955 
          27750          189210 
          27850          187014 
          27950          184501 
          28050          182025 
          28150          179593 
          28250          177200 
          28350          174846 
          28450          172525 
          28550          169997 
          28650          165957 
          28750          156833 
          28850          162823 
          28950          161502 
          29050          159419 
          29150          157356 
          29250          155331 
          29350          153334 
          29450          151369 
          29550          149440 
          29650          147538 
          29750          145663 
          29850          143822 
          29950          142010 
          30050          140224 
          30150          138466 
          30250          136293 
          30350          129065 
          30450          130197 
          30550          131429 
          30650          130072 
          30750          128482 
          30850          126902 
          30950          125352 
          31050          123823 
          31150          122303 
          31250          120839 
          31350          119379 
          31450          117940 
          31550          116519 
          31650          115130 
          31750          113756 
          31850          112404 
          31950          111070 
          32100          109106 
          32300          106556 
          32500          104079 
          32700          101633 
          32900         96036.6 
          33100         96371.8 
          33300         94738.7 
          33500         92637.3 
          33700         90562.5 
          33900         88546.4 
          34100         86587.4 
          34300         84680.8 
          34500         82828.2 
          34700         81022.1 
          34900           79261 
          35100           77553 
          35300         75887.7 
          35500         74260.8 
          35700         72671.4 
          35900         71171.1 
          36100         69627.3 
          36300         68227.5 
          36500         66729.7 
          36700         65439.4 
          36900         63948.9 
          37100         62752.2 
          37300         60740.7 
          37500         58902.4 
          37700         59058.4 
          37900         57969.9 
          38100         56540.2 
          38300         55476.1 
          38500         54578.4 
          38700         53500.1 
          38900         52398.7 
          39100           50940 
          39300         50422.8 
          39500         49457.1 
          39700         48505.9 
          39900           47576 
          40100         46402.1 
          40300         45325.6 
          40500         43790.4 
          40700         44029.7 
          40900         43257.9 
          41100         42452.1 
          41300         41666.4 
          41500         40872.1 
          41700           39415 
          41900         39376.5 
          42100         38697.2 
          42300         37999.5 
          42500         37315.2 
          42700         36646.2 
          42900         35992.2 
          43100         35352.7 
          43300         34727.4 
          43500         34114.2 
          43700         32883.4 
          43900         32805.3 
          44100         32359.3 
          44300           31799 
          44500         31251.3 
          44700         30747.9 
          44900         30222.3 
          45100         29708.5 
          45300         29204.4 
          45500         28711.7 
          45700           28230 
          45900         27757.5 
          46100         27293.8 
          46300         26808.9 
          46500           25699 
          46700         25325.6 
          46900           25468 
          47100         25121.4 
          47300         24712.4 
          47500         24312.7 
          47700         23920.5 
          47900         23537.3 
          48100         23159.6 
          48300         22790.5 
          48500           22430 
          48700         22074.6 
          48900         21727.4 
          49100         21386.7 
          49300         21052.3 
          49500         20725.7 
          49700         20403.7 
          49900         20089.1 
          50100         19780.5 
          50300         19477.6 
          50500         19180.3 
          50700         18888.6 
          50900         18590.7 
          51100         18293.9 
          51300         17629.1 
          51500         17763.7 
          51700           17494 
          51900         17250.4 
          52100         16996.1 
          52300         16745.1 
          52500         16496.1 
          52700         16234.2 
          52900         16020.1 
          53100         15787.4 
          53300         15559.1 
          53500         15333.7 
          53700         15091.7 
          53900         14877.5 
          54100         14685.3 
          54300         14476.4 
          54500         14270.1 
          54700           14069 
          54900         13871.7 
          55100         13668.2 
          55300         13432.8 
          55500         13298.2 
          55700           13113 
          55900         12931.3 
          56100         12754.3 
          56300         12578.3 
          56500         12406.8 
          56700         12237.4 
          56900         12071.2 
          57100         11828.5 
          57300         11743.8 
          57500         11588.2 
          57700         11433.3 
          57900         11280.3 
          58100         11130.3 
          58300         10982.5 
          58500         10841.9 
          58700         10698.9 
          58900         10542.7 
          59100         10191.4 
          59300         10276.9 
          59500         10056.5 
          59700         9992.06 
          59900          9888.8 
          60100         9761.35 
          60300         9635.99 
          60500         9512.59 
          60700         9391.11 
          60900         9271.63 
          61100         9153.92 
          61300         9038.24 
          61500         8924.37 
          61700         8812.28 
          61900         8701.84 
          62100         8593.23 
          62300         8486.21 
          62500         8380.97 
          62700         8273.83 
          62900         8063.14 
          63100         8065.75 
          63300         7975.75 
          63500         7878.41 
          63700         7782.41 
          63900         7687.91 
          64200         7548.87 
          64600         7368.28 
          65000         7193.08 
          65400         7023.09 
          65800            6858 
          66200         6697.84 
          66600         6542.29 
          67000         6391.22 
          67400         6243.19 
          67800         6051.24 
          68200         5963.45 
          68600         5828.95 
          69000         5698.18 
          69400         5570.97 
          69800         5447.45 
          70200         5327.22 
          70600         5210.34 
          71000          5096.5 
          71400         4986.05 
          71800          4878.4 
          72200         4773.69 
          72600         4669.84 
          73000         4572.43 
          73400         4475.88 
          73800         4381.84 
          74200         4290.18 
          74600         4155.21 
          75000         4042.76 
          75400         4027.68 
          75800         3946.99 
          76200          3866.6 
          76600         3788.25 
          77000         3711.82 
          77400          3637.4 
          77800         3558.58 
          78200         3493.99 
          78600         3424.92 
          79000         3357.61 
          79400         3291.89 
          79800          3227.8 
          80200         3165.22 
          80600         3104.19 
          81000         3044.61 
          81400            2979 
          81800         2928.37 
          82200          2874.3 
          82600         2820.19 
          83000         2767.31 
          83400          2715.7 
          83800         2665.27 
          84200         2616.04 
          84600         2567.93 
          85000         2520.88 
          85400         2474.95 
          85800         2430.03 
          86200         2386.13 
          86600         2332.64 
          87000         2301.29 
          87400         2250.29 
          87800         2210.23 
          88200         2180.98 
          88600         2142.62 
          89000         2105.14 
          89400         2068.43 
          89800         2032.57 
          90200         1997.41 
          90600         1963.06 
          91000         1929.46 
          91400         1896.51 
          91800         1864.33 
          92200         1832.81 
          92600         1801.89 
          93000          1771.7 
          93400         1742.14 
          93800          1703.5 
          94200         1683.93 
          94600         1657.01 
          95000         1629.77 
          95400         1603.09 
          95800         1577.01 
          96200         1551.42 
          96600         1526.37 
          97000         1501.79 
          97400         1477.73 
          97800         1454.13 
          98200         1431.01 
          98600          1408.3 
          99000         1386.15 
          99400         1364.34 
          99800         1342.98 
         100200         1322.07 
         200000         86.4293 
         400000         5.49601 
         600000         1.08896 
         800000        0.344443 
         1.0e+6         0.14087 
         1.2e+6       0.0678034 
         1.4e+6       0.0365255 
         1.6e+6       0.0213662 
