# Kurucz ODFNEW /NOVER (2003)
# teff = 34000 K (value for the effective temperature for the model. Temperatures are given in K)
# logg = 5 log(cm/s2) (value for Log(G) for the model.)
# meta = -2  (value for the Metallicity for the model.)
# lh = 1.25  (l/Hp where l is the  mixing length of the convective element and Hp is the pressure scale height)
# vtur = 2 km/s (Microturbulence velocity)
# alpha = 0  (Alpha)
#
# column 1: WAVELENGTH (ANGSTROM), Wavelength in Angstrom
# column 2: FLUX (ERG/CM2/S/A), Flux in erg/cm2/s/A
          147.2     0.000323651 
            151      0.00086102 
          155.2      0.00240501 
          158.8      0.00556173 
            162       0.0113686 
            166       0.0267426 
          170.3       0.0641654 
          173.4        0.117415 
          176.8        0.222314 
          180.2        0.410907 
          181.7        0.534874 
          186.1         1.13106 
            191         2.49948 
          193.9         3.92048 
          198.4          7.6745 
          201.8         12.4916 
            205         19.4626 
          210.5         40.3721 
          216.2         82.5634 
          219.8         127.198 
            223         184.475 
          226.8         282.725 
            230         16247.8 
            234          119419 
            240          398967 
          246.5      1.08923e+6 
          252.4      1.85267e+6 
          256.8      1.31917e+6 
            260      3.21067e+6 
            264      4.41901e+6 
          268.5       5.8935e+6 
          273.5      7.14253e+6 
          278.5      7.83357e+6 
            284         1.05e+7 
            290      1.19156e+7 
            296      1.18652e+7 
            301      8.89754e+6 
            308      1.21544e+7 
            318      2.45025e+7 
            328      3.15299e+7 
            338      4.18826e+7 
            348      5.46753e+7 
            357      6.65881e+7 
            366       8.4536e+7 
            375      1.01924e+8 
            385      1.29749e+8 
            395      1.60439e+8 
            405      1.95479e+8 
            414      2.33868e+8 
            422      2.68558e+8 
            430      3.07557e+8 
            441      3.71226e+8 
            451      4.35126e+8 
            460      4.94288e+8 
            470      5.77134e+8 
            480      6.61386e+8 
            490      7.47057e+8 
            500      8.55869e+8 
            506      3.35477e+9 
            512     1.17295e+10 
            520     1.14827e+10 
            530     1.18563e+10 
            540     1.06594e+10 
            550     1.15467e+10 
            560     1.20347e+10 
            570     1.21112e+10 
            580     1.13724e+10 
            590     1.19415e+10 
            600     1.17404e+10 
            610     1.17717e+10 
            620     1.21359e+10 
            630     1.21789e+10 
            640     1.20294e+10 
            650     1.21507e+10 
            658     1.20459e+10 
            665     1.21225e+10 
            675     1.22149e+10 
            685     1.18585e+10 
            695     1.23994e+10 
            705     1.21131e+10 
            716     1.24985e+10 
            726     1.25196e+10 
            735     1.26933e+10 
            745     1.26487e+10 
            755     1.26734e+10 
            765     1.26829e+10 
            775     1.27735e+10 
            785     1.29472e+10 
            795     1.29353e+10 
            805     1.29478e+10 
            815     1.29973e+10 
            825     1.31203e+10 
            835     1.26528e+10 
            845     1.31613e+10 
            855      1.3183e+10 
            865      1.3249e+10 
            875     1.32742e+10 
            885     1.33005e+10 
            895     1.33248e+10 
            905     1.32633e+10 
            915      1.3294e+10 
            925     3.40755e+10 
            935     5.54563e+10 
            945     9.28002e+10 
            955     1.06419e+11 
            965     1.34514e+11 
            975     7.94693e+10 
            985      1.3516e+11 
            995     1.23066e+11 
           1005     1.30808e+11 
           1015     1.24795e+11 
           1025     7.15288e+10 
           1035     1.16276e+11 
           1045     1.20927e+11 
           1055     1.18229e+11 
           1065     1.12409e+11 
           1075      1.1034e+11 
           1085     1.00645e+11 
           1095     1.06481e+11 
           1105     1.02502e+11 
           1115     1.00029e+11 
           1125     9.51628e+10 
           1135     9.60638e+10 
           1145     9.32265e+10 
           1155     9.07099e+10 
           1165     8.86708e+10 
           1175     7.84088e+10 
           1185     8.34413e+10 
           1195     8.13832e+10 
           1205     7.65225e+10 
           1215     4.64052e+10 
           1225     7.31053e+10 
           1235     7.44258e+10 
           1245     7.22482e+10 
           1255     7.16133e+10 
           1265     7.01348e+10 
           1275     6.85662e+10 
           1285     6.70309e+10 
           1295     6.42497e+10 
           1305     6.32755e+10 
           1315      6.2552e+10 
           1325     6.09162e+10 
           1335     5.89543e+10 
           1345     5.83954e+10 
           1355     5.71016e+10 
           1365     5.57666e+10 
           1375      5.4516e+10 
           1385     5.33271e+10 
           1395     5.09527e+10 
           1405     4.99799e+10 
           1415     4.98649e+10 
           1425     4.84904e+10 
           1435     4.77639e+10 
           1442     4.71074e+10 
           1447     4.65809e+10 
           1455     4.57337e+10 
           1465     4.48114e+10 
           1475     4.38335e+10 
           1485     4.30179e+10 
           1495     4.20601e+10 
           1505     4.11853e+10 
           1512     4.06417e+10 
           1517      4.0186e+10 
           1525      3.9435e+10 
           1535     3.81474e+10 
           1545     3.66388e+10 
           1555     3.60522e+10 
           1565     3.58868e+10 
           1575     3.54112e+10 
           1585     3.48638e+10 
           1595      3.4163e+10 
           1605      3.3098e+10 
           1615     3.23818e+10 
           1625     3.18076e+10 
           1635     3.08278e+10 
           1645     2.91914e+10 
           1655     3.03073e+10 
           1665     2.97595e+10 
           1672     2.92009e+10 
           1677     2.92762e+10 
           1685     2.87733e+10 
           1695     2.82315e+10 
           1705     2.76538e+10 
           1715     2.69326e+10 
           1725     2.64579e+10 
           1735     2.62565e+10 
           1745     2.57374e+10 
           1755     2.52138e+10 
           1765     2.48055e+10 
           1775     2.43869e+10 
           1785     2.39654e+10 
           1795     2.35156e+10 
           1805     2.31216e+10 
           1815     2.26971e+10 
           1825     2.22839e+10 
           1835     2.19209e+10 
           1845     2.14792e+10 
           1855     2.10303e+10 
           1865     2.06895e+10 
           1875     2.03848e+10 
           1885     1.99909e+10 
           1895     1.96053e+10 
           1905     1.93647e+10 
           1915     1.89606e+10 
           1925     1.85608e+10 
           1935     1.83624e+10 
           1945     1.80994e+10 
           1955     1.77107e+10 
           1967      1.7432e+10 
           1976     1.71993e+10 
           1984     1.69393e+10 
           1995     1.65864e+10 
           2005      1.6382e+10 
           2015     1.61242e+10 
           2025     1.58662e+10 
           2035     1.55978e+10 
           2045     1.53447e+10 
           2055     1.32037e+10 
           2065     1.27952e+10 
           2074     1.27098e+10 
           2078      1.2688e+10 
           2085     1.28716e+10 
           2095     1.33567e+10 
           2105     1.38227e+10 
           2115      1.3742e+10 
           2125     1.35362e+10 
           2135     1.33155e+10 
           2145     1.31105e+10 
           2155     1.29591e+10 
           2165     1.26476e+10 
           2175     1.26144e+10 
           2185      1.2253e+10 
           2195     1.22284e+10 
           2205     1.20573e+10 
           2215     1.16738e+10 
           2225     1.16908e+10 
           2235     1.15178e+10 
           2245     1.13362e+10 
           2255     1.09773e+10 
           2265     1.10069e+10 
           2275     1.08441e+10 
           2285      1.0678e+10 
           2295     1.03942e+10 
           2305     1.01843e+10 
           2315     1.02104e+10 
           2325     1.00677e+10 
           2335      9.92087e+9 
           2345      9.77752e+9 
           2355      9.63624e+9 
           2365        9.497e+9 
           2375      9.35975e+9 
           2385      9.06486e+9 
           2395      9.08849e+9 
           2405      8.96617e+9 
           2415      8.83846e+9 
           2425      8.71447e+9 
           2435      8.59093e+9 
           2445      8.47165e+9 
           2455      8.35277e+9 
           2465       8.2374e+9 
           2475        8.123e+9 
           2485      8.01139e+9 
           2495      7.71369e+9 
           2505       7.7765e+9 
           2513      7.43476e+9 
           2518      7.63462e+9 
           2525      7.58171e+9 
           2535      7.47922e+9 
           2545      7.37635e+9 
           2555      7.27775e+9 
           2565      7.18161e+9 
           2575       7.0856e+9 
           2585      6.99142e+9 
           2595      6.89848e+9 
           2605      6.82896e+9 
           2615      6.73882e+9 
           2625      6.65039e+9 
           2635      6.56257e+9 
           2645      6.47427e+9 
           2655      6.38711e+9 
           2665      6.29684e+9 
           2675       6.2072e+9 
           2685      6.14799e+9 
           2695      6.04072e+9 
           2705      5.99151e+9 
           2715      5.91474e+9 
           2725      5.80546e+9 
           2735      5.68603e+9 
           2745      5.69267e+9 
           2755      5.62114e+9 
           2765      5.51305e+9 
           2775      5.48121e+9 
           2785      5.41229e+9 
           2795      5.33939e+9 
           2805      5.27793e+9 
           2815      5.21387e+9 
           2825      5.10952e+9 
           2835      5.06182e+9 
           2845      5.02397e+9 
           2855       4.9625e+9 
           2865      4.90221e+9 
           2875      4.84265e+9 
           2885      4.78424e+9 
           2895      4.72652e+9 
           2910      4.64144e+9 
           2930      4.53178e+9 
           2950      4.39608e+9 
           2970      4.32084e+9 
           2990      4.21983e+9 
           3010      4.12215e+9 
           3030      4.02708e+9 
           3050      3.93504e+9 
           3070      3.84592e+9 
           3090      3.75747e+9 
           3110      3.67409e+9 
           3130      3.59364e+9 
           3150      3.51348e+9 
           3170      3.43589e+9 
           3190      3.33389e+9 
           3210      3.26681e+9 
           3230      3.21402e+9 
           3250      3.14423e+9 
           3270      3.07851e+9 
           3290      3.00977e+9 
           3310      2.94903e+9 
           3330       2.8865e+9 
           3350      2.82179e+9 
           3370      2.76673e+9 
           3390      2.70937e+9 
           3410      2.65335e+9 
           3430      2.59063e+9 
           3450      2.53043e+9 
           3470       2.4846e+9 
           3490       2.4344e+9 
           3510      2.38683e+9 
           3530      2.34057e+9 
           3550      2.29407e+9 
           3570      2.26069e+9 
           3590      2.20052e+9 
           3610      2.16595e+9 
           3630      2.11521e+9 
           3640      2.10497e+9 
           3650       2.0453e+9 
           3670      2.01185e+9 
           3690      1.97505e+9 
           3710      1.91894e+9 
           3730       1.8737e+9 
           3750      1.83986e+9 
           3770      1.78371e+9 
           3790      1.80868e+9 
           3810      1.85228e+9 
           3830      1.66146e+9 
           3850      1.86302e+9 
           3870      1.88195e+9 
           3890      1.55346e+9 
           3910      1.83425e+9 
           3930      1.81836e+9 
           3950      1.77286e+9 
           3970      1.43687e+9 
           3990      1.69709e+9 
           4010      1.69211e+9 
           4030      1.59911e+9 
           4050      1.64771e+9 
           4070      1.61056e+9 
           4090      1.48124e+9 
           4110      1.32332e+9 
           4130      1.50986e+9 
           4150      1.49491e+9 
           4170       1.4808e+9 
           4190      1.45446e+9 
           4210      1.42661e+9 
           4230      1.40645e+9 
           4250      1.38167e+9 
           4270      1.35686e+9 
           4290      1.33187e+9 
           4310      1.30072e+9 
           4330      1.18214e+9 
           4350      1.09502e+9 
           4370      1.23187e+9 
           4390      1.19268e+9 
           4410      1.20275e+9 
           4430      1.18055e+9 
           4450      1.16357e+9 
           4470      1.09735e+9 
           4490      1.12435e+9 
           4510      1.10707e+9 
           4530       1.0885e+9 
           4550       1.0656e+9 
           4570      1.05364e+9 
           4590      1.03641e+9 
           4610      1.01976e+9 
           4630      1.00324e+9 
           4650      9.85011e+8 
           4670      9.71341e+8 
           4690      9.43138e+8 
           4710      9.31189e+8 
           4730      9.26193e+8 
           4750      9.11598e+8 
           4770      8.97412e+8 
           4790      8.83415e+8 
           4810      8.67812e+8 
           4830      8.49143e+8 
           4850      7.84786e+8 
           4870      7.14847e+8 
           4890      8.07148e+8 
           4910      8.01305e+8 
           4930      7.73953e+8 
           4950      7.80596e+8 
           4970      7.69019e+8 
           4990       7.5748e+8 
           5010      7.38432e+8 
           5030      7.35043e+8 
           5050      7.21049e+8 
           5070      7.13451e+8 
           5090      7.02941e+8 
           5110       6.9263e+8 
           5130      6.82516e+8 
           5150      6.72566e+8 
           5170      6.62806e+8 
           5190      6.53232e+8 
           5210      6.43827e+8 
           5230      6.34587e+8 
           5250      6.25511e+8 
           5270      6.16594e+8 
           5290      6.07848e+8 
           5310      5.99256e+8 
           5330      5.90802e+8 
           5350      5.82511e+8 
           5370      5.74352e+8 
           5390      5.66337e+8 
           5410      5.55786e+8 
           5430      5.50741e+8 
           5450      5.43142e+8 
           5470      5.35665e+8 
           5490      5.28319e+8 
           5510      5.21103e+8 
           5530      5.14015e+8 
           5550      5.07039e+8 
           5570      5.00174e+8 
           5590      4.93431e+8 
           5610      4.86807e+8 
           5630      4.80288e+8 
           5650      4.73884e+8 
           5670      4.67571e+8 
           5690      4.60717e+8 
           5710      4.52423e+8 
           5730      4.46528e+8 
           5750      4.40692e+8 
           5770      4.35006e+8 
           5790      4.29376e+8 
           5810      4.23847e+8 
           5830      4.18384e+8 
           5850      4.12996e+8 
           5870      3.96837e+8 
           5890      4.01802e+8 
           5910      3.97782e+8 
           5930       3.9294e+8 
           5950      3.88153e+8 
           5970      3.83474e+8 
           5990      3.78944e+8 
           6010      3.74882e+8 
           6030      3.70203e+8 
           6050      3.65578e+8 
           6070      3.61025e+8 
           6090      3.56535e+8 
           6110      3.52126e+8 
           6130      3.47777e+8 
           6150      3.43496e+8 
           6170      3.39284e+8 
           6190      3.35129e+8 
           6210      3.31039e+8 
           6230      3.27015e+8 
           6250      3.23054e+8 
           6270      3.19147e+8 
           6290      3.15302e+8 
           6310      3.11518e+8 
           6330      3.07785e+8 
           6350      3.04112e+8 
           6370      3.00497e+8 
           6390      2.96921e+8 
           6410      2.93411e+8 
           6430      2.89949e+8 
           6450      2.86533e+8 
           6470      2.83171e+8 
           6490      2.79854e+8 
           6510      2.76271e+8 
           6530      2.71736e+8 
           6550      2.59709e+8 
           6570      2.35246e+8 
           6590      2.61016e+8 
           6610      2.60292e+8 
           6630      2.57978e+8 
           6650      2.55126e+8 
           6670      2.49745e+8 
           6690      2.46848e+8 
           6710      2.46525e+8 
           6730       2.4374e+8 
           6750      2.40999e+8 
           6770      2.38287e+8 
           6790      2.35619e+8 
           6810      2.32986e+8 
           6830      2.30388e+8 
           6850      2.27832e+8 
           6870      2.25302e+8 
           6890      2.22798e+8 
           6910      2.20358e+8 
           6930      2.17943e+8 
           6950      2.15551e+8 
           6970      2.13199e+8 
           6990      2.10871e+8 
           7010      2.08581e+8 
           7030      2.06321e+8 
           7050      2.04091e+8 
           7070      1.99245e+8 
           7090      1.99718e+8 
           7110      1.97575e+8 
           7130      1.95468e+8 
           7150      1.93381e+8 
           7170      1.91249e+8 
           7190      1.89283e+8 
           7210      1.87292e+8 
           7230      1.85284e+8 
           7250      1.83367e+8 
           7270       1.8144e+8 
           7290      1.78327e+8 
           7310      1.77655e+8 
           7330      1.75818e+8 
           7350      1.73997e+8 
           7370      1.72194e+8 
           7390      1.70415e+8 
           7410      1.68659e+8 
           7430      1.66927e+8 
           7450      1.65224e+8 
           7470      1.63537e+8 
           7490      1.61866e+8 
           7510       1.6019e+8 
           7530      1.58596e+8 
           7550       1.5699e+8 
           7570      1.55406e+8 
           7590      1.53757e+8 
           7610      1.52293e+8 
           7630      1.50771e+8 
           7650      1.49263e+8 
           7670      1.47774e+8 
           7690      1.46306e+8 
           7710      1.44851e+8 
           7730      1.43415e+8 
           7750      1.41998e+8 
           7770      1.40601e+8 
           7790      1.39222e+8 
           7810      1.37811e+8 
           7830      1.36512e+8 
           7850      1.35267e+8 
           7870      1.33948e+8 
           7890      1.32641e+8 
           7910      1.31363e+8 
           7930      1.30096e+8 
           7950       1.2884e+8 
           7970      1.27554e+8 
           7990      1.26379e+8 
           8010      1.25167e+8 
           8030      1.23978e+8 
           8050      1.22793e+8 
           8070       1.2163e+8 
           8090      1.20327e+8 
           8110       1.1923e+8 
           8130      1.18165e+8 
           8150      1.16968e+8 
           8170      1.15956e+8 
           8190      1.14705e+8 
           8210      1.13269e+8 
           8230      1.12269e+8 
           8250      1.11326e+8 
           8270      1.10051e+8 
           8290      1.09301e+8 
           8310      1.08334e+8 
           8330      1.07287e+8 
           8350      1.06007e+8 
           8370      1.05259e+8 
           8390      1.04394e+8 
           8410       1.0345e+8 
           8430      1.02467e+8 
           8450      1.01101e+8 
           8470       1.0064e+8 
           8490      9.96021e+7 
           8510      9.88172e+7 
           8530      9.77382e+7 
           8550      9.68898e+7 
           8570      9.62689e+7 
           8590      9.42945e+7 
           8610      9.41263e+7 
           8630      9.39688e+7 
           8650      9.22206e+7 
           8670      9.04775e+7 
           8690      9.14534e+7 
           8710      9.11978e+7 
           8730      8.90948e+7 
           8750      8.56569e+7 
           8770      8.68977e+7 
           8790      8.82288e+7 
           8810      8.78481e+7 
           8830      8.66099e+7 
           8850      8.25392e+7 
           8870      7.95243e+7 
           8890      8.35428e+7 
           8910      8.42121e+7 
           8930      8.37975e+7 
           8950      8.32259e+7 
           8970      8.21997e+7 
           8990      7.97461e+7 
           9010      7.38283e+7 
           9030      7.54328e+7 
           9050      7.86462e+7 
           9070      7.82768e+7 
           9090      7.83659e+7 
           9110      7.79632e+7 
           9130      7.73418e+7 
           9150      7.66396e+7 
           9170      7.56963e+7 
           9190      7.46178e+7 
           9210      7.13007e+7 
           9230      6.54556e+7 
           9250      7.00205e+7 
           9270       7.2029e+7 
           9290      7.20597e+7 
           9310      7.14375e+7 
           9330      7.12268e+7 
           9350      7.04441e+7 
           9370      7.00922e+7 
           9390      6.95162e+7 
           9410      6.89445e+7 
           9430      6.83769e+7 
           9450      6.77714e+7 
           9470      6.67503e+7 
           9490      6.63312e+7 
           9510      6.47821e+7 
           9530      6.17561e+7 
           9550      5.68466e+7 
           9570      6.18498e+7 
           9590       6.3247e+7 
           9610      6.31145e+7 
           9630       6.2617e+7 
           9650      6.25115e+7 
           9670      6.20114e+7 
           9690      6.14748e+7 
           9710      6.08782e+7 
           9730      6.05367e+7 
           9750      6.00548e+7 
           9770      5.95802e+7 
           9790      5.91091e+7 
           9810      5.86413e+7 
           9830      5.81768e+7 
           9850      5.77194e+7 
           9870      5.72653e+7 
           9890      5.68144e+7 
           9910      5.63628e+7 
           9930      5.59297e+7 
           9950       5.5492e+7 
           9970      5.49209e+7 
           9990      5.43577e+7 
          10025      5.13923e+7 
          10075      4.98554e+7 
          10125      5.14222e+7 
          10175      5.08671e+7 
          10225       4.9888e+7 
          10275      4.89647e+7 
          10325      4.78697e+7 
          10375      4.71539e+7 
          10425      4.62763e+7 
          10475      4.54236e+7 
          10525      4.45883e+7 
          10575      4.37702e+7 
          10625      4.29721e+7 
          10675      4.21308e+7 
          10725       4.1431e+7 
          10775      4.06872e+7 
          10825      3.96178e+7 
          10875       3.9009e+7 
          10925      3.55943e+7 
          10975      3.67689e+7 
          11025      3.69475e+7 
          11075      3.65102e+7 
          11125      3.59149e+7 
          11175      3.52926e+7 
          11225      3.46679e+7 
          11275      3.40855e+7 
          11325      3.35032e+7 
          11375      3.29298e+7 
          11425      3.23709e+7 
          11475      3.18234e+7 
          11525      3.12869e+7 
          11575      3.07641e+7 
          11625      3.02269e+7 
          11675      2.97446e+7 
          11725      2.92531e+7 
          11775      2.87715e+7 
          11825       2.8297e+7 
          11875      2.78348e+7 
          11925       2.7382e+7 
          11975      2.66547e+7 
          12025      2.65012e+7 
          12075      2.60755e+7 
          12125      2.56559e+7 
          12175      2.52473e+7 
          12225      2.48459e+7 
          12275      2.44521e+7 
          12325      2.40664e+7 
          12375      2.36881e+7 
          12425      2.33172e+7 
          12475      2.29535e+7 
          12525      2.25571e+7 
          12575       2.2247e+7 
          12625      2.19041e+7 
          12675      2.15674e+7 
          12725      2.11952e+7 
          12775      2.04853e+7 
          12825      1.90105e+7 
          12875      2.00708e+7 
          12925      1.99494e+7 
          12975      1.95496e+7 
          13025      1.93849e+7 
          13075      1.90963e+7 
          13125      1.88127e+7 
          13175      1.85345e+7 
          13225      1.82613e+7 
          13275      1.79932e+7 
          13325        1.773e+7 
          13375      1.74716e+7 
          13425       1.7207e+7 
          13475      1.69688e+7 
          13525      1.67241e+7 
          13575      1.64838e+7 
          13625      1.62478e+7 
          13675      1.60162e+7 
          13725      1.57883e+7 
          13775      1.55649e+7 
          13825      1.53453e+7 
          13875      1.51294e+7 
          13925      1.49174e+7 
          13975       1.4709e+7 
          14025      1.45043e+7 
          14075      1.43031e+7 
          14125      1.41056e+7 
          14175      1.39112e+7 
          14225      1.37203e+7 
          14275      1.35326e+7 
          14325      1.33482e+7 
          14375      1.31667e+7 
          14425      1.29885e+7 
          14475      1.28132e+7 
          14525      1.26408e+7 
          14570      1.24883e+7 
          14620      1.23193e+7 
          14675      1.21397e+7 
          14725      1.19792e+7 
          14775      1.18175e+7 
          14825      1.16661e+7 
          14875      1.15134e+7 
          14925      1.13632e+7 
          14975      1.12153e+7 
          15025      1.10699e+7 
          15075      1.09091e+7 
          15125       1.0786e+7 
          15175      1.06473e+7 
          15225       1.0511e+7 
          15275      1.03763e+7 
          15325      1.02436e+7 
          15375      1.01136e+7 
          15425      9.98323e+6 
          15475      9.85873e+6 
          15525      9.73281e+6 
          15575      9.60597e+6 
          15625      9.49413e+6 
          15675      9.36344e+6 
          15725      9.24228e+6 
          15775      9.14655e+6 
          15825      9.02776e+6 
          15875      8.87591e+6 
          15925      8.79442e+6 
          15975       8.7117e+6 
          16050      8.52942e+6 
          16150      8.29123e+6 
          16250      8.15811e+6 
          16350      7.91107e+6 
          16450      7.67207e+6 
          16550      7.60384e+6 
          16650       7.4326e+6 
          16750      7.16929e+6 
          16850      6.93464e+6 
          16950      6.91902e+6 
          17050      6.73623e+6 
          17150      6.62038e+6 
          17250      6.44927e+6 
          17350      6.10519e+6 
          17450      6.13303e+6 
          17550      6.04475e+6 
          17650       5.9109e+6 
          17750      5.78051e+6 
          17850      5.65373e+6 
          17950      5.53047e+6 
          18050      5.39755e+6 
          18150      5.09968e+6 
          18250      5.11577e+6 
          18350      5.06744e+6 
          18450      4.96186e+6 
          18550      4.85606e+6 
          18650      4.70827e+6 
          18750      4.46048e+6 
          18850      4.54729e+6 
          18950      4.46449e+6 
          19050      4.35639e+6 
          19150      4.28194e+6 
          19250      4.19578e+6 
          19350      4.08773e+6 
          19450      3.84624e+6 
          19550      3.92074e+6 
          19650      3.86815e+6 
          19750      3.79142e+6 
          19850      3.71641e+6 
          19950      3.64337e+6 
          20050      3.57197e+6 
          20150      3.50246e+6 
          20250      3.43451e+6 
          20350      3.36827e+6 
          20450       3.3028e+6 
          20550      3.23639e+6 
          20650       3.1788e+6 
          20750      3.11866e+6 
          20850      3.05987e+6 
          20950      3.00249e+6 
          21050      2.94648e+6 
          21150       2.8834e+6 
          21250      2.83822e+6 
          21350      2.78599e+6 
          21450      2.73404e+6 
          21550      2.67189e+6 
          21650      2.51562e+6 
          21750      2.56731e+6 
          21850      2.54008e+6 
          21950       2.4965e+6 
          22050      2.45198e+6 
          22150      2.40847e+6 
          22250      2.36564e+6 
          22350      2.32423e+6 
          22450      2.28354e+6 
          22550       2.2437e+6 
          22650      2.20469e+6 
          22750      2.16657e+6 
          22850      2.12918e+6 
          22950      2.09271e+6 
          23050      2.05665e+6 
          23150      2.02205e+6 
          23250       1.9879e+6 
          23350      1.95439e+6 
          23450      1.92166e+6 
          23550      1.88955e+6 
          23650      1.85811e+6 
          23750      1.82734e+6 
          23850      1.79721e+6 
          23950      1.76772e+6 
          24050      1.73878e+6 
          24150       1.7104e+6 
          24250      1.68267e+6 
          24350      1.65548e+6 
          24450      1.62879e+6 
          24550      1.60267e+6 
          24650      1.57698e+6 
          24750      1.54981e+6 
          24850       1.5273e+6 
          24950       1.5028e+6 
          25050       1.4796e+6 
          25150      1.45636e+6 
          25250      1.43267e+6 
          25350      1.41113e+6 
          25450      1.39111e+6 
          25550      1.36749e+6 
          25650      1.34482e+6 
          25750      1.32599e+6 
          25850      1.30814e+6 
          25950      1.28638e+6 
          26050      1.26375e+6 
          26150      1.23538e+6 
          26250      1.17607e+6 
          26350      1.20183e+6 
          26450      1.19195e+6 
          26550      1.17454e+6 
          26650      1.15514e+6 
          26750      1.13235e+6 
          26850      1.12106e+6 
          26950      1.10918e+6 
          27050      1.09322e+6 
          27150      1.07731e+6 
          27250       1.0617e+6 
          27350      1.04635e+6 
          27450      1.02819e+6 
          27550      1.00317e+6 
          27650          993561 
          27750          986217 
          27850          973756 
          27950          960001 
          28050          946465 
          28150          933192 
          28250          920130 
          28350          907322 
          28450          894718 
          28550          880696 
          28650          862213 
          28750          840638 
          28850          842334 
          28950          834547 
          29050          823544 
          29150          812361 
          29250          801400 
          29350          790613 
          29450          779997 
          29550          769549 
          29650          759310 
          29750          749192 
          29850          739276 
          29950          729517 
          30050          719914 
          30150          710463 
          30250          698405 
          30350          676837 
          30450          672073 
          30550          672242 
          30650          665537 
          30750          656952 
          30850          648544 
          30950          640269 
          31050          632127 
          31150          624076 
          31250          616192 
          31350          608396 
          31450          600762 
          31550          593213 
          31650          585822 
          31750          578513 
          31850          571321 
          31950          564244 
          32100          553828 
          32300          540310 
          32500          527225 
          32700          514137 
          32900          491581 
          33100          486518 
          33300          478382 
          33500          467886 
          33700          456942 
          33900          446289 
          34100          435982 
          34300          425950 
          34500          416214 
          34700          406737 
          34900          397542 
          35100          388621 
          35300          379937 
          35500          371483 
          35700          363283 
          35900          355271 
          36100          347501 
          36300          339965 
          36500          332602 
          36700          325435 
          36900          318486 
          37100          311038 
          37300          300887 
          37500          293534 
          37700          292071 
          37900          286322 
          38100          280391 
          38300          274594 
          38500          268953 
          38700          263463 
          38900          258122 
          39100          252556 
          39300          247821 
          39500          242855 
          39700          238024 
          39900          233306 
          40100          228241 
          40300          223160 
          40500          214921 
          40700          215234 
          40900          211402 
          41100          207336 
          41300          203254 
          41500          199309 
          41700          194644 
          41900          191778 
          42100          188400 
          42300          184877 
          42500          181387 
          42700          178074 
          42900          174633 
          43100          171580 
          43300          168441 
          43500          165269 
          43700          161097 
          43900          158774 
          44100          156589 
          44300          153793 
          44500          151057 
          44700          148462 
          44900          145844 
          45100          143284 
          45300          140779 
          45500          138329 
          45700          135930 
          45900          133584 
          46100          131252 
          46300          128708 
          46500          123474 
          46700          122688 
          46900          121947 
          47100          120477 
          47300          118504 
          47500          116528 
          47700          114592 
          47900          112697 
          48100          110840 
          48300          109021 
          48500          107240 
          48700          105493 
          48900          103783 
          49100          102108 
          49300          100466 
          49500         98857.6 
          49700         97279.6 
          49900         95734.3 
          50100         94219.5 
          50300         92733.2 
          50500         91277.8 
          50700         89849.7 
          50900         88448.5 
          51100         86692.7 
          51300           84233 
          51500         84132.6 
          51700         83113.6 
          51900         81844.9 
          52100         80598.8 
          52300         79376.1 
          52500         78176.6 
          52700         76999.7 
          52900         75845.1 
          53100         74712.3 
          53300         73599.7 
          53500         72508.2 
          53700           71436 
          53900         70384.3 
          54100         69351.3 
          54300         68337.9 
          54500         67342.6 
          54700         66366.3 
          54900         65406.2 
          55100         64463.2 
          55300         63538.3 
          55500         62629.9 
          55700         61737.7 
          55900         60860.3 
          56100         59999.8 
          56300         59153.5 
          56500         58322.4 
          56700         57505.1 
          56900         56702.4 
          57100           55913 
          57300         55137.9 
          57500         54377.8 
          57700         53629.2 
          57900         52894.1 
          58100         52170.1 
          58300         51459.2 
          58500         50775.5 
          58700         50069.3 
          58900           49150 
          59100         47687.5 
          59300           47886 
          59500         47292.2 
          59700         46740.1 
          59900         46200.7 
          60100         45590.2 
          60300         44989.9 
          60500         44398.5 
          60700         43817.1 
          60900         43245.3 
          61100         42683.2 
          61300         42129.4 
          61500         41584.9 
          61700         41049.6 
          61900         40522.2 
          62100         40003.7 
          62300           39493 
          62500         38989.9 
          62700         38451.2 
          62900         37812.8 
          63100           37460 
          63300         37059.1 
          63500         36595.2 
          63700         36138.3 
          63900         35688.3 
          64200         35027.4 
          64600         34168.9 
          65000         33336.8 
          65400         32529.5 
          65800         31746.2 
          66200         30986.4 
          66600         30250.1 
          67000         29534.1 
          67400         28800.6 
          67800         27996.3 
          68200         27511.7 
          68600         26876.4 
          69000         26259.5 
          69400         25659.6 
          69800         25077.2 
          70200         24510.9 
          70600         23960.3 
          71000         23425.1 
          71400         22905.4 
          71800         22399.6 
          72200         21907.8 
          72600           21429 
          73000         20963.7 
          73400         20510.6 
          73800         20069.6 
          74200         19608.9 
          74600         18873.2 
          75000         18427.3 
          75400         18359.5 
          75800         18035.1 
          76200         17659.4 
          76600         17293.7 
          77000         16937.9 
          77400         16590.3 
          77800         16251.5 
          78200         15921.8 
          78600         15600.4 
          79000         15287.1 
          79400         14981.7 
          79800         14683.4 
          80200         14393.2 
          80600         14109.2 
          81000         13832.9 
          81400         13562.6 
          81800         13299.6 
          82200         13042.8 
          82600           12792 
          83000         12547.1 
          83400         12308.4 
          83800         12075.3 
          84200         11847.1 
          84600         11624.8 
          85000         11407.7 
          85400         11195.2 
          85800         10987.7 
          86200         10785.1 
          86600         10567.6 
          87000           10390 
          87400         10126.5 
          87800         9945.49 
          88200         9839.51 
          88600         9663.04 
          89000         9490.77 
          89400         9321.65 
          89800         9157.04 
          90200         8995.44 
          90600          8837.7 
          91000         8683.29 
          91400         8532.15 
          91800         8384.19 
          92200         8239.81 
          92600         8098.04 
          93000         7959.71 
          93400         7823.88 
          93800         7663.09 
          94200         7551.45 
          94600         7434.26 
          95000         7310.01 
          95400         7187.99 
          95800         7068.57 
          96200          6951.7 
          96600         6837.32 
          97000         6724.99 
          97400         6615.07 
          97800          6507.5 
          98200         6402.25 
          98600         6298.87 
          99000         6197.72 
          99400         6098.37 
          99800         6001.17 
         100200          5905.7 
         200000         369.308 
         400000         22.7269 
         600000         4.44174 
         800000         1.39431 
         1.0e+6        0.567618 
         1.2e+6         0.27237 
         1.4e+6        0.146404 
         1.6e+6       0.0855161 
