# Kurucz ODFNEW /NOVER (2003)
# teff = 8500 K (value for the effective temperature for the model. Temperatures are given in K)
# logg = 1.5 log(cm/s2) (value for Log(G) for the model.)
# meta = -2.5  (value for the Metallicity for the model.)
# lh = 1.25  (l/Hp where l is the  mixing length of the convective element and Hp is the pressure scale height)
# vtur = 2 km/s (Microturbulence velocity)
# alpha = 0  (Alpha)
#
# column 1: WAVELENGTH (ANGSTROM), Wavelength in Angstrom
# column 2: FLUX (ERG/CM2/S/A), Flux in erg/cm2/s/A
            284     1.02646e-23 
            290     1.05489e-22 
            296     5.56477e-22 
            301      2.0522e-21 
            308     1.18073e-20 
            318     1.25137e-19 
            328      1.1437e-18 
            338     9.13365e-18 
            348     6.45116e-17 
            357     3.39961e-16 
            366     1.64752e-15 
            375      7.3784e-15 
            385     3.58646e-14 
            395     1.60321e-13 
            405     6.63724e-13 
            414      2.2435e-12 
            422     6.32967e-12 
            430     1.71602e-11 
            441     6.35912e-11 
            451      1.9731e-10 
            460     5.23184e-10 
            470      1.47721e-9 
            480      3.98558e-9 
            490      1.03082e-8 
            500       2.5604e-8 
            506      5.61881e-8 
            512      1.03828e-7 
            520      2.01628e-7 
            530      4.51888e-7 
            540      9.67934e-7 
            550      2.03758e-6 
            560      4.14595e-6 
            570      8.21627e-6 
            580      1.57445e-5 
            590      2.99684e-5 
            600      5.53091e-5 
            610      9.99118e-5 
            620      0.00017683 
            630     0.000306946 
            640     0.000523108 
            650      0.00087601 
            658      0.00130735 
            665      0.00184009 
            675      0.00295943 
            685       0.0046892 
            695       0.0073251 
            705       0.0112869 
            716       0.0178857 
            726       0.0268276 
            735       0.0382507 
            745       0.0561166 
            755       0.0814295 
            765        0.116915 
            775        0.166172 
            785         0.23389 
            795        0.326108 
            805        0.450628 
            815        0.617253 
            825        0.838505 
            835         1.12988 
            845         1.51087 
            855         2.00526 
            865         2.64235 
            875         3.45767 
            885         4.49425 
            895         5.80409 
            905         7.44834 
            915         29.0355 
            925         159.132 
            935         258.795 
            945         473.873 
            955          1056.3 
            965          1030.4 
            975           543.6 
            985          123826 
            995          444834 
           1005         94683.6 
           1015         1457.15 
           1025         1183.23 
           1035         2566.85 
           1045          254759 
           1055      1.91782e+6 
           1065       3.4726e+6 
           1075      4.89744e+6 
           1085      5.39225e+6 
           1095      4.95645e+6 
           1105      6.90286e+6 
           1115      8.85381e+6 
           1125      7.96397e+6 
           1135      6.91008e+6 
           1145      4.98906e+6 
           1155       2.8963e+6 
           1165      1.47103e+6 
           1175          358822 
           1185      5.88639e+6 
           1195          9920.9 
           1205         6572.15 
           1215          2972.8 
           1225         7345.42 
           1235         14725.6 
           1245         15405.6 
           1255          216830 
           1265          964904 
           1275      2.39832e+6 
           1285      4.77567e+6 
           1295      6.52876e+6 
           1305      7.50594e+6 
           1315      1.05307e+7 
           1325      1.28148e+7 
           1335      1.44101e+7 
           1345      1.70727e+7 
           1355      1.78056e+7 
           1365      1.85402e+7 
           1375       1.9982e+7 
           1385      2.13619e+7 
           1395      2.22531e+7 
           1405      2.41283e+7 
           1415      2.48779e+7 
           1425      2.60476e+7 
           1435      2.55193e+7 
           1442      2.77144e+7 
           1447      2.82141e+7 
           1455      2.90596e+7 
           1465      2.88924e+7 
           1475      2.94907e+7 
           1485      3.01746e+7 
           1495      3.08274e+7 
           1505      3.15817e+7 
           1512      3.16228e+7 
           1517      3.22693e+7 
           1525      3.18393e+7 
           1535      3.18287e+7 
           1545      3.28652e+7 
           1555      3.17958e+7 
           1565      3.01956e+7 
           1575      3.12364e+7 
           1585      3.27314e+7 
           1595      3.38402e+7 
           1605      3.27251e+7 
           1615      3.30303e+7 
           1625      3.16406e+7 
           1635       3.2347e+7 
           1645      3.27651e+7 
           1655      3.05562e+7 
           1665      3.32533e+7 
           1672      3.08988e+7 
           1677      3.19513e+7 
           1685      3.31453e+7 
           1695      3.22151e+7 
           1705      3.20483e+7 
           1715      3.27592e+7 
           1725      3.23527e+7 
           1735      3.33061e+7 
           1745       3.2803e+7 
           1755      3.36742e+7 
           1765      3.22658e+7 
           1775      3.35641e+7 
           1785      3.30307e+7 
           1795      3.38341e+7 
           1805      3.33053e+7 
           1815      3.31348e+7 
           1825      3.25996e+7 
           1835       3.2704e+7 
           1845      3.21546e+7 
           1855      3.24438e+7 
           1865      3.23795e+7 
           1875      3.27562e+7 
           1885      3.27828e+7 
           1895      3.25489e+7 
           1905      3.21666e+7 
           1915      3.20904e+7 
           1925       3.2375e+7 
           1935      3.19386e+7 
           1945      3.26606e+7 
           1955      3.24851e+7 
           1967      3.25329e+7 
           1976       3.2108e+7 
           1984      3.21702e+7 
           1995      3.19073e+7 
           2005      3.14755e+7 
           2015      3.06795e+7 
           2025      3.08945e+7 
           2035       3.1272e+7 
           2045      3.11948e+7 
           2055      3.04272e+7 
           2065      3.04398e+7 
           2074      3.10844e+7 
           2078      3.11175e+7 
           2085      3.10961e+7 
           2095      3.07802e+7 
           2105      3.08498e+7 
           2115      3.06405e+7 
           2125      3.05547e+7 
           2135      2.95476e+7 
           2145      3.03838e+7 
           2155       3.0169e+7 
           2165       2.9506e+7 
           2175      2.94822e+7 
           2185      2.94938e+7 
           2195      3.02836e+7 
           2205      2.96245e+7 
           2215      2.88116e+7 
           2225      2.85167e+7 
           2235      2.96739e+7 
           2245      2.89094e+7 
           2255      2.82653e+7 
           2265      2.80192e+7 
           2275      2.89977e+7 
           2285      2.90663e+7 
           2295      2.84752e+7 
           2305      2.85605e+7 
           2315      2.83523e+7 
           2325      2.84943e+7 
           2335      2.80089e+7 
           2345      2.66833e+7 
           2355      2.79285e+7 
           2365      2.68347e+7 
           2375       2.7573e+7 
           2385      2.59428e+7 
           2395      2.72418e+7 
           2405      2.69435e+7 
           2415      2.70638e+7 
           2425      2.76495e+7 
           2435      2.71312e+7 
           2445      2.74939e+7 
           2455      2.74142e+7 
           2465      2.69392e+7 
           2475      2.66986e+7 
           2485      2.72455e+7 
           2495       2.6823e+7 
           2505      2.75375e+7 
           2513      2.69967e+7 
           2518      2.71332e+7 
           2525      2.63437e+7 
           2535      2.60524e+7 
           2545      2.61546e+7 
           2555      2.69186e+7 
           2565      2.66713e+7 
           2575      2.71862e+7 
           2585      2.72908e+7 
           2595      2.70708e+7 
           2605      2.67213e+7 
           2615      2.65795e+7 
           2625      2.66573e+7 
           2635      2.68477e+7 
           2645      2.79084e+7 
           2655      2.77616e+7 
           2665      2.71585e+7 
           2675      2.74317e+7 
           2685      2.76223e+7 
           2695      2.73057e+7 
           2705      2.73436e+7 
           2715       2.6934e+7 
           2725       2.6967e+7 
           2735      2.73221e+7 
           2745       2.6036e+7 
           2755      2.61456e+7 
           2765        2.663e+7 
           2775      2.72544e+7 
           2785      2.72101e+7 
           2795      2.55251e+7 
           2805      2.64375e+7 
           2815      2.74072e+7 
           2825      2.72805e+7 
           2835       2.6944e+7 
           2845      2.68201e+7 
           2855       2.6518e+7 
           2865      2.66347e+7 
           2875      2.66612e+7 
           2885      2.69053e+7 
           2895      2.69814e+7 
           2910      2.71942e+7 
           2930      2.68273e+7 
           2950      2.67492e+7 
           2970      2.68296e+7 
           2990      2.67686e+7 
           3010      2.69338e+7 
           3030      2.69146e+7 
           3050      2.68228e+7 
           3070      2.66463e+7 
           3090      2.67164e+7 
           3110      2.66228e+7 
           3130      2.64821e+7 
           3150      2.64833e+7 
           3170      2.64504e+7 
           3190      2.61898e+7 
           3210      2.62761e+7 
           3230      2.61138e+7 
           3250      2.61851e+7 
           3270      2.62223e+7 
           3290      2.61961e+7 
           3310        2.616e+7 
           3330      2.60231e+7 
           3350      2.58472e+7 
           3370      2.58293e+7 
           3390      2.57883e+7 
           3410      2.58421e+7 
           3430      2.57651e+7 
           3450      2.57322e+7 
           3470      2.56448e+7 
           3490      2.55908e+7 
           3510      2.55535e+7 
           3530      2.55021e+7 
           3550      2.54379e+7 
           3570      2.53589e+7 
           3590      2.52922e+7 
           3610      2.52281e+7 
           3630      2.51565e+7 
           3640      2.51154e+7 
           3650      2.53504e+7 
           3670       2.5008e+7 
           3690      2.67887e+7 
           3710      3.60551e+7 
           3730      5.37276e+7 
           3750      7.77543e+7 
           3770      7.79016e+7 
           3790      8.48186e+7 
           3810      9.25441e+7 
           3830       7.7817e+7 
           3850      9.57397e+7 
           3870      9.71222e+7 
           3890      7.30948e+7 
           3910      9.50048e+7 
           3930      9.32451e+7 
           3950      9.30131e+7 
           3970      6.92153e+7 
           3990      9.05872e+7 
           4010      9.03302e+7 
           4030      8.91621e+7 
           4050      8.83089e+7 
           4070      8.71247e+7 
           4090      8.20386e+7 
           4110      6.68171e+7 
           4130      8.39623e+7 
           4150      8.33059e+7 
           4170      8.23463e+7 
           4190      8.14376e+7 
           4210      8.05126e+7 
           4230      7.95657e+7 
           4250      7.86517e+7 
           4270       7.7772e+7 
           4290      7.68705e+7 
           4310      7.57511e+7 
           4330      6.90068e+7 
           4350      5.98646e+7 
           4370      7.32197e+7 
           4390      7.25208e+7 
           4410      7.17909e+7 
           4430      7.10194e+7 
           4450      7.02169e+7 
           4470      6.93109e+7 
           4490      6.84669e+7 
           4510      6.78369e+7 
           4530      6.70832e+7 
           4550      6.62472e+7 
           4570        6.562e+7 
           4590      6.48634e+7 
           4610      6.42167e+7 
           4630      6.34575e+7 
           4650      6.28048e+7 
           4670      6.21108e+7 
           4690      6.14315e+7 
           4710      6.07105e+7 
           4730      6.00938e+7 
           4750      5.94402e+7 
           4770      5.87921e+7 
           4790      5.81511e+7 
           4810      5.75155e+7 
           4830      5.66752e+7 
           4850       5.2224e+7 
           4870      4.33724e+7 
           4890      5.47352e+7 
           4910      5.44527e+7 
           4930      5.38366e+7 
           4950      5.33241e+7 
           4970       5.2757e+7 
           4990      5.21927e+7 
           5010      5.15817e+7 
           5030      5.10904e+7 
           5050        5.053e+7 
           5070      5.00193e+7 
           5090      4.94932e+7 
           5110      4.89723e+7 
           5130      4.84581e+7 
           5150      4.79504e+7 
           5170       4.7394e+7 
           5190      4.69302e+7 
           5210      4.64692e+7 
           5230      4.59671e+7 
           5250      4.55123e+7 
           5270      4.50251e+7 
           5290       4.4579e+7 
           5310      4.41048e+7 
           5330       4.3667e+7 
           5350      4.32253e+7 
           5370      4.27825e+7 
           5390      4.23488e+7 
           5410      4.19179e+7 
           5430      4.14921e+7 
           5450      4.10765e+7 
           5470      4.06621e+7 
           5490      4.02527e+7 
           5510      3.98481e+7 
           5530       3.9447e+7 
           5550      3.90568e+7 
           5570      3.86676e+7 
           5590      3.82829e+7 
           5610      3.79027e+7 
           5630      3.75281e+7 
           5650      3.71566e+7 
           5670      3.67918e+7 
           5690      3.64301e+7 
           5710      3.60737e+7 
           5730      3.57202e+7 
           5750      3.53718e+7 
           5770      3.50275e+7 
           5790      3.46881e+7 
           5810      3.43515e+7 
           5830      3.40198e+7 
           5850      3.36929e+7 
           5870      3.33303e+7 
           5890      3.30446e+7 
           5910      3.27318e+7 
           5930      3.24204e+7 
           5950      3.21102e+7 
           5970      3.18056e+7 
           5990      3.15032e+7 
           6010      3.12063e+7 
           6030      3.09116e+7 
           6050      3.06211e+7 
           6070      3.03337e+7 
           6090      3.00495e+7 
           6110      2.97693e+7 
           6130      2.94922e+7 
           6150       2.9215e+7 
           6170      2.89468e+7 
           6190      2.86794e+7 
           6210      2.84148e+7 
           6230      2.81531e+7 
           6250      2.78912e+7 
           6270      2.76388e+7 
           6290      2.73862e+7 
           6310      2.71363e+7 
           6330      2.68898e+7 
           6350      2.66376e+7 
           6370         2.64e+7 
           6390      2.61649e+7 
           6410      2.59285e+7 
           6430      2.56955e+7 
           6450       2.5463e+7 
           6470      2.52374e+7 
           6490      2.50097e+7 
           6510      2.47211e+7 
           6530      2.43818e+7 
           6550      2.27772e+7 
           6570      1.83927e+7 
           6590      2.35477e+7 
           6610      2.36158e+7 
           6630      2.34821e+7 
           6650      2.32959e+7 
           6670      2.30895e+7 
           6690      2.28877e+7 
           6710      2.26912e+7 
           6730      2.24942e+7 
           6750      2.22991e+7 
           6770      2.21059e+7 
           6790      2.19154e+7 
           6810      2.17267e+7 
           6830      2.15399e+7 
           6850      2.13549e+7 
           6870      2.11725e+7 
           6890      2.09918e+7 
           6910      2.08129e+7 
           6930      2.06364e+7 
           6950      2.04609e+7 
           6970      2.02878e+7 
           6990      2.01171e+7 
           7010      1.99473e+7 
           7030      1.97798e+7 
           7050       1.9614e+7 
           7070      1.94481e+7 
           7090      1.92876e+7 
           7110      1.91271e+7 
           7130       1.8968e+7 
           7150      1.88105e+7 
           7170      1.86551e+7 
           7190      1.85012e+7 
           7210      1.83487e+7 
           7230      1.81976e+7 
           7250      1.80486e+7 
           7270       1.7901e+7 
           7290       1.7754e+7 
           7310      1.76097e+7 
           7330      1.74661e+7 
           7350      1.73244e+7 
           7370      1.71841e+7 
           7390      1.70456e+7 
           7410      1.69078e+7 
           7430      1.67718e+7 
           7450      1.66371e+7 
           7470      1.65036e+7 
           7490      1.63719e+7 
           7510      1.62407e+7 
           7530      1.61114e+7 
           7550      1.59839e+7 
           7570      1.58568e+7 
           7590      1.57315e+7 
           7610      1.56073e+7 
           7630      1.54841e+7 
           7650      1.53627e+7 
           7670      1.52424e+7 
           7690       1.5123e+7 
           7710      1.50041e+7 
           7730      1.48875e+7 
           7750      1.47719e+7 
           7770      1.46348e+7 
           7790      1.45436e+7 
           7810      1.44309e+7 
           7830      1.43198e+7 
           7850       1.4209e+7 
           7870      1.40992e+7 
           7890      1.39897e+7 
           7910      1.38847e+7 
           7930      1.37788e+7 
           7950      1.36738e+7 
           7970      1.35697e+7 
           7990      1.34652e+7 
           8010      1.33646e+7 
           8030      1.32636e+7 
           8050      1.31635e+7 
           8070      1.30642e+7 
           8090      1.29657e+7 
           8110      1.28686e+7 
           8130      1.27724e+7 
           8150      1.26768e+7 
           8170      1.25821e+7 
           8190      1.24882e+7 
           8210      1.24593e+7 
           8230      1.23743e+7 
           8250      1.22922e+7 
           8270      1.22059e+7 
           8290       1.2107e+7 
           8310      1.19817e+7 
           8330      1.18379e+7 
           8350      1.17683e+7 
           8370      1.14777e+7 
           8390      1.14996e+7 
           8410      1.14039e+7 
           8430      1.17045e+7 
           8450       1.1674e+7 
           8470      1.10796e+7 
           8490       1.2228e+7 
           8510      1.10095e+7 
           8530       1.2431e+7 
           8550      1.07614e+7 
           8570      1.26532e+7 
           8590      1.18342e+7 
           8610      1.14779e+7 
           8630      1.29726e+7 
           8650      1.27752e+7 
           8670       1.0444e+7 
           8690      1.28415e+7 
           8710      1.28596e+7 
           8730      1.26559e+7 
           8750      1.01959e+7 
           8770      1.22644e+7 
           8790      1.24876e+7 
           8810      1.24242e+7 
           8830      1.22959e+7 
           8850      1.17532e+7 
           8870      9.89026e+6 
           8890      1.19594e+7 
           8910      1.19684e+7 
           8930      1.18936e+7 
           8950       1.1809e+7 
           8970      1.17124e+7 
           8990      1.15508e+7 
           9010      9.69991e+6 
           9030      1.06928e+7 
           9050      1.13337e+7 
           9070      1.12943e+7 
           9090      1.12119e+7 
           9110      1.11377e+7 
           9130      1.10583e+7 
           9150      1.09789e+7 
           9170      1.08993e+7 
           9190      1.07997e+7 
           9210       1.0577e+7 
           9230      8.56733e+6 
           9250      1.03294e+7 
           9270      1.04747e+7 
           9290      1.04405e+7 
           9310      1.03666e+7 
           9330      1.02932e+7 
           9350      1.02204e+7 
           9370       1.0148e+7 
           9390      1.00762e+7 
           9410      1.00015e+7 
           9430      9.93542e+6 
           9450      9.86556e+6 
           9470      9.79621e+6 
           9490      9.72777e+6 
           9510      9.62983e+6 
           9530      9.35468e+6 
           9550       7.6897e+6 
           9570      9.30379e+6 
           9590      9.37235e+6 
           9610      9.32807e+6 
           9630      9.26256e+6 
           9650      9.20074e+6 
           9670      9.13613e+6 
           9690      9.07478e+6 
           9710      9.01226e+6 
           9730      8.95058e+6 
           9750      8.88933e+6 
           9770       8.8289e+6 
           9790      8.76849e+6 
           9810      8.70889e+6 
           9830      8.64971e+6 
           9850      8.59093e+6 
           9870      8.53295e+6 
           9890      8.47459e+6 
           9910      8.41779e+6 
           9930      8.36099e+6 
           9950      8.30496e+6 
           9970      8.24894e+6 
           9990      8.19367e+6 
          10025      7.83517e+6 
          10075      7.46662e+6 
          10125      7.83147e+6 
          10175      7.70338e+6 
          10225      7.57706e+6 
          10275      7.45354e+6 
          10325      7.33241e+6 
          10375      7.21361e+6 
          10425      7.09743e+6 
          10475      6.98315e+6 
          10525      6.87172e+6 
          10575      6.76209e+6 
          10625      6.65488e+6 
          10675      6.54673e+6 
          10725      6.44588e+6 
          10775      6.34563e+6 
          10825      6.24471e+6 
          10875      6.14442e+6 
          10925       5.5432e+6 
          10975      5.87657e+6 
          11025      5.86864e+6 
          11075      5.77891e+6 
          11125      5.69086e+6 
          11175      5.60446e+6 
          11225      5.51966e+6 
          11275      5.43555e+6 
          11325      5.35417e+6 
          11375      5.27459e+6 
          11425      5.19591e+6 
          11475      5.11869e+6 
          11525      5.04289e+6 
          11575      4.96849e+6 
          11625      4.89545e+6 
          11675      4.82349e+6 
          11725      4.75339e+6 
          11775      4.68349e+6 
          11825      4.61621e+6 
          11875      4.54964e+6 
          11925      4.48455e+6 
          11975      4.42011e+6 
          12025      4.35712e+6 
          12075      4.29527e+6 
          12125       4.2343e+6 
          12175      4.17443e+6 
          12225      4.11565e+6 
          12275      4.05793e+6 
          12325      4.00127e+6 
          12375      3.94563e+6 
          12425      3.89076e+6 
          12475      3.83712e+6 
          12525      3.78421e+6 
          12575      3.73226e+6 
          12625      3.68101e+6 
          12675      3.63092e+6 
          12725       3.5815e+6 
          12775      3.51613e+6 
          12825      3.18689e+6 
          12875      3.42854e+6 
          12925      3.39237e+6 
          12975      3.34703e+6 
          13025       3.3025e+6 
          13075      3.25856e+6 
          13125      3.21563e+6 
          13175      3.17304e+6 
          13225      3.13143e+6 
          13275      3.09036e+6 
          13325      3.05002e+6 
          13375      3.01041e+6 
          13425      2.97131e+6 
          13475      2.93291e+6 
          13525       2.8952e+6 
          13575      2.85797e+6 
          13625       2.8214e+6 
          13675       2.7855e+6 
          13725      2.75004e+6 
          13775      2.71522e+6 
          13825      2.68084e+6 
          13875      2.64707e+6 
          13925      2.61372e+6 
          13975      2.58116e+6 
          14025       2.5488e+6 
          14075      2.51723e+6 
          14125      2.48603e+6 
          14175      2.45521e+6 
          14225      2.42495e+6 
          14275      2.39505e+6 
          14325      2.36588e+6 
          14375      2.33687e+6 
          14425       2.3082e+6 
          14475      2.28042e+6 
          14525      2.25278e+6 
          14570      2.22824e+6 
          14620      2.20597e+6 
          14675      2.17775e+6 
          14725      2.15256e+6 
          14775      2.12732e+6 
          14825      2.10219e+6 
          14875      2.07633e+6 
          14925      2.04993e+6 
          14975      2.02602e+6 
          15025      1.99336e+6 
          15075      1.97154e+6 
          15125      1.94519e+6 
          15175      1.92405e+6 
          15225      1.92834e+6 
          15275       1.8652e+6 
          15325      1.84935e+6 
          15375      1.87033e+6 
          15425      1.79268e+6 
          15475      1.84058e+6 
          15525      1.82952e+6 
          15575      1.72011e+6 
          15625      1.81004e+6 
          15675      1.75849e+6 
          15725      1.67663e+6 
          15775      1.76261e+6 
          15825      1.74532e+6 
          15875      1.59218e+6 
          15925      1.70208e+6 
          15975      1.70163e+6 
          16050      1.66616e+6 
          16150      1.56861e+6 
          16250      1.60586e+6 
          16350      1.55738e+6 
          16450      1.46959e+6 
          16550       1.5025e+6 
          16650      1.46997e+6 
          16750      1.42548e+6 
          16850      1.34784e+6 
          16950      1.37735e+6 
          17050      1.34802e+6 
          17150      1.31954e+6 
          17250      1.29175e+6 
          17350      1.20343e+6 
          17450      1.23617e+6 
          17550      1.21297e+6 
          17650      1.18802e+6 
          17750      1.16371e+6 
          17850      1.14002e+6 
          17950      1.11692e+6 
          18050      1.09431e+6 
          18150      1.02385e+6 
          18250      1.04649e+6 
          18350      1.03017e+6 
          18450      1.00982e+6 
          18550          989956 
          18650          969858 
          18750          904183 
          18850          931999 
          18950          915254 
          19050          897708 
          19150          880570 
          19250          863831 
          19350          846795 
          19450          792859 
          19550          815266 
          19650          800755 
          19750          785896 
          19850          771381 
          19950          757202 
          20050          743342 
          20150          729803 
          20250          716568 
          20350          703639 
          20450          690991 
          20550          678635 
          20650          666548 
          20750          654732 
          20850          643180 
          20950          631879 
          21050          620831 
          21150          610013 
          21250          599438 
          21350          589092 
          21450          578961 
          21550          568669 
          21650          534300 
          21750          548790 
          21850          540566 
          21950          531469 
          22050          522568 
          22150          513844 
          22250          505309 
          22350          496951 
          22450          488759 
          22550          480737 
          22650          472881 
          22750          465188 
          22850          458016 
          22950          450707 
          23050          443543 
          23150          436521 
          23250          429617 
          23350          422801 
          23450          416072 
          23550          409476 
          23650          402875 
          23750          396684 
          23850          390364 
          23950          384136 
          24050          377711 
          24150          371173 
          24250          368361 
          24350          359820 
          24450          353625 
          24550          352038 
          24650          344289 
          24750          339342 
          24850          338404 
          24950          323980 
          25050          328753 
          25150          324172 
          25250          308616 
          25350          314733 
          25450          310793 
          25550          305936 
          25650          289933 
          25750          297628 
          25850          293779 
          25950          289651 
          26050          284250 
          26150          269173 
          26250          263982 
          26350          273132 
          26450          270333 
          26550          266505 
          26650          262265 
          26750          246603 
          26850          254928 
          26950          251863 
          27050          248362 
          27150          244920 
          27250          241538 
          27350          238214 
          27450          234851 
          27550          222051 
          27650          226474 
          27750          225471 
          27850          222427 
          27950          219425 
          28050          216480 
          28150          213580 
          28250          210730 
          28350          207924 
          28450          205167 
          28550          202456 
          28650          198819 
          28750          188346 
          28850          194438 
          28950          192050 
          29050          189556 
          29150          187101 
          29250          184683 
          29350          182307 
          29450          179968 
          29550          177665 
          29650          175401 
          29750          173168 
          29850          170978 
          29950          168818 
          30050          166691 
          30150          164601 
          30250          162510 
          30350          155093 
          30450          156124 
          30550          156552 
          30650          154622 
          30750          152718 
          30850          150843 
          30950          148996 
          31050          147178 
          31150          145385 
          31250          143623 
          31350          141887 
          31450          140175 
          31550          138490 
          31650          136834 
          31750          135196 
          31850          133587 
          31950          132003 
          32100          129664 
          32300          126630 
          32500          123685 
          32700          120824 
          32900          114939 
          33100          114713 
          33300          112432 
          33500          109919 
          33700          107467 
          33900          105078 
          34100          102754 
          34300          100493 
          34500         98289.9 
          34700         96158.9 
          34900         94054.8 
          35100         92047.2 
          35300         90072.9 
          35500         88068.4 
          35700         86117.9 
          35900         84702.1 
          36100         82433.5 
          36300         81244.6 
          36500         78911.7 
          36700           77984 
          36900         75514.1 
          37100           74828 
          37300         72673.9 
          37500         69832.6 
          37700         70434.8 
          37900           69064 
          38100         66931.6 
          38300         65905.6 
          38500         65075.3 
          38700         63813.3 
          38900         62526.4 
          39100         60089.5 
          39300         60225.9 
          39500           59125 
          39700         57985.8 
          39900         56873.5 
          40100         55304.8 
          40300         53808.5 
          40500         52506.7 
          40700         52662.8 
          40900         51698.6 
          41100         50735.1 
          41300         49794.3 
          41500         48864.9 
          41700         46798.4 
          41900           47078 
          42100         46242.8 
          42300         45404.4 
          42500           44586 
          42700           43785 
          42900           43001 
          43100         42235.8 
          43300         41486.9 
          43500         40753.9 
          43700         39164.5 
          43900           39217 
          44100         38654.9 
          44300         37984.1 
          44500         37327.7 
          44700         36758.7 
          44900         36056.3 
          45100         35444.6 
          45300         34844.1 
          45500         34256.4 
          45700         33681.2 
          45900         33118.3 
          46100         32563.9 
          46300         32005.5 
          46500         30760.4 
          46700         30210.7 
          46900         30424.6 
          47100         29969.8 
          47300         29486.2 
          47500           29008 
          47700         28538.4 
          47900         28077.3 
          48100         27626.1 
          48300         27200.7 
          48500         26744.6 
          48700         26345.9 
          48900         25905.6 
          49100         25526.2 
          49300         25088.5 
          49500         24749.4 
          49700         24286.7 
          49900         23991.1 
          50100         23616.8 
          50300         23161.3 
          50500         22911.8 
          50700         22561.4 
          50900         22080.5 
          51100         21854.6 
          51300         21054.7 
          51500         21215.3 
          51700         20742.8 
          51900         20608.4 
          52100         20349.2 
          52300         20047.9 
          52500         19680.8 
          52700         19233.3 
          52900         19170.3 
          53100         18899.2 
          53300         18623.7 
          53500         18354.4 
          53700         17921.4 
          53900         17686.2 
          54100           17575 
          54300         17324.4 
          54500         17078.2 
          54700         16836.5 
          54900           16599 
          55100         16327.4 
          55300         15854.7 
          55500         15911.9 
          55700         15689.7 
          55900         15472.8 
          56100         15258.5 
          56300         15049.3 
          56500         14842.6 
          56700         14639.6 
          56900         14433.3 
          57100         13948.8 
          57300         14036.3 
          57500         13861.4 
          57700           13676 
          57900         13491.8 
          58100           13312 
          58300         13126.7 
          58500         12955.6 
          58700         12783.3 
          58900         12596.7 
          59100         12164.3 
          59300         12273.1 
          59500         11890.6 
          59700         11914.7 
          59900         11815.3 
          60100         11665.9 
          60300         11516.1 
          60500           11369 
          60700         11223.7 
          60900           11081 
          61100           10940 
          61300         10801.5 
          61500         10665.7 
          61700         10531.3 
          61900         10399.5 
          62100         10269.1 
          62300         10140.2 
          62500         10012.7 
          62700         9879.91 
          62900         9542.95 
          63100         9629.21 
          63300         9528.03 
          63500         9411.11 
          63700         9304.76 
          63900         9182.94 
          64200         9027.76 
          64600         8809.61 
          65000         8594.78 
          65400         8400.57 
          65800         8195.81 
          66200         8004.91 
          66600         7820.71 
          67000         7641.67 
          67400         7447.74 
          67800         7200.07 
          68200         7110.35 
          68600         6972.36 
          69000         6815.39 
          69400          6637.8 
          69800         6514.46 
          70200         6370.33 
          70600         6229.57 
          71000         6064.89 
          71400         5960.99 
          71800         5831.91 
          72200         5706.26 
          72600         5551.49 
          73000         5462.33 
          73400         5349.11 
          73800         5232.35 
          74200         5114.78 
          74600         4946.62 
          75000         4789.72 
          75400          4800.4 
          75800         4714.85 
          76200         4619.42 
          76600         4525.59 
          77000         4434.15 
          77400         4342.53 
          77800         4213.97 
          78200         4171.77 
          78600         4090.75 
          79000         4010.14 
          79400         3931.47 
          79800         3854.77 
          80200         3779.86 
          80600         3706.83 
          81000         3635.52 
          81400            3530 
          81800         3489.37 
          82200         3431.63 
          82600         3366.89 
          83000         3303.61 
          83400         3241.89 
          83800         3181.51 
          84200         3122.66 
          84600         3065.04 
          85000         3007.63 
          85400         2953.85 
          85800         2897.61 
          86200         2847.36 
          86600         2760.58 
          87000         2743.27 
          87400         2676.74 
          87800          2631.3 
          88200         2602.21 
          88600         2552.41 
          89000         2511.45 
          89400         2467.58 
          89800         2424.67 
          90200         2382.14 
          90600         2337.02 
          91000         2301.32 
          91400         2261.97 
          91800         2223.43 
          92200          2185.7 
          92600         2140.41 
          93000         2112.67 
          93400          2077.3 
          93800         2017.06 
          94200         2004.97 
          94600         1975.55 
          95000         1939.17 
          95400         1905.06 
          95800          1879.9 
          96200         1849.32 
          96600         1819.38 
          97000            1790 
          97400         1761.23 
          97800         1733.02 
          98200         1703.54 
          98600         1669.37 
          99000         1651.75 
          99400         1625.75 
          99800         1600.22 
         100200          1575.2 
         200000         102.084 
         400000         6.43854 
         600000         1.27083 
         800000        0.400881 
         1.0e+6        0.163576 
         1.2e+6       0.0785742 
         1.4e+6       0.0422514 
         1.6e+6       0.0246787 
