# Kurucz ODFNEW /NOVER (2003)
# teff = 18000 K (value for the effective temperature for the model. Temperatures are given in K)
# logg = 2.5 log(cm/s2) (value for Log(G) for the model.)
# meta = -1.5  (value for the Metallicity for the model.)
# lh = 1.25  (l/Hp where l is the  mixing length of the convective element and Hp is the pressure scale height)
# vtur = 2 km/s (Microturbulence velocity)
# alpha = 0  (Alpha)
#
# column 1: WAVELENGTH (ANGSTROM), Wavelength in Angstrom
# column 2: FLUX (ERG/CM2/S/A), Flux in erg/cm2/s/A
          147.2     6.95289e-23 
            151     8.47472e-22 
          155.2     7.65813e-21 
          158.8     4.54765e-20 
            162      2.0717e-19 
            166     1.26951e-18 
          170.3     8.10196e-18 
          173.4     2.90984e-17 
          176.8     1.12254e-16 
          180.2     4.11279e-16 
          181.7     7.17985e-16 
          186.1     3.49141e-15 
            191      1.8615e-14 
          193.9     4.81257e-14 
          198.4     1.98593e-13 
          201.8     5.55049e-13 
            205     1.41432e-12 
          210.5     6.59132e-12 
          216.2     2.98233e-11 
          219.8     7.42159e-11 
            223     1.62664e-10 
          226.8     4.00853e-10 
            230       1.4894e-9 
            234      3.88639e-9 
            240      1.34151e-8 
          246.5      4.78316e-8 
          252.4      1.43807e-7 
          256.8      3.11147e-7 
            260      5.46977e-7 
            264      1.07031e-6 
          268.5      2.21996e-6 
          273.5      4.84919e-6 
          278.5       1.0301e-5 
            284      2.28492e-5 
            290       5.2545e-5 
            296     0.000116567 
            301     0.000220954 
            308     0.000517018 
            318      0.00165967 
            328      0.00490136 
            338       0.0135432 
            348       0.0351675 
            357       0.0790946 
            366        0.170622 
            375        0.353355 
            385        0.760804 
            395         1.57054 
            405         3.12087 
            414         5.61656 
            422         9.25196 
            430         14.9282 
            441         28.0027 
            451         48.1559 
            460         76.7221 
            470         125.842 
            480          201.74 
            490         316.745 
            500         487.397 
            506         3588.28 
            512         11550.9 
            520         15615.3 
            530         24858.2 
            540         28150.1 
            550         45810.3 
            560         59021.3 
            570           77324 
            580         77955.2 
            590          111276 
            600          154742 
            610          196029 
            620          239396 
            630          294625 
            640          347573 
            650          420519 
            658          498029 
            665          557915 
            675          646242 
            685          759994 
            695          917519 
            705      1.06146e+6 
            716      1.25198e+6 
            726      1.43151e+6 
            735       1.6254e+6 
            745      1.88519e+6 
            755      2.15354e+6 
            765      2.44252e+6 
            775      2.77762e+6 
            785      3.13776e+6 
            795      3.50404e+6 
            805      3.91743e+6 
            815      4.33126e+6 
            825      4.85501e+6 
            835      5.28407e+6 
            845      5.87867e+6 
            855      6.45572e+6 
            865      7.13607e+6 
            875      7.88075e+6 
            885      8.66854e+6 
            895      9.44475e+6 
            905      1.00803e+7 
            915      2.39089e+7 
            925      5.67719e+8 
            935      1.58836e+9 
            945      2.97389e+9 
            955      3.51006e+9 
            965      4.04423e+9 
            975      1.49083e+9 
            985       4.0654e+9 
            995      3.90038e+9 
           1005      4.23269e+9 
           1015      4.14751e+9 
           1025      2.27786e+9 
           1035      3.37589e+9 
           1045      4.68072e+9 
           1055      4.48105e+9 
           1065      4.05186e+9 
           1075      4.49223e+9 
           1085      4.12819e+9 
           1095      4.56622e+9 
           1105      4.27291e+9 
           1115      4.32266e+9 
           1125       3.9994e+9 
           1135      4.42901e+9 
           1145      4.21463e+9 
           1155      4.36083e+9 
           1165      4.43562e+9 
           1175      3.73257e+9 
           1185      4.41352e+9 
           1195      3.98039e+9 
           1205      2.95644e+9 
           1215      1.53925e+9 
           1225      3.67987e+9 
           1235      4.12513e+9 
           1245      4.21395e+9 
           1255      4.10114e+9 
           1265      4.01961e+9 
           1275      4.14405e+9 
           1285      4.07912e+9 
           1295      3.51384e+9 
           1305      3.61505e+9 
           1315      3.99381e+9 
           1325      3.85715e+9 
           1335      3.64253e+9 
           1345      3.81993e+9 
           1355      3.84111e+9 
           1365      3.70295e+9 
           1375      3.65944e+9 
           1385      3.67278e+9 
           1395      3.40523e+9 
           1405      3.50159e+9 
           1415      3.54203e+9 
           1425      3.50677e+9 
           1435      3.52777e+9 
           1442      3.54288e+9 
           1447      3.50063e+9 
           1455      3.45263e+9 
           1465      3.37845e+9 
           1475      3.34769e+9 
           1485       3.3048e+9 
           1495      3.26327e+9 
           1505      3.17248e+9 
           1512      3.03952e+9 
           1517      3.09285e+9 
           1525      3.08544e+9 
           1535      2.92081e+9 
           1545      2.97766e+9 
           1555      2.86579e+9 
           1565      2.92804e+9 
           1575      2.95871e+9 
           1585      2.92869e+9 
           1595      2.93043e+9 
           1605      2.84153e+9 
           1615      2.81252e+9 
           1625      2.79498e+9 
           1635      2.82023e+9 
           1645      2.78465e+9 
           1655       2.7379e+9 
           1665      2.76667e+9 
           1672      2.68911e+9 
           1677      2.74517e+9 
           1685      2.71823e+9 
           1695      2.64941e+9 
           1705      2.58201e+9 
           1715      2.50971e+9 
           1725      2.49653e+9 
           1735      2.51138e+9 
           1745      2.46672e+9 
           1755      2.48908e+9 
           1765      2.37836e+9 
           1775      2.37591e+9 
           1785      2.37514e+9 
           1795      2.38781e+9 
           1805      2.37738e+9 
           1815      2.28058e+9 
           1825       2.2992e+9 
           1835      2.26593e+9 
           1845      2.14759e+9 
           1855      2.09723e+9 
           1865      2.12203e+9 
           1875      2.17221e+9 
           1885      2.03133e+9 
           1895      1.94039e+9 
           1905      2.03707e+9 
           1915      1.96109e+9 
           1925      1.91688e+9 
           1935      1.96453e+9 
           1945      1.98252e+9 
           1955       1.8657e+9 
           1967      1.93871e+9 
           1976      1.97879e+9 
           1984      1.88984e+9 
           1995      1.84265e+9 
           2005      1.87023e+9 
           2015      1.87315e+9 
           2025      1.88979e+9 
           2035      1.80813e+9 
           2045      1.80121e+9 
           2055      1.75509e+9 
           2065      1.76516e+9 
           2074      1.81442e+9 
           2078      1.73093e+9 
           2085      1.74931e+9 
           2095      1.69231e+9 
           2105      1.71351e+9 
           2115      1.70231e+9 
           2125      1.71853e+9 
           2135       1.6909e+9 
           2145      1.63906e+9 
           2155      1.66226e+9 
           2165      1.64445e+9 
           2175      1.62482e+9 
           2185      1.60675e+9 
           2195      1.60363e+9 
           2205      1.58331e+9 
           2215      1.56498e+9 
           2225      1.53816e+9 
           2235      1.52932e+9 
           2245      1.52373e+9 
           2255      1.49558e+9 
           2265        1.494e+9 
           2275      1.47726e+9 
           2285      1.47092e+9 
           2295      1.43338e+9 
           2305      1.43714e+9 
           2315      1.41294e+9 
           2325      1.40207e+9 
           2335      1.37267e+9 
           2345      1.35352e+9 
           2355      1.36148e+9 
           2365      1.33652e+9 
           2375      1.32856e+9 
           2385      1.30678e+9 
           2395      1.30193e+9 
           2405      1.28754e+9 
           2415      1.26999e+9 
           2425      1.27415e+9 
           2435      1.25277e+9 
           2445      1.24475e+9 
           2455      1.23957e+9 
           2465      1.22085e+9 
           2475      1.21113e+9 
           2485      1.19908e+9 
           2495      1.16698e+9 
           2505      1.17725e+9 
           2513      1.14937e+9 
           2518       1.1602e+9 
           2525       1.1481e+9 
           2535      1.13156e+9 
           2545      1.11791e+9 
           2555      1.12251e+9 
           2565       1.1049e+9 
           2575      1.10349e+9 
           2585      1.09187e+9 
           2595       1.0809e+9 
           2605      1.07672e+9 
           2615      1.06641e+9 
           2625        1.056e+9 
           2635      1.04323e+9 
           2645       1.0451e+9 
           2655      1.03553e+9 
           2665      1.02157e+9 
           2675      1.01469e+9 
           2685      1.01033e+9 
           2695      9.92471e+8 
           2705      9.90398e+8 
           2715      9.79845e+8 
           2725      9.63585e+8 
           2735      9.63049e+8 
           2745      9.40446e+8 
           2755      9.35566e+8 
           2765      9.27678e+8 
           2775      9.29468e+8 
           2785      9.19356e+8 
           2795      8.93934e+8 
           2805      8.97052e+8 
           2815      8.96442e+8 
           2825      8.81657e+8 
           2835      8.69074e+8 
           2845      8.70515e+8 
           2855      8.63318e+8 
           2865      8.56981e+8 
           2875      8.48751e+8 
           2885       8.4161e+8 
           2895      8.34007e+8 
           2910      8.22851e+8 
           2930      8.07136e+8 
           2950       7.8913e+8 
           2970       7.8016e+8 
           2990      7.65587e+8 
           3010      7.52619e+8 
           3030       7.4087e+8 
           3050      7.28067e+8 
           3070      7.15614e+8 
           3090      7.02592e+8 
           3110      6.91326e+8 
           3130      6.80327e+8 
           3150      6.68716e+8 
           3170      6.57081e+8 
           3190      6.41759e+8 
           3210      6.35505e+8 
           3230      6.24879e+8 
           3250      6.14644e+8 
           3270       6.0507e+8 
           3290      5.94429e+8 
           3310      5.85617e+8 
           3330      5.76124e+8 
           3350      5.65841e+8 
           3370      5.57685e+8 
           3390      5.48764e+8 
           3410      5.40013e+8 
           3430      5.29219e+8 
           3450      5.19239e+8 
           3470      5.12614e+8 
           3490      5.05673e+8 
           3510      4.99896e+8 
           3530      4.92343e+8 
           3550      4.84749e+8 
           3570      4.78741e+8 
           3590      4.69447e+8 
           3610      4.62323e+8 
           3630      4.55155e+8 
           3640      4.53823e+8 
           3650      4.46335e+8 
           3670      4.39526e+8 
           3690      4.24122e+8 
           3710      4.43237e+8 
           3730      4.59834e+8 
           3750      5.09941e+8 
           3770      5.07938e+8 
           3790      5.12977e+8 
           3810      5.29639e+8 
           3830      4.80026e+8 
           3850      5.29696e+8 
           3870      5.19305e+8 
           3890      4.63465e+8 
           3910      5.10139e+8 
           3930      4.97471e+8 
           3950       4.9462e+8 
           3970      4.32067e+8 
           3990      4.79025e+8 
           4010      4.70206e+8 
           4030      4.55112e+8 
           4050      4.58943e+8 
           4070      4.51237e+8 
           4090      4.38096e+8 
           4110      3.96821e+8 
           4130       4.2784e+8 
           4150      4.22392e+8 
           4170      4.18112e+8 
           4190        4.131e+8 
           4210      4.07186e+8 
           4230      4.01113e+8 
           4250      3.95115e+8 
           4270      3.87889e+8 
           4290      3.83687e+8 
           4310      3.77944e+8 
           4330      3.62967e+8 
           4350      3.35567e+8 
           4370      3.61778e+8 
           4390      3.52644e+8 
           4410      3.51661e+8 
           4430      3.45537e+8 
           4450         3.42e+8 
           4470      3.30066e+8 
           4490      3.31954e+8 
           4510      3.27849e+8 
           4530      3.23162e+8 
           4550      3.18598e+8 
           4570       3.1412e+8 
           4590      3.09887e+8 
           4610       3.0559e+8 
           4630      3.01357e+8 
           4650      2.96819e+8 
           4670      2.93176e+8 
           4690      2.89328e+8 
           4710      2.82393e+8 
           4730      2.80936e+8 
           4750      2.76855e+8 
           4770      2.74025e+8 
           4790       2.7033e+8 
           4810      2.66605e+8 
           4830      2.63045e+8 
           4850       2.5449e+8 
           4870      2.32167e+8 
           4890      2.52612e+8 
           4910      2.49495e+8 
           4930      2.43073e+8 
           4950      2.42989e+8 
           4970      2.39878e+8 
           4990      2.36733e+8 
           5010      2.31245e+8 
           5030      2.30616e+8 
           5050      2.26222e+8 
           5070      2.24734e+8 
           5090      2.21866e+8 
           5110      2.19022e+8 
           5130      2.16144e+8 
           5150      2.13403e+8 
           5170      2.10811e+8 
           5190       2.0814e+8 
           5210      2.05393e+8 
           5230      2.02944e+8 
           5250      2.00417e+8 
           5270      1.97908e+8 
           5290      1.95459e+8 
           5310      1.93027e+8 
           5330       1.9064e+8 
           5350      1.88243e+8 
           5370      1.85994e+8 
           5390      1.83709e+8 
           5410      1.81465e+8 
           5430      1.79198e+8 
           5450      1.77061e+8 
           5470      1.74925e+8 
           5490      1.72827e+8 
           5510      1.70744e+8 
           5530      1.68686e+8 
           5550      1.66677e+8 
           5570      1.64681e+8 
           5590      1.62733e+8 
           5610      1.60773e+8 
           5630      1.58907e+8 
           5650      1.56923e+8 
           5670       1.5508e+8 
           5690      1.53247e+8 
           5710      1.51551e+8 
           5730      1.49783e+8 
           5750      1.48025e+8 
           5770      1.46333e+8 
           5790      1.44639e+8 
           5810      1.42975e+8 
           5830       1.4132e+8 
           5850      1.39706e+8 
           5870      1.35246e+8 
           5890      1.36435e+8 
           5910      1.34963e+8 
           5930      1.33433e+8 
           5950      1.31899e+8 
           5970      1.30446e+8 
           5990      1.28957e+8 
           6010      1.27527e+8 
           6030      1.26091e+8 
           6050      1.24693e+8 
           6070       1.2331e+8 
           6090      1.21933e+8 
           6110      1.20591e+8 
           6130      1.19254e+8 
           6150      1.17922e+8 
           6170      1.16644e+8 
           6190       1.1537e+8 
           6210      1.14111e+8 
           6230      1.12865e+8 
           6250      1.11632e+8 
           6270      1.10433e+8 
           6290      1.09236e+8 
           6310      1.08053e+8 
           6330      1.06901e+8 
           6350      1.05678e+8 
           6370      1.04588e+8 
           6390      1.03501e+8 
           6410      1.02407e+8 
           6430      1.01324e+8 
           6450      1.00253e+8 
           6470      9.91751e+7 
           6490      9.81355e+7 
           6510      9.71156e+7 
           6530      9.60799e+7 
           6550      9.38871e+7 
           6570      8.51918e+7 
           6590      9.27334e+7 
           6610      9.21559e+7 
           6630      9.12065e+7 
           6650      9.03265e+7 
           6670      8.88456e+7 
           6690      8.79449e+7 
           6710       8.7572e+7 
           6730       8.6678e+7 
           6750      8.58013e+7 
           6770      8.49252e+7 
           6790      8.40416e+7 
           6810      8.32156e+7 
           6830      8.23736e+7 
           6850      8.15481e+7 
           6870      8.07308e+7 
           6890      7.99136e+7 
           6910      7.91203e+7 
           6930      7.83262e+7 
           6950       7.7557e+7 
           6970      7.67884e+7 
           6990      7.60196e+7 
           7010       7.5279e+7 
           7030      7.45372e+7 
           7050      7.38027e+7 
           7070      7.20818e+7 
           7090      7.23697e+7 
           7110      7.16636e+7 
           7130      7.09671e+7 
           7150      7.02781e+7 
           7170      6.95854e+7 
           7190       6.8927e+7 
           7210      6.82632e+7 
           7230      6.74003e+7 
           7250       6.6958e+7 
           7270      6.63193e+7 
           7290      6.52364e+7 
           7310      6.50512e+7 
           7330      6.44436e+7 
           7350      6.38332e+7 
           7370      6.32299e+7 
           7390      6.26343e+7 
           7410      6.20448e+7 
           7430      6.14622e+7 
           7450      6.08957e+7 
           7470      6.03257e+7 
           7490      5.97649e+7 
           7510      5.91878e+7 
           7530      5.86599e+7 
           7550      5.81175e+7 
           7570      5.75808e+7 
           7590      5.70495e+7 
           7610      5.65256e+7 
           7630       5.6007e+7 
           7650      5.54938e+7 
           7670      5.49889e+7 
           7690      5.44835e+7 
           7710      5.39863e+7 
           7730      5.35031e+7 
           7750      5.30121e+7 
           7770      5.25087e+7 
           7790      5.20681e+7 
           7810      5.15627e+7 
           7830       5.1138e+7 
           7850      5.07268e+7 
           7870      5.02735e+7 
           7890      4.97908e+7 
           7910      4.93502e+7 
           7930      4.88386e+7 
           7950      4.83941e+7 
           7970      4.79528e+7 
           7990      4.75821e+7 
           8010      4.71316e+7 
           8030      4.67522e+7 
           8050      4.63615e+7 
           8070      4.59758e+7 
           8090      4.54932e+7 
           8110      4.51242e+7 
           8130      4.48073e+7 
           8150      4.43313e+7 
           8170      4.40422e+7 
           8190      4.36454e+7 
           8210      4.30899e+7 
           8230      4.28351e+7 
           8250      4.24666e+7 
           8270      4.19238e+7 
           8290      4.16916e+7 
           8310       4.1346e+7 
           8330      4.09707e+7 
           8350      4.04678e+7 
           8370      4.00633e+7 
           8390      3.97762e+7 
           8410      3.93843e+7 
           8430       3.9151e+7 
           8450      3.87137e+7 
           8470      3.79923e+7 
           8490      3.87255e+7 
           8510       3.7226e+7 
           8530      3.83797e+7 
           8550      3.61772e+7 
           8570      3.83526e+7 
           8590      3.64797e+7 
           8610      3.60889e+7 
           8630      3.78369e+7 
           8650      3.70373e+7 
           8670      3.40134e+7 
           8690      3.71246e+7 
           8710      3.69876e+7 
           8730      3.61213e+7 
           8750      3.28658e+7 
           8770      3.54419e+7 
           8790      3.58313e+7 
           8810      3.54936e+7 
           8830      3.52233e+7 
           8850      3.38868e+7 
           8870      3.14673e+7 
           8890      3.42775e+7 
           8910      3.41039e+7 
           8930       3.3794e+7 
           8950      3.35975e+7 
           8970      3.33429e+7 
           8990      3.27668e+7 
           9010      3.00037e+7 
           9030      3.14811e+7 
           9050      3.22363e+7 
           9070      3.18232e+7 
           9090      3.16842e+7 
           9110      3.15107e+7 
           9130      3.12793e+7 
           9150      3.10329e+7 
           9170      3.07225e+7 
           9190       3.0535e+7 
           9210       2.9747e+7 
           9230      2.70936e+7 
           9250      2.94858e+7 
           9270      2.95582e+7 
           9290      2.93717e+7 
           9310       2.9047e+7 
           9330      2.89153e+7 
           9350      2.86745e+7 
           9370      2.84733e+7 
           9390      2.82534e+7 
           9410      2.80275e+7 
           9430       2.7821e+7 
           9450      2.76081e+7 
           9470      2.72731e+7 
           9490      2.71872e+7 
           9510      2.67797e+7 
           9530      2.61837e+7 
           9550      2.39915e+7 
           9570      2.61677e+7 
           9590      2.61606e+7 
           9610      2.59107e+7 
           9630      2.56765e+7 
           9650      2.55839e+7 
           9670      2.53916e+7 
           9690      2.51797e+7 
           9710      2.49482e+7 
           9730      2.48263e+7 
           9750      2.46413e+7 
           9770      2.44581e+7 
           9790      2.42765e+7 
           9810      2.40965e+7 
           9830      2.39183e+7 
           9850      2.37417e+7 
           9870      2.35666e+7 
           9890      2.33929e+7 
           9910      2.32072e+7 
           9930      2.30512e+7 
           9950      2.28825e+7 
           9970      2.27154e+7 
           9990      2.25498e+7 
          10025      2.18198e+7 
          10075      2.11732e+7 
          10125      2.14347e+7 
          10175       2.1087e+7 
          10225      2.07032e+7 
          10275      2.03456e+7 
          10325       1.9932e+7 
          10375      1.96364e+7 
          10425      1.92936e+7 
          10475      1.89577e+7 
          10525      1.86294e+7 
          10575      1.83085e+7 
          10625      1.79941e+7 
          10675        1.766e+7 
          10725      1.73853e+7 
          10775      1.70906e+7 
          10825      1.66373e+7 
          10875      1.65191e+7 
          10925      1.54643e+7 
          10975      1.58713e+7 
          11025      1.56462e+7 
          11075      1.54463e+7 
          11125       1.5193e+7 
          11175      1.49439e+7 
          11225      1.46921e+7 
          11275      1.44595e+7 
          11325      1.42261e+7 
          11375      1.39971e+7 
          11425      1.37718e+7 
          11475      1.35516e+7 
          11525      1.33356e+7 
          11575      1.31236e+7 
          11625      1.29159e+7 
          11675      1.27126e+7 
          11725      1.25132e+7 
          11775      1.23169e+7 
          11825      1.21257e+7 
          11875      1.19375e+7 
          11925      1.17531e+7 
          11975       1.1517e+7 
          12025      1.13948e+7 
          12075      1.12206e+7 
          12125      1.10498e+7 
          12175      1.08822e+7 
          12225       1.0718e+7 
          12275      1.05566e+7 
          12325      1.03985e+7 
          12375       1.0243e+7 
          12425      1.00907e+7 
          12475      9.94078e+6 
          12525      9.77896e+6 
          12575      9.65012e+6 
          12625       9.5086e+6 
          12675      9.36972e+6 
          12725      9.23318e+6 
          12775      9.02231e+6 
          12825      8.56364e+6 
          12875      8.82998e+6 
          12925      8.71196e+6 
          12975      8.55386e+6 
          13025      8.46522e+6 
          13075      8.34507e+6 
          13125      8.22716e+6 
          13175        8.111e+6 
          13225      7.99723e+6 
          13275      7.88537e+6 
          13325      7.77538e+6 
          13375      7.66745e+6 
          13425      7.55546e+6 
          13475      7.45676e+6 
          13525      7.35436e+6 
          13575      7.25347e+6 
          13625      7.15447e+6 
          13675      7.05712e+6 
          13725       6.9614e+6 
          13775      6.86727e+6 
          13825      6.77472e+6 
          13875      6.68371e+6 
          13925      6.59423e+6 
          13975      6.50642e+6 
          14025      6.41989e+6 
          14075      6.33481e+6 
          14125      6.25114e+6 
          14175      6.16887e+6 
          14225      6.08797e+6 
          14275      6.00843e+6 
          14325      5.93002e+6 
          14375      5.85311e+6 
          14425      5.77712e+6 
          14475      5.70257e+6 
          14525      5.62927e+6 
          14570      5.56421e+6 
          14620      5.49185e+6 
          14675       5.4156e+6 
          14725      5.34743e+6 
          14775      5.28024e+6 
          14825        5.214e+6 
          14875       5.1487e+6 
          14925      5.08382e+6 
          14975      5.01985e+6 
          15025      4.95513e+6 
          15075      4.88534e+6 
          15125      4.82922e+6 
          15175      4.76914e+6 
          15225      4.71951e+6 
          15275      4.64232e+6 
          15325      4.58513e+6 
          15375      4.55057e+6 
          15425      4.45636e+6 
          15475      4.44649e+6 
          15525      4.39867e+6 
          15575      4.27279e+6 
          15625      4.31292e+6 
          15675      4.22688e+6 
          15725      4.11929e+6 
          15775      4.16801e+6 
          15825        4.119e+6 
          15875       3.9303e+6 
          15925      4.01291e+6 
          15975      3.98857e+6 
          16050      3.90882e+6 
          16150       3.7505e+6 
          16250      3.74215e+6 
          16350      3.64169e+6 
          16450      3.49815e+6 
          16550      3.49135e+6 
          16650      3.41244e+6 
          16750      3.32187e+6 
          16850      3.19339e+6 
          16950      3.18873e+6 
          17050      3.10906e+6 
          17150      3.04973e+6 
          17250      2.98307e+6 
          17350      2.84741e+6 
          17450      2.85298e+6 
          17550      2.79377e+6 
          17650      2.73402e+6 
          17750       2.6758e+6 
          17850      2.61907e+6 
          17950      2.56401e+6 
          18050      2.51024e+6 
          18150      2.40191e+6 
          18250      2.40258e+6 
          18350      2.35745e+6 
          18450      2.30917e+6 
          18550      2.26135e+6 
          18650       2.2077e+6 
          18750      2.11831e+6 
          18850       2.1276e+6 
          18950      2.08506e+6 
          19050      2.03914e+6 
          19150      2.00311e+6 
          19250      1.96364e+6 
          19350      1.92499e+6 
          19450      1.83982e+6 
          19550      1.84904e+6 
          19650      1.81524e+6 
          19750      1.78029e+6 
          19850      1.74624e+6 
          19950      1.71297e+6 
          20050      1.68056e+6 
          20150       1.6488e+6 
          20250      1.61785e+6 
          20350      1.58762e+6 
          20450      1.55763e+6 
          20550      1.52671e+6 
          20650      1.50101e+6 
          20750      1.47354e+6 
          20850      1.44661e+6 
          20950       1.4203e+6 
          21050       1.3946e+6 
          21150      1.36586e+6 
          21250      1.34494e+6 
          21350      1.32088e+6 
          21450      1.29722e+6 
          21550      1.27425e+6 
          21650      1.22023e+6 
          21750      1.22911e+6 
          21850      1.20802e+6 
          21950       1.1875e+6 
          22050      1.16699e+6 
          22150      1.14688e+6 
          22250      1.12708e+6 
          22350      1.10789e+6 
          22450      1.08907e+6 
          22550      1.07062e+6 
          22650      1.05252e+6 
          22750      1.03484e+6 
          22850      1.01751e+6 
          22950      1.00058e+6 
          23050          983831 
          23150          967828 
          23250          951925 
          23350          936326 
          23450          921095 
          23550          906157 
          23650          891438 
          23750          877001 
          23850          862907 
          23950          849017 
          24050          835327 
          24150          821706 
          24250          809562 
          24350          795937 
          24450          782949 
          24550          772145 
          24650          758887 
          24750          746432 
          24850          737997 
          24950          720715 
          25050          715693 
          25150          704950 
          25250          686319 
          25350          683729 
          25450          675051 
          25550          663775 
          25650          643608 
          25750          644584 
          25850          635547 
          25950          626127 
          26050          615223 
          26150          594605 
          26250          583085 
          26350          589411 
          26450          581516 
          26550          572761 
          26650          564228 
          26750          543801 
          26850          548015 
          26950          540843 
          27050          533145 
          27150          525596 
          27250          518143 
          27350          510836 
          27450          503671 
          27550          486163 
          27650          487467 
          27750          482869 
          27850          476183 
          27950          469608 
          28050          463149 
          28150          456798 
          28250          450558 
          28350          444422 
          28450          438395 
          28550          432339 
          28650          425672 
          28750          411030 
          28850          415256 
          28950          409722 
          29050          404276 
          29150          398918 
          29250          393646 
          29350          388462 
          29450          383361 
          29550          378346 
          29650          373412 
          29750          368560 
          29850          363782 
          29950          359085 
          30050          354463 
          30150          349915 
          30250          345431 
          30350          334807 
          30450          334164 
          30550          332432 
          30650          328237 
          30750          324101 
          30850          320032 
          30950          316033 
          31050          312089 
          31150          308210 
          31250          304389 
          31350          300629 
          31450          296926 
          31550          293280 
          31650          289688 
          31750          286155 
          31850          282671 
          31950          279243 
          32100          274194 
          32300          267642 
          32500          261283 
          32700          255109 
          32900          245575 
          33100          242750 
          33300          237445 
          33500          232013 
          33700          226700 
          33900          221538 
          34100          216524 
          34300          211646 
          34500          206908 
          34700          202295 
          34900          197809 
          35100          193451 
          35300          189216 
          35500          185060 
          35700          181009 
          35900          177250 
          36100          173253 
          36300          169963 
          36500          165911 
          36700          162972 
          36900          158858 
          37100          156028 
          37300          152017 
          37500          147659 
          37700          146706 
          37900          143704 
          38100          140164 
          38300          137518 
          38500          135137 
          38700          132423 
          38900          129751 
          39100          126071 
          39300          124681 
          39500          122227 
          39700          119834 
          39900          117498 
          40100          114771 
          40300          112024 
          40500          109428 
          40700          108703 
          40900          106636 
          41100          104617 
          41300          102595 
          41500          100716 
          41700         97585.4 
          41900         96997.2 
          42100         95204.2 
          42300         93451.2 
          42500         91712.4 
          42700         90063.9 
          42900         88333.6 
          43100         86828.2 
          43300         85266.4 
          43500         83737.6 
          43700         81270.4 
          43900         80652.8 
          44100         79353.4 
          44300           77957 
          44500         76590.1 
          44700         75342.5 
          44900         74031.8 
          45100         72750.6 
          45300         71496.5 
          45500         70270.7 
          45700         69070.7 
          45900         67894.3 
          46100         66728.6 
          46300         65617.3 
          46500         63487.8 
          46700         62456.3 
          46900         62272.4 
          47100         61345.6 
          47300         60331.2 
          47500         59338.3 
          47700         58366.6 
          47900         57413.9 
          48100         56479.9 
          48300         55565.8 
          48500         54671.2 
          48700         53792.6 
          48900         52931.3 
          49100         52088.4 
          49300         51262.1 
          49500           50452 
          49700         49648.7 
          49900         48879.3 
          50100         48116.1 
          50300         47326.3 
          50500         46633.1 
          50700         45912.7 
          50900         45136.7 
          51100         44494.1 
          51300         43171.5 
          51500         43166.4 
          51700         42420.1 
          51900         41871.4 
          52100         41242.4 
          52300         40624.6 
          52500         39991.7 
          52700         39319.8 
          52900         38838.6 
          53100           38266 
          53300         37702.2 
          53500         37149.8 
          53700         36518.2 
          53900         35996.1 
          54100         35552.8 
          54300         35039.7 
          54500         34534.4 
          54700         34039.3 
          54900         33553.1 
          55100         33051.8 
          55300         32412.8 
          55500         32145.4 
          55700         31692.7 
          55900         31248.1 
          56100         30810.3 
          56300         30381.4 
          56500           29959 
          56700         29544.1 
          56900         29136.6 
          57100         28479.9 
          57300         28336.5 
          57500         27955.2 
          57700           27575 
          57900         27200.5 
          58100         26833.9 
          58300         26471.7 
          58500         26133.6 
          58700         25784.1 
          58900         25420.4 
          59100         24698.5 
          59300         24764.7 
          59500         24179.2 
          59700         24053.4 
          59900         23803.8 
          60100         23492.3 
          60300         23186.5 
          60500         22885.3 
          60700         22588.5 
          60900         22297.1 
          61100         22010.1 
          61300         21727.4 
          61500         21449.8 
          61700         21176.4 
          61900         20907.1 
          62100         20642.7 
          62300         20382.2 
          62500         20125.7 
          62700         19865.2 
          62900         19344.9 
          63100         19359.7 
          63300         19138.8 
          63500         18901.6 
          63700           18668 
          63900         18437.8 
          64200         18099.6 
          64600         17660.4 
          65000           17235 
          65400         16821.4 
          65800         16420.9 
          66200         16032.2 
          66600         15654.2 
          67000         15288.2 
          67400         14926.5 
          67800         14467.3 
          68200         14249.5 
          68600         13924.5 
          69000         13607.7 
          69400         13294.8 
          69800         13000.6 
          70200         12709.9 
          70600         12427.2 
          71000         12142.6 
          71400           11885 
          71800         11625.1 
          72200         11371.6 
          72600         11110.1 
          73000         10886.2 
          73400         10653.2 
          73800           10426 
          74200         10196.2 
          74600         9892.84 
          75000         9607.44 
          75400          9572.7 
          75800         9378.17 
          76200          9184.6 
          76600         8995.83 
          77000         8812.38 
          77400         8632.86 
          77800         8425.44 
          78200         8288.34 
          78600         8122.48 
          79000         7960.76 
          79400         7803.06 
          79800         7648.72 
          80200         7498.81 
          80600         7352.08 
          81000         7209.59 
          81400         7035.43 
          81800         6927.38 
          82200         6801.03 
          82600         6671.27 
          83000         6544.78 
          83400         6420.95 
          83800         6300.25 
          84200         6182.08 
          84600         6066.91 
          85000         5954.67 
          85400         5844.78 
          85800         5737.19 
          86200         5632.35 
          86600         5487.51 
          87000          5429.2 
          87400         5304.17 
          87800         5208.54 
          88200         5142.04 
          88600          5050.6 
          89000         4961.07 
          89400         4873.41 
          89800         4787.58 
          90200            4704 
          90600         4621.71 
          91000         4541.77 
          91400         4463.32 
          91800         4386.56 
          92200          4311.4 
          92600         4236.09 
          93000         4165.93 
          93400         4095.48 
          93800         3991.51 
          94200         3955.39 
          94600         3892.89 
          95000         3826.57 
          95400         3761.97 
          95800         3702.63 
          96200         3641.82 
          96600         3582.25 
          97000         3523.86 
          97400         3466.66 
          97800         3410.63 
          98200          3355.4 
          98600         3296.53 
          99000         3249.15 
          99400         3197.47 
          99800         3146.81 
         100200         3097.16 
         200000         195.965 
         400000         12.1133 
         600000         2.37015 
         800000        0.744982 
         1.0e+6        0.303659 
         1.2e+6        0.145894 
         1.4e+6       0.0785077 
         1.6e+6       0.0458992 
