# Kurucz ODFNEW /NOVER (2003)
# teff = 7000 K (value for the effective temperature for the model. Temperatures are given in K)
# logg = 5 log(cm/s2) (value for Log(G) for the model.)
# meta = -0.5  (value for the Metallicity for the model.)
# lh = 1.25  (l/Hp where l is the  mixing length of the convective element and Hp is the pressure scale height)
# vtur = 2 km/s (Microturbulence velocity)
# alpha = 0  (Alpha)
#
# column 1: WAVELENGTH (ANGSTROM), Wavelength in Angstrom
# column 2: FLUX (ERG/CM2/S/A), Flux in erg/cm2/s/A
          193.9     3.88551e-54 
          198.4     1.15155e-52 
          201.8     1.34731e-51 
            205     1.26515e-50 
          210.5     5.02422e-49 
          216.2     1.86227e-47 
          219.8     1.65158e-46 
            223     1.07923e-45 
          226.8     9.35264e-45 
            230     5.44997e-44 
            234     4.59023e-43 
            240     9.78188e-42 
          246.5     2.26296e-40 
          252.4     3.39055e-39 
          256.8     2.34774e-38 
            260     9.19086e-38 
            264     4.82295e-37 
          268.5     2.92454e-36 
          273.5     2.01509e-35 
          278.5     1.29399e-34 
            284     9.24355e-34 
            290     7.22371e-33 
            296      5.1679e-32 
            301      2.5061e-31 
            308     2.08833e-30 
            318     3.64383e-29 
            328     5.29916e-28 
            338     6.52197e-27 
            348     6.90378e-26 
            357     5.12025e-25 
            366     3.42908e-24 
            375     2.08365e-23 
            385      1.3941e-22 
            395     8.41952e-22 
            405     4.62939e-21 
            414       1.993e-20 
            422     6.89809e-20 
            430     2.27321e-19 
            441     1.08681e-18 
            451     4.19735e-18 
            460     1.34246e-17 
            470     4.62189e-17 
            480     1.50509e-16 
            490     4.65663e-16 
            500     1.37114e-15 
            506     3.39789e-15 
            512     7.03853e-15 
            520     1.54621e-14 
            530     4.01715e-14 
            540     9.88269e-14 
            550     2.37557e-13 
            560      5.4866e-13 
            570     1.22712e-12 
            580     2.63218e-12 
            590     5.61122e-12 
            600      1.1508e-11 
            610     2.30037e-11 
            620     4.48479e-11 
            630     8.54195e-11 
            640      1.5919e-10 
            650      2.9047e-10 
            658     4.63085e-10 
            665     6.89115e-10 
            675      1.19751e-9 
            685       2.0438e-9 
            695      3.42837e-9 
            705      5.64922e-9 
            716      9.63546e-9 
            726      1.53929e-8 
            735      2.31836e-8 
            745       3.6068e-8 
            755      5.53788e-8 
            765      8.39751e-8 
            775      1.25759e-7 
            785      1.86211e-7 
            795      2.71342e-7 
            805      3.94121e-7 
            815      5.65396e-7 
            825      8.02306e-7 
            835      1.12766e-6 
            845      1.57023e-6 
            855      2.16733e-6 
            865      2.96545e-6 
            875      4.02028e-6 
            885        5.417e-6 
            895      7.23665e-6 
            905       9.5909e-6 
            915       0.0104128 
            925        0.037862 
            935       0.0511384 
            945       0.0701381 
            955       0.0968193 
            965        0.127774 
            975        0.159486 
            985        0.212706 
            995        0.267243 
           1005        0.356407 
           1015        0.449783 
           1025        0.537685 
           1035        0.721438 
           1045        0.911064 
           1055         1.13395 
           1065         1.40096 
           1075         1.75308 
           1085         2.17901 
           1095         2.65163 
           1105         6.54836 
           1115         17.7988 
           1125           25.24 
           1135         36.9733 
           1145         46.0371 
           1155         50.6627 
           1165          63.556 
           1175         74.6623 
           1185         76.0743 
           1195         47.7525 
           1205         38.4844 
           1215         15.7286 
           1225         46.2757 
           1235         107.776 
           1245         195.269 
           1255         305.588 
           1265         356.642 
           1275         481.982 
           1285         678.705 
           1295         809.878 
           1305         919.335 
           1315         1137.23 
           1325         1334.03 
           1335         1493.94 
           1345         1772.23 
           1355          1916.1 
           1365          2241.3 
           1375         2441.56 
           1385         2643.67 
           1395         3001.02 
           1405         3333.65 
           1415         3757.84 
           1425         4087.46 
           1435         4355.06 
           1442         5043.01 
           1447         5079.29 
           1455         5698.21 
           1465         5982.98 
           1475         6600.83 
           1485          7224.1 
           1495         8160.53 
           1505            9076 
           1512         9385.34 
           1517         9889.67 
           1525         11079.3 
           1535         15392.5 
           1545         18023.5 
           1555         19725.9 
           1565         18982.4 
           1575         23141.8 
           1585         25092.6 
           1595         27980.5 
           1605         29089.5 
           1615         32338.4 
           1625         35204.5 
           1635         44534.3 
           1645         57885.8 
           1655         49582.3 
           1665         81236.2 
           1672         69008.6 
           1677          122475 
           1685          219054 
           1695          238873 
           1705          596321 
           1715      1.38128e+6 
           1725      1.83919e+6 
           1735       2.7095e+6 
           1745      2.68781e+6 
           1755      3.75136e+6 
           1765      2.13977e+6 
           1775      3.29639e+6 
           1785      3.89508e+6 
           1795       5.1942e+6 
           1805      3.88151e+6 
           1815      4.04505e+6 
           1825      3.55948e+6 
           1835      3.86348e+6 
           1845      2.47318e+6 
           1855      3.64213e+6 
           1865      5.15072e+6 
           1875      4.81956e+6 
           1885      5.10625e+6 
           1895      5.53267e+6 
           1905      5.06635e+6 
           1915      5.85636e+6 
           1925      5.25472e+6 
           1935      2.96576e+6 
           1945        6.227e+6 
           1955      6.64348e+6 
           1967      7.61747e+6 
           1976      7.11049e+6 
           1984      6.58755e+6 
           1995      6.88776e+6 
           2005      6.10345e+6 
           2015      6.55575e+6 
           2025      5.33221e+6 
           2035      7.19832e+6 
           2045       7.9292e+6 
           2055      7.60163e+6 
           2065       7.2953e+6 
           2074      8.75744e+6 
           2078       9.9232e+6 
           2085      9.39305e+6 
           2095        8.577e+6 
           2105      8.26275e+6 
           2115      9.15037e+6 
           2125      8.79831e+6 
           2135      7.64034e+6 
           2145      9.52913e+6 
           2155      9.35734e+6 
           2165      8.38378e+6 
           2175      8.41118e+6 
           2185      9.76657e+6 
           2195      1.06419e+7 
           2205      9.89239e+6 
           2215      8.39348e+6 
           2225      8.95133e+6 
           2235      1.09974e+7 
           2245      1.00349e+7 
           2255      8.62954e+6 
           2265      8.26272e+6 
           2275      9.05424e+6 
           2285       1.0328e+7 
           2295      8.81129e+6 
           2305      9.99502e+6 
           2315      9.74999e+6 
           2325      9.48161e+6 
           2335      7.78993e+6 
           2345      5.63475e+6 
           2355      9.40053e+6 
           2365      6.15473e+6 
           2375      7.97723e+6 
           2385      4.82894e+6 
           2395      6.14974e+6 
           2405      6.16462e+6 
           2415      6.48076e+6 
           2425      9.38456e+6 
           2435      8.85779e+6 
           2445      1.01095e+7 
           2455      1.02042e+7 
           2465      1.02251e+7 
           2475      8.96186e+6 
           2485      7.81372e+6 
           2495      7.73548e+6 
           2505      1.04974e+7 
           2513      7.52782e+6 
           2518      6.34941e+6 
           2525      6.08381e+6 
           2535       6.0529e+6 
           2545      5.77394e+6 
           2555      7.53052e+6 
           2565      7.42325e+6 
           2575      9.46394e+6 
           2585      9.47599e+6 
           2595      9.17708e+6 
           2605      8.21185e+6 
           2615      7.38063e+6 
           2625      9.78478e+6 
           2635        1.132e+7 
           2645      1.40923e+7 
           2655      1.54822e+7 
           2665      1.23704e+7 
           2675      1.37248e+7 
           2685      1.45806e+7 
           2695        1.211e+7 
           2705      1.33593e+7 
           2715       1.1253e+7 
           2725      1.14166e+7 
           2735      1.24967e+7 
           2745      8.45651e+6 
           2755      1.00426e+7 
           2765      1.17559e+7 
           2775      1.29594e+7 
           2785      9.95322e+6 
           2795      3.61682e+6 
           2805      4.95569e+6 
           2815      1.35774e+7 
           2825       1.5474e+7 
           2835      1.46849e+7 
           2845      1.31366e+7 
           2855      8.66045e+6 
           2865      1.44262e+7 
           2875      1.49099e+7 
           2885      1.43296e+7 
           2895      1.44987e+7 
           2910      1.70483e+7 
           2930      1.59044e+7 
           2950      1.57094e+7 
           2970      1.65351e+7 
           2990      1.63694e+7 
           3010      1.67377e+7 
           3030      1.67517e+7 
           3050      1.71204e+7 
           3070      1.74556e+7 
           3090      1.74194e+7 
           3110      1.72568e+7 
           3130      1.72508e+7 
           3150       1.7348e+7 
           3170      1.76115e+7 
           3190      1.62611e+7 
           3210      1.69881e+7 
           3230      1.57207e+7 
           3250      1.70719e+7 
           3270      1.81581e+7 
           3290      1.81023e+7 
           3310      1.84512e+7 
           3330      1.81099e+7 
           3350      1.78557e+7 
           3370      1.70669e+7 
           3390      1.75513e+7 
           3410      1.73486e+7 
           3430      1.76496e+7 
           3450      1.75706e+7 
           3470      1.75588e+7 
           3490      1.78268e+7 
           3510      1.80523e+7 
           3530       1.7517e+7 
           3550       1.8552e+7 
           3570      1.71257e+7 
           3590      1.68615e+7 
           3610       1.7142e+7 
           3630      1.73079e+7 
           3640       1.7253e+7 
           3650      1.83842e+7 
           3670      1.82076e+7 
           3690      1.77138e+7 
           3710      1.77106e+7 
           3730      1.63354e+7 
           3750      1.77648e+7 
           3770      1.86614e+7 
           3790      2.07239e+7 
           3810       2.2641e+7 
           3830      1.81694e+7 
           3850      2.37396e+7 
           3870      2.48627e+7 
           3890       1.8973e+7 
           3910      2.47578e+7 
           3930      1.90647e+7 
           3950      2.43072e+7 
           3970      1.67224e+7 
           3990      2.54409e+7 
           4010      2.68629e+7 
           4030      2.68405e+7 
           4050      2.64038e+7 
           4070      2.57105e+7 
           4090      2.41197e+7 
           4110      2.04762e+7 
           4130      2.58789e+7 
           4150      2.63913e+7 
           4170      2.64637e+7 
           4190      2.59477e+7 
           4210      2.59547e+7 
           4230      2.51456e+7 
           4250      2.56061e+7 
           4270      2.51995e+7 
           4290      2.47788e+7 
           4310      2.31966e+7 
           4330      2.20827e+7 
           4350      1.98288e+7 
           4370      2.49925e+7 
           4390      2.47907e+7 
           4410         2.47e+7 
           4430      2.47366e+7 
           4450      2.46175e+7 
           4470      2.46598e+7 
           4490      2.46816e+7 
           4510      2.52022e+7 
           4530      2.42954e+7 
           4550      2.42679e+7 
           4570        2.481e+7 
           4590      2.41937e+7 
           4610      2.43689e+7 
           4630      2.40498e+7 
           4650      2.40612e+7 
           4670      2.41907e+7 
           4690      2.37621e+7 
           4710      2.30055e+7 
           4730      2.36617e+7 
           4750      2.35847e+7 
           4770       2.3447e+7 
           4790      2.32072e+7 
           4810      2.30163e+7 
           4830      2.25451e+7 
           4850      2.00501e+7 
           4870      1.70535e+7 
           4890      2.16407e+7 
           4910      2.20445e+7 
           4930      2.17033e+7 
           4950      2.19496e+7 
           4970      2.21088e+7 
           4990       2.1413e+7 
           5010      2.09422e+7 
           5030      2.14922e+7 
           5050      2.12011e+7 
           5070      2.14211e+7 
           5090       2.1099e+7 
           5110      2.11116e+7 
           5130      2.08271e+7 
           5150      2.04341e+7 
           5170      1.96801e+7 
           5190      1.96042e+7 
           5210      1.99772e+7 
           5230      1.99652e+7 
           5250         2.03e+7 
           5270      1.92021e+7 
           5290      1.99215e+7 
           5310      1.99133e+7 
           5330      1.91502e+7 
           5350      1.95824e+7 
           5370      1.93598e+7 
           5390      1.92656e+7 
           5410      1.88737e+7 
           5430      1.90403e+7 
           5450      1.90061e+7 
           5470      1.88573e+7 
           5490      1.88127e+7 
           5510      1.87533e+7 
           5530      1.85858e+7 
           5550      1.86282e+7 
           5570      1.82907e+7 
           5590      1.81034e+7 
           5610      1.80955e+7 
           5630       1.8149e+7 
           5650      1.80419e+7 
           5670         1.78e+7 
           5690      1.77973e+7 
           5710      1.76197e+7 
           5730       1.7739e+7 
           5750       1.7519e+7 
           5770      1.74589e+7 
           5790      1.73148e+7 
           5810      1.72572e+7 
           5830      1.71856e+7 
           5850      1.69923e+7 
           5870      1.69051e+7 
           5890      1.64756e+7 
           5910      1.67019e+7 
           5930      1.66001e+7 
           5950      1.65238e+7 
           5970      1.64197e+7 
           5990      1.63018e+7 
           6010      1.61559e+7 
           6030      1.60344e+7 
           6050      1.60336e+7 
           6070      1.59445e+7 
           6090      1.58023e+7 
           6110      1.56637e+7 
           6130      1.53882e+7 
           6150      1.53511e+7 
           6170      1.51527e+7 
           6190      1.53037e+7 
           6210      1.52356e+7 
           6230      1.50448e+7 
           6250      1.48107e+7 
           6270      1.49502e+7 
           6290      1.48724e+7 
           6310      1.46695e+7 
           6330      1.46127e+7 
           6350       1.4532e+7 
           6370      1.44446e+7 
           6390       1.4382e+7 
           6410      1.41869e+7 
           6430      1.41535e+7 
           6450      1.39825e+7 
           6470      1.39151e+7 
           6490      1.37463e+7 
           6510      1.37206e+7 
           6530      1.34821e+7 
           6550      1.24068e+7 
           6570      1.04174e+7 
           6590      1.29827e+7 
           6610      1.32966e+7 
           6630      1.33022e+7 
           6650      1.32572e+7 
           6670      1.31558e+7 
           6690      1.31437e+7 
           6710      1.30421e+7 
           6730      1.29846e+7 
           6750       1.2878e+7 
           6770      1.28259e+7 
           6790      1.27447e+7 
           6810      1.26594e+7 
           6830      1.25894e+7 
           6850      1.24807e+7 
           6870      1.24337e+7 
           6890      1.23656e+7 
           6910       1.2287e+7 
           6930      1.22123e+7 
           6950      1.21382e+7 
           6970      1.20671e+7 
           6990      1.19996e+7 
           7010      1.18646e+7 
           7030      1.18315e+7 
           7050      1.17781e+7 
           7070       1.1701e+7 
           7090      1.16313e+7 
           7110       1.1516e+7 
           7130      1.14582e+7 
           7150      1.13787e+7 
           7170      1.13131e+7 
           7190      1.12073e+7 
           7210      1.11734e+7 
           7230      1.11276e+7 
           7250      1.10706e+7 
           7270      1.10119e+7 
           7290      1.08856e+7 
           7310       1.0867e+7 
           7330      1.07861e+7 
           7350      1.07574e+7 
           7370      1.06963e+7 
           7390      1.05813e+7 
           7410      1.04687e+7 
           7430      1.04479e+7 
           7450      1.04047e+7 
           7470      1.03599e+7 
           7490      1.02758e+7 
           7510      1.02298e+7 
           7530      1.01862e+7 
           7550      1.01428e+7 
           7570      1.00689e+7 
           7590        1.001e+7 
           7610      9.94839e+6 
           7630      9.89825e+6 
           7650      9.83369e+6 
           7670      9.71971e+6 
           7690      9.70808e+6 
           7710       9.6394e+6 
           7730      9.60787e+6 
           7750      9.52008e+6 
           7770      9.42122e+6 
           7790      9.45236e+6 
           7810      9.39104e+6 
           7830      9.30811e+6 
           7850      9.25951e+6 
           7870      9.22528e+6 
           7890      9.17192e+6 
           7910      9.11175e+6 
           7930      9.00054e+6 
           7950      8.96604e+6 
           7970      8.97033e+6 
           7990      8.91485e+6 
           8010      8.84397e+6 
           8030      8.79997e+6 
           8050      8.74176e+6 
           8070      8.71179e+6 
           8090      8.63826e+6 
           8110      8.61289e+6 
           8130      8.57285e+6 
           8150      8.52005e+6 
           8170      8.46936e+6 
           8190      8.33088e+6 
           8210      8.32555e+6 
           8230      8.26289e+6 
           8250      8.24391e+6 
           8270      8.23658e+6 
           8290      8.18647e+6 
           8310      8.11492e+6 
           8330      8.02008e+6 
           8350      8.03412e+6 
           8370      8.00599e+6 
           8390      7.92077e+6 
           8410      7.91457e+6 
           8430      7.85161e+6 
           8450      7.77544e+6 
           8470      7.74507e+6 
           8490      7.69451e+6 
           8510      7.46175e+6 
           8530      7.60595e+6 
           8550       6.9958e+6 
           8570      7.58025e+6 
           8590      7.45667e+6 
           8610       7.3931e+6 
           8630      7.46611e+6 
           8650      7.36415e+6 
           8670      6.73332e+6 
           8690      7.25162e+6 
           8710      7.31618e+6 
           8730       7.2214e+6 
           8750      6.81348e+6 
           8770      7.10915e+6 
           8790      7.16606e+6 
           8810       7.0957e+6 
           8830      7.05441e+6 
           8850       6.8571e+6 
           8870      6.45608e+6 
           8890      6.92376e+6 
           8910      6.95013e+6 
           8930      6.90723e+6 
           8950      6.90555e+6 
           8970      6.85419e+6 
           8990      6.74821e+6 
           9010      6.13449e+6 
           9030      6.42336e+6 
           9050      6.67605e+6 
           9070      6.60955e+6 
           9090      6.51621e+6 
           9110      6.58613e+6 
           9130      6.60521e+6 
           9150      6.56917e+6 
           9170      6.51994e+6 
           9190      6.45457e+6 
           9210      6.24536e+6 
           9230      5.56872e+6 
           9250      6.11265e+6 
           9270      6.26911e+6 
           9290      6.31286e+6 
           9310      6.29751e+6 
           9330      6.27054e+6 
           9350      6.24202e+6 
           9370      6.21325e+6 
           9390      6.17656e+6 
           9410      6.00355e+6 
           9430      6.08911e+6 
           9450      6.05281e+6 
           9470      6.03442e+6 
           9490      5.99144e+6 
           9510      5.91211e+6 
           9530      5.71559e+6 
           9550      5.06712e+6 
           9570      5.69548e+6 
           9590      5.80119e+6 
           9610      5.78155e+6 
           9630      5.74456e+6 
           9650      5.75112e+6 
           9670      5.69512e+6 
           9690      5.69772e+6 
           9710      5.68386e+6 
           9730      5.65495e+6 
           9750      5.60839e+6 
           9770      5.59295e+6 
           9790      5.56423e+6 
           9810      5.53882e+6 
           9830      5.50851e+6 
           9850      5.47606e+6 
           9870      5.44229e+6 
           9890      5.40066e+6 
           9910       5.3785e+6 
           9930      5.36603e+6 
           9950      5.33534e+6 
           9970      5.30069e+6 
           9990      5.25948e+6 
          10025       5.0249e+6 
          10075      4.84191e+6 
          10125      5.07607e+6 
          10175      5.02812e+6 
          10225      4.98123e+6 
          10275      4.92538e+6 
          10325      4.85164e+6 
          10375      4.79624e+6 
          10425      4.74271e+6 
          10475      4.65532e+6 
          10525      4.62275e+6 
          10575      4.55657e+6 
          10625      4.49643e+6 
          10675        4.383e+6 
          10725      4.37335e+6 
          10775      4.32409e+6 
          10825      4.24823e+6 
          10875      4.18186e+6 
          10925      3.80373e+6 
          10975      3.98871e+6 
          11025      4.07039e+6 
          11075      4.04969e+6 
          11125      3.99937e+6 
          11175      3.94949e+6 
          11225      3.91229e+6 
          11275      3.83588e+6 
          11325      3.79768e+6 
          11375      3.76728e+6 
          11425      3.71071e+6 
          11475       3.6916e+6 
          11525      3.65028e+6 
          11575      3.60419e+6 
          11625       3.5412e+6 
          11675      3.49435e+6 
          11725       3.4879e+6 
          11775      3.40318e+6 
          11825      3.38066e+6 
          11875      3.33809e+6 
          11925      3.33586e+6 
          11975      3.25604e+6 
          12025      3.24205e+6 
          12075      3.20078e+6 
          12125      3.17649e+6 
          12175      3.15401e+6 
          12225      3.11869e+6 
          12275      3.07633e+6 
          12325      3.04919e+6 
          12375      3.01574e+6 
          12425       2.9842e+6 
          12475       2.9533e+6 
          12525      2.91849e+6 
          12575      2.88151e+6 
          12625      2.85093e+6 
          12675      2.81886e+6 
          12725      2.78047e+6 
          12775      2.69273e+6 
          12825      2.38524e+6 
          12875       2.6497e+6 
          12925      2.66442e+6 
          12975      2.64795e+6 
          13025      2.62344e+6 
          13075      2.60033e+6 
          13125      2.56393e+6 
          13175      2.53496e+6 
          13225      2.52057e+6 
          13275      2.49029e+6 
          13325      2.46696e+6 
          13375      2.44118e+6 
          13425      2.41864e+6 
          13475      2.39367e+6 
          13525      2.36756e+6 
          13575      2.33912e+6 
          13625      2.32056e+6 
          13675      2.29536e+6 
          13725      2.26327e+6 
          13775      2.24707e+6 
          13825      2.22532e+6 
          13875      2.20794e+6 
          13925      2.18221e+6 
          13975      2.16122e+6 
          14025      2.13779e+6 
          14075      2.12016e+6 
          14125      2.09366e+6 
          14175      2.07854e+6 
          14225      2.04999e+6 
          14275      2.02586e+6 
          14325      2.01651e+6 
          14375      1.99886e+6 
          14425      1.94737e+6 
          14475      1.95857e+6 
          14525      1.92279e+6 
          14570      1.91697e+6 
          14620      1.89806e+6 
          14675      1.88124e+6 
          14725      1.85719e+6 
          14775       1.8367e+6 
          14825      1.82313e+6 
          14875       1.7874e+6 
          14925       1.7954e+6 
          14975      1.77335e+6 
          15025      1.73837e+6 
          15075      1.72719e+6 
          15125      1.72518e+6 
          15175       1.7099e+6 
          15225      1.68796e+6 
          15275      1.67451e+6 
          15325      1.65799e+6 
          15375      1.64116e+6 
          15425      1.62168e+6 
          15475      1.60948e+6 
          15525      1.59382e+6 
          15575      1.57413e+6 
          15625      1.56685e+6 
          15675      1.54276e+6 
          15725      1.52344e+6 
          15775      1.50174e+6 
          15825      1.49933e+6 
          15875      1.45449e+6 
          15925      1.46737e+6 
          15975      1.45892e+6 
          16050      1.43058e+6 
          16150      1.38757e+6 
          16250      1.38859e+6 
          16350      1.33896e+6 
          16450      1.28797e+6 
          16550      1.30641e+6 
          16650      1.27992e+6 
          16750      1.22012e+6 
          16850      1.16416e+6 
          16950      1.20089e+6 
          17050      1.17707e+6 
          17150      1.15176e+6 
          17250      1.11663e+6 
          17350      1.01756e+6 
          17450      1.05961e+6 
          17550       1.0585e+6 
          17650      1.03894e+6 
          17750      1.02051e+6 
          17850      1.00018e+6 
          17950          979489 
          18050          951714 
          18150          863868 
          18250          894423 
          18350          899816 
          18450          882474 
          18550          865760 
          18650          839745 
          18750          747003 
          18850          804027 
          18950          794756 
          19050          788178 
          19150          772787 
          19250          756402 
          19350          732445 
          19450          659904 
          19550          705796 
          19650          701304 
          19750          688483 
          19850          678170 
          19950          665605 
          20050          654231 
          20150          642900 
          20250          630237 
          20350          617490 
          20450          608646 
          20550          597589 
          20650          585287 
          20750          576045 
          20850          566157 
          20950          554885 
          21050          546284 
          21150          536128 
          21250          526672 
          21350          517717 
          21450          508128 
          21550          494507 
          21650          446516 
          21750          473780 
          21850          472815 
          21950          467789 
          22050          458527 
          22150          451809 
          22250          444812 
          22350          437446 
          22450          430217 
          22550          422076 
          22650          415838 
          22750          409264 
          22850          402111 
          22950          395982 
          23050          390037 
          23150          383560 
          23250          377648 
          23350          371331 
          23450          365814 
          23550          359977 
          23650          354447 
          23750          348456 
          23850          342970 
          23950          338037 
          24050          332685 
          24150          327403 
          24250          322543 
          24350          317384 
          24450          312770 
          24550          307320 
          24650          303288 
          24750          298518 
          24850          293088 
          24950          289484 
          25050          285557 
          25150          281271 
          25250          276726 
          25350          272964 
          25450          268915 
          25550          264673 
          25650          259877 
          25750          257294 
          25850          252984 
          25950          249835 
          26050          245240 
          26150          238558 
          26250          219894 
          26350          232270 
          26450          231799 
          26550          228982 
          26650          224848 
          26750          219858 
          26850          219404 
          26950          217152 
          27050          214421 
          27150          211460 
          27250          208536 
          27350          205503 
          27450          202063 
          27550          195467 
          27650          194878 
          27750          194117 
          27850          192007 
          27950          189550 
          28050          186985 
          28150          184504 
          28250          182020 
          28350          179636 
          28450          177012 
          28550          174318 
          28650          170382 
          28750          164313 
          28850          166937 
          28950          165633 
          29050          163695 
          29150          161510 
          29250          159390 
          29350          157462 
          29450          155378 
          29550          153448 
          29650          151494 
          29750          149549 
          29850          147669 
          29950          145748 
          30050          143891 
          30150          141973 
          30250          139594 
          30350          133531 
          30450          133683 
          30550          134598 
          30650          133360 
          30750          131861 
          30850          130144 
          30950          128569 
          31050          127027 
          31150          125122 
          31250          123929 
          31350          122461 
          31450          120964 
          31550          119392 
          31650          118127 
          31750          116629 
          31850          115304 
          31950          113952 
          32100          111877 
          32300          109301 
          32500          106736 
          32700          104124 
          32900         98476.4 
          33100         98534.7 
          33300         97011.5 
          33500           95061 
          33700         92851.3 
          33900         90778.8 
          34100         88738.6 
          34300         86880.7 
          34500           85028 
          34700         83137.1 
          34900         81345.7 
          35100         79583.4 
          35300         77846.8 
          35500         76203.8 
          35700         74545.4 
          35900         72971.8 
          36100         71451.4 
          36300         69960.1 
          36500           68432 
          36700         66997.3 
          36900         65495.5 
          37100         64139.9 
          37300         61913.2 
          37500         60150.8 
          37700         60354.5 
          37900         59205.2 
          38100         57983.1 
          38300         56870.6 
          38500         55793.3 
          38700         54647.1 
          38900         53571.3 
          39100         52428.3 
          39300         51539.9 
          39500         50521.9 
          39700         49576.8 
          39900         48553.3 
          40100         47538.4 
          40300         46575.9 
          40500         44486.3 
          40700           44919 
          40900         44163.2 
          41100         43370.9 
          41300           42572 
          41500         41740.5 
          41700         40723.6 
          41900         40215.6 
          42100         39460.3 
          42300         38822.7 
          42500           38112 
          42700         37435.5 
          42900         36765.9 
          43100         36111.2 
          43300         35460.9 
          43500           34819 
          43700         33891.4 
          43900         33507.1 
          44100         33012.1 
          44300         32459.4 
          44500         31903.8 
          44700         31373.8 
          44900         30835.2 
          45100         30310.5 
          45300         29797.4 
          45500         29292.2 
          45700         28794.6 
          45900           28310 
          46100         27839.8 
          46300         27339.7 
          46500         26085.8 
          46700         26030.4 
          46900         25973.2 
          47100         25617.3 
          47300         25207.5 
          47500         24795.3 
          47700         24397.4 
          47900         24005.2 
          48100         23620.4 
          48300         23244.3 
          48500         22873.6 
          48700         22511.4 
          48900         22157.5 
          49100         21805.5 
          49300         21467.7 
          49500         21128.5 
          49700         20801.7 
          49900           20484 
          50100         20164.7 
          50300         19857.3 
          50500           19554 
          50700         19256.4 
          50900           18960 
          51100         18634.4 
          51300         18052.8 
          51500         18096.1 
          51700         17849.2 
          51900         17583.3 
          52100         17319.4 
          52300         17064.7 
          52500           16816 
          52700         16569.2 
          52900           16327 
          53100         16089.4 
          53300         15856.1 
          53500         15625.9 
          53700         15396.1 
          53900         15178.3 
          54100         14964.6 
          54300           14746 
          54500         14540.3 
          54700         14325.9 
          54900         14131.7 
          55100         13933.7 
          55300         13735.8 
          55500         13547.7 
          55700         13358.3 
          55900         13168.9 
          56100         12991.3 
          56300         12812.4 
          56500         12638.1 
          56700         12464.7 
          56900         12294.6 
          57100         12117.4 
          57300         11964.1 
          57500         11803.5 
          57700         11643.8 
          57900         11488.2 
          58100         11334.4 
          58300         11184.8 
          58500           11038 
          58700         10891.1 
          58900         10720.3 
          59100         10379.9 
          59300         10454.7 
          59500         10297.4 
          59700         10187.5 
          59900         10065.2 
          60100         9934.39 
          60300         9807.98 
          60500         9682.21 
          60700         9557.37 
          60900         9433.75 
          61100         9310.74 
          61300         9197.55 
          61500         9082.24 
          61700         8967.84 
          61900         8855.22 
          62100         8744.45 
          62300         8629.96 
          62500         8525.73 
          62700          8419.3 
          62900         8275.86 
          63100         8206.92 
          63300          8114.9 
          63500         8015.56 
          63700         7916.75 
          63900         7820.86 
          64200         7679.66 
          64600         7494.58 
          65000         7315.24 
          65400         7143.67 
          65800         6975.47 
          66200         6812.08 
          66600         6653.64 
          67000         6499.23 
          67400         6347.19 
          67800         6177.61 
          68200         6063.48 
          68600         5926.37 
          69000         5793.06 
          69400         5663.27 
          69800         5537.77 
          70200         5414.29 
          70600         5295.98 
          71000          5180.5 
          71400         5067.71 
          71800         4957.91 
          72200          4850.8 
          72600         4747.18 
          73000         4646.52 
          73400         4547.55 
          73800         4452.26 
          74200         4358.61 
          74600         4207.54 
          75000         4111.01 
          75400         4090.23 
          75800         4009.28 
          76200          3927.4 
          76600         3847.77 
          77000         3769.96 
          77400         3694.18 
          77800         3620.26 
          78200          3548.2 
          78600         3477.91 
          79000         3409.34 
          79400         3342.45 
          79800         3277.19 
          80200         3213.48 
          80600         3151.16 
          81000         3090.78 
          81400         3030.29 
          81800         2973.42 
          82200         2917.39 
          82600         2862.32 
          83000         2808.55 
          83400         2755.78 
          83800         2704.54 
          84200         2654.56 
          84600         2605.62 
          85000          2557.8 
          85400         2511.06 
          85800         2465.39 
          86200         2420.71 
          86600         2374.74 
          87000         2334.44 
          87400         2283.43 
          87800         2242.78 
          88200         2212.07 
          88600          2172.9 
          89000         2134.77 
          89400         2097.56 
          89800         2060.88 
          90200         2025.37 
          90600          1990.5 
          91000         1956.12 
          91400         1922.71 
          91800         1890.08 
          92200         1858.02 
          92600         1826.67 
          93000         1795.97 
          93400         1765.85 
          93800         1732.62 
          94200         1707.24 
          94600         1679.32 
          95000         1651.68 
          95400         1624.49 
          95800         1598.06 
          96200         1571.98 
          96600         1546.59 
          97000         1521.61 
          97400         1496.99 
          97800         1473.19 
          98200         1449.69 
          98600         1426.67 
          99000          1404.1 
          99400         1381.95 
          99800         1360.27 
         100200            1339 
         200000         86.7165 
         400000         5.44963 
         600000         1.07221 
         800000        0.337561 
         1.0e+6        0.137582 
         1.2e+6        0.066048 
         1.4e+6        0.035501 
         1.6e+6       0.0207304 
