# Kurucz ODFNEW /NOVER (2003)
# teff = 4000 K (value for the effective temperature for the model. Temperatures are given in K)
# logg = 5 log(cm/s2) (value for Log(G) for the model.)
# meta = -1.5  (value for the Metallicity for the model.)
# lh = 1.25  (l/Hp where l is the  mixing length of the convective element and Hp is the pressure scale height)
# vtur = 2 km/s (Microturbulence velocity)
# alpha = 0.4  (Alpha)
#
# column 1: WAVELENGTH (ANGSTROM), Wavelength in Angstrom
# column 2: FLUX (ERG/CM2/S/A), Flux in erg/cm2/s/A
          147.2    4.98786e-148 
            151    5.24936e-144 
          155.2    8.59405e-140 
          158.8    2.32514e-136 
            162    1.94064e-133 
            166    6.02075e-130 
          170.3    2.22956e-126 
          173.4    6.45065e-124 
          176.8    2.56313e-121 
          180.2    8.10329e-119 
          181.7    9.58082e-118 
          186.1      1.065e-114 
            191    1.78601e-111 
          193.9    1.20663e-109 
          198.4    6.50964e-107 
          201.8    6.26078e-105 
            205    4.00611e-103 
          210.5    3.75741e-100 
          216.2     3.11442e-97 
          219.8     1.80933e-95 
            223     5.97325e-94 
          226.8     3.33919e-92 
            230     8.91617e-91 
            234     4.74806e-89 
            240     1.43366e-86 
          246.5     5.06774e-84 
          252.4     7.98807e-82 
          256.8      2.9819e-80 
            260     3.83512e-79 
            264     8.54798e-78 
          268.5     2.50544e-76 
          273.5     9.35449e-75 
          278.5     3.06392e-73 
            284     1.22969e-71 
            290     5.86238e-70 
            296     2.37752e-68 
            301     4.64337e-67 
            308     2.52135e-65 
            318     5.54827e-63 
            328     8.71999e-61 
            338     1.00758e-58 
            348     8.80448e-57 
            357     3.94497e-55 
            366     1.46123e-53 
            375     4.52397e-52 
            385     1.69029e-50 
            395     5.22556e-49 
            405     1.35687e-47 
            414     2.21537e-46 
            422     2.39068e-45 
            430     2.35492e-44 
            441       4.755e-43 
            451     6.40196e-42 
            460     6.01432e-41 
            470      6.5318e-40 
            480     6.39622e-39 
            490      5.6897e-38 
            500      4.6175e-37 
            506     2.13631e-36 
            512     7.85595e-36 
            520     3.63675e-35 
            530     2.32287e-34 
            540     1.36145e-33 
            550     7.54667e-33 
            560     3.90304e-32 
            570     1.90023e-31 
            580     8.64383e-31 
            590     3.80485e-30 
            600     1.57379e-29 
            610     6.19898e-29 
            620     2.33055e-28 
            630     8.38249e-28 
            640     2.89206e-27 
            650     9.58542e-27 
            658      2.4318e-26 
            665     5.38543e-26 
            675     1.62706e-25 
            685     4.75102e-25 
            695     1.34258e-24 
            705     3.67645e-24 
            716      1.0762e-23 
            726     2.77224e-23 
            735     6.34776e-23 
            745      1.5545e-22 
            755     3.71201e-22 
            765     8.65179e-22 
            775     1.96988e-21 
            785     4.38638e-21 
            795     9.55019e-21 
            805     2.03973e-20 
            815     4.26865e-20 
            825     8.76309e-20 
            835     1.76638e-19 
            845     3.49022e-19 
            855     6.74379e-19 
            865      1.2812e-18 
            875     2.39444e-18 
            885      4.3943e-18 
            895     7.99573e-18 
            905     1.42099e-17 
            915     1.33147e-14 
            925     5.69525e-14 
            935     9.07365e-14 
            945     1.35754e-13 
            955     2.64732e-13 
            965     4.85058e-13 
            975     7.49199e-13 
            985     1.41016e-12 
            995     2.52406e-12 
           1005     3.71584e-12 
           1015     5.94847e-12 
           1025     9.76189e-12 
           1035     1.92401e-11 
           1045     2.94046e-11 
           1055     3.83761e-11 
           1065     7.94628e-11 
           1075     1.14017e-10 
           1085     2.12925e-10 
           1095     2.90666e-10 
           1105     4.53485e-10 
           1115     6.34354e-10 
           1125      1.17845e-9 
           1135      1.83056e-9 
           1145      2.82697e-9 
           1155      4.33174e-9 
           1165       5.9384e-9 
           1175      9.12337e-9 
           1185      1.29465e-8 
           1195      1.81666e-8 
           1205      2.29028e-8 
           1215      1.51092e-8 
           1225      4.28565e-8 
           1235      7.91435e-8 
           1245      1.13608e-7 
           1255      1.64096e-7 
           1265      2.43357e-7 
           1275      3.27663e-7 
           1285      5.04009e-7 
           1295      6.42452e-7 
           1305      1.11668e-6 
           1315      1.46847e-6 
           1325      2.16494e-6 
           1335      2.67123e-6 
           1345      3.90969e-6 
           1355      5.24398e-6 
           1365      6.97785e-6 
           1375      8.44352e-6 
           1385      1.02893e-5 
           1395      1.36521e-5 
           1405       1.7912e-5 
           1415      2.46521e-5 
           1425      2.62776e-5 
           1435      3.77749e-5 
           1442      5.31224e-5 
           1447      4.39288e-5 
           1455      5.57738e-5 
           1465      6.96192e-5 
           1475      7.85762e-5 
           1485      9.28231e-5 
           1495     0.000131999 
           1505     0.000175988 
           1512     0.000145094 
           1517     0.000168942 
           1525     0.000225523 
           1535     0.000303769 
           1545     0.000282015 
           1555     0.000373189 
           1565     0.000413626 
           1575     0.000535884 
           1585     0.000617334 
           1595     0.000696632 
           1605      0.00081562 
           1615     0.000966167 
           1625       0.0011121 
           1635      0.00137987 
           1645      0.00174246 
           1655      0.00190894 
           1665      0.00248985 
           1672      0.00259155 
           1677      0.00320531 
           1685      0.00396152 
           1695      0.00521568 
           1705      0.00600131 
           1715      0.00730589 
           1725       0.0093665 
           1735       0.0112119 
           1745       0.0145284 
           1755        0.015699 
           1765       0.0206068 
           1775        0.020331 
           1785       0.0361911 
           1795       0.0311437 
           1805       0.0558614 
           1815       0.0419703 
           1825       0.0638487 
           1835         0.05956 
           1845       0.0961527 
           1855       0.0713733 
           1865         0.13489 
           1875        0.123757 
           1885        0.163543 
           1895        0.196336 
           1905        0.219122 
           1915        0.325856 
           1925        0.264723 
           1935        0.202762 
           1945        0.394722 
           1955        0.610087 
           1967        0.621954 
           1976        0.764318 
           1984          1.0702 
           1995        0.881636 
           2005         1.08454 
           2015         1.20593 
           2025         1.05284 
           2035         1.36092 
           2045         1.38304 
           2055         1.70281 
           2065         1.54014 
           2074          1.2878 
           2078         1.94172 
           2085         2.42318 
           2095          3.5647 
           2105         3.65292 
           2115         3.41583 
           2125         4.23998 
           2135         5.79885 
           2145         3.82893 
           2155         5.37461 
           2165         5.01138 
           2175         5.38819 
           2185         4.94752 
           2195          9.6684 
           2205         6.94404 
           2215         9.61745 
           2225         7.26227 
           2235         15.0836 
           2245         16.6523 
           2255         25.1915 
           2265         8.68569 
           2275         20.7012 
           2285         19.9533 
           2295         41.0388 
           2305         9.63552 
           2315         59.8166 
           2325         35.0983 
           2335         73.6845 
           2345         43.3658 
           2355         24.7121 
           2365         41.8151 
           2375         34.3581 
           2385         88.3438 
           2395         72.1339 
           2405         203.357 
           2415         87.5513 
           2425         103.007 
           2435         198.562 
           2445         324.548 
           2455         423.789 
           2465         185.921 
           2475         438.124 
           2485         101.777 
           2495         107.269 
           2505         259.003 
           2513         152.776 
           2518         159.763 
           2525         238.897 
           2535         763.633 
           2545         1098.02 
           2555         1446.49 
           2565         559.543 
           2575         1031.62 
           2585         684.934 
           2595         822.603 
           2605         1288.46 
           2615         982.505 
           2625         1926.89 
           2635          3873.3 
           2645          3168.8 
           2655         4213.11 
           2665         4016.69 
           2675         2305.14 
           2685         3900.27 
           2695         2201.13 
           2705         4440.68 
           2715         3966.19 
           2725         2982.08 
           2735         3166.55 
           2745         4800.07 
           2755         4432.19 
           2765         6147.24 
           2775         7257.57 
           2785         3844.66 
           2795         4243.74 
           2805         4394.33 
           2815         3863.36 
           2825         3657.58 
           2835         2416.63 
           2845         1184.36 
           2855         448.196 
           2865         2299.14 
           2875         3524.85 
           2885         5927.12 
           2895         8155.78 
           2910         11452.1 
           2930         15440.2 
           2950         15465.3 
           2970           15139 
           2990         18263.2 
           3010           19065 
           3030         22725.1 
           3050         27401.9 
           3070         18815.5 
           3090         14293.3 
           3110         23069.4 
           3130           23958 
           3150         30248.8 
           3170         47345.6 
           3190         45624.7 
           3210         54015.4 
           3230         58331.7 
           3250         86673.6 
           3270          112794 
           3290          121580 
           3310          106337 
           3330          101870 
           3350         92499.7 
           3370         62200.5 
           3390         90119.9 
           3410          108009 
           3430          131791 
           3450          115986 
           3470          124577 
           3490          155240 
           3510          191858 
           3530          190473 
           3550          254637 
           3570          153578 
           3590          143210 
           3610          187999 
           3630          216905 
           3640          229357 
           3650          240157 
           3670          313519 
           3690          266722 
           3710          225620 
           3730          113542 
           3750          144597 
           3770          279375 
           3790          304917 
           3810          294795 
           3830          141712 
           3850          239778 
           3870          237351 
           3890          245077 
           3910          273033 
           3930          108307 
           3950          215447 
           3970          146182 
           3990          375000 
           4010          471612 
           4030          413614 
           4050          462089 
           4070          434225 
           4090          489353 
           4110          316601 
           4130          384860 
           4150          333954 
           4170          359963 
           4190          394817 
           4210          365292 
           4230          238865 
           4250          419997 
           4270          420969 
           4290          418936 
           4310          447384 
           4330          574009 
           4350          608461 
           4370          629714 
           4390          580026 
           4410          597228 
           4430          617647 
           4450          628811 
           4470          704743 
           4490          726621 
           4510          773514 
           4530          673383 
           4550          749892 
           4570          776822 
           4590          778436 
           4610          803250 
           4630          826798 
           4650          790988 
           4670          839988 
           4690          822700 
           4710          793991 
           4730          793976 
           4750          776401 
           4770          696107 
           4790          722866 
           4810          838193 
           4830          828602 
           4850          876347 
           4870          870737 
           4890          878470 
           4910          881423 
           4930          836822 
           4950          814406 
           4970          789502 
           4990          718779 
           5010          650599 
           5030          665626 
           5050          628722 
           5070          595779 
           5090          579618 
           5110          553175 
           5130          532551 
           5150          488679 
           5170          476139 
           5190          572882 
           5210          647047 
           5230          980797 
           5250      1.01976e+6 
           5270          905969 
           5290      1.03133e+6 
           5310      1.08118e+6 
           5330      1.00322e+6 
           5350      1.05104e+6 
           5370      1.05004e+6 
           5390      1.04642e+6 
           5410       1.0402e+6 
           5430      1.03668e+6 
           5450      1.03052e+6 
           5470      1.07096e+6 
           5490      1.08069e+6 
           5510      1.04901e+6 
           5530       1.1101e+6 
           5550      1.12479e+6 
           5570      1.11422e+6 
           5590      1.04638e+6 
           5610      1.09851e+6 
           5630      1.15679e+6 
           5650      1.18521e+6 
           5670      1.17663e+6 
           5690      1.18641e+6 
           5710      1.17684e+6 
           5730      1.20628e+6 
           5750      1.21545e+6 
           5770      1.21598e+6 
           5790      1.21523e+6 
           5810      1.22027e+6 
           5830      1.23231e+6 
           5850      1.21014e+6 
           5870      1.20431e+6 
           5890          855088 
           5910      1.18364e+6 
           5930      1.21777e+6 
           5950       1.2245e+6 
           5970      1.23628e+6 
           5990       1.2439e+6 
           6010      1.24773e+6 
           6030      1.25749e+6 
           6050      1.26299e+6 
           6070      1.26112e+6 
           6090      1.26016e+6 
           6110      1.24829e+6 
           6130      1.20758e+6 
           6150      1.26617e+6 
           6170      1.13804e+6 
           6190      1.25517e+6 
           6210      1.25355e+6 
           6230      1.24134e+6 
           6250       1.2308e+6 
           6270       1.2497e+6 
           6290      1.27071e+6 
           6310      1.27336e+6 
           6330      1.28056e+6 
           6350      1.29287e+6 
           6370      1.29136e+6 
           6390      1.29334e+6 
           6410      1.28639e+6 
           6430      1.27721e+6 
           6450      1.23815e+6 
           6470      1.24788e+6 
           6490      1.25433e+6 
           6510      1.28895e+6 
           6530      1.31093e+6 
           6550      1.29819e+6 
           6570      1.29248e+6 
           6590      1.30746e+6 
           6610         1.31e+6 
           6630      1.31376e+6 
           6650      1.30936e+6 
           6670      1.29915e+6 
           6690      1.29737e+6 
           6710      1.28839e+6 
           6730      1.29065e+6 
           6750      1.28466e+6 
           6770      1.30084e+6 
           6790      1.29441e+6 
           6810      1.30055e+6 
           6830      1.30772e+6 
           6850      1.31021e+6 
           6870      1.30762e+6 
           6890      1.31441e+6 
           6910      1.31857e+6 
           6930      1.31716e+6 
           6950      1.31739e+6 
           6970      1.32434e+6 
           6990      1.32109e+6 
           7010      1.32484e+6 
           7030      1.32486e+6 
           7050      1.32122e+6 
           7070      1.29951e+6 
           7090      1.28889e+6 
           7110       1.2891e+6 
           7130       1.2698e+6 
           7150      1.24435e+6 
           7170        1.283e+6 
           7190      1.29096e+6 
           7210      1.27171e+6 
           7230      1.30453e+6 
           7250      1.29534e+6 
           7270      1.31331e+6 
           7290       1.3176e+6 
           7310       1.3171e+6 
           7330      1.30123e+6 
           7350      1.30643e+6 
           7370      1.31655e+6 
           7390       1.3164e+6 
           7410       1.3141e+6 
           7430      1.31475e+6 
           7450      1.31327e+6 
           7470      1.31522e+6 
           7490      1.31466e+6 
           7510      1.31454e+6 
           7530      1.31714e+6 
           7550      1.31499e+6 
           7570      1.31555e+6 
           7590      1.31137e+6 
           7610      1.30911e+6 
           7630      1.30782e+6 
           7650      1.30388e+6 
           7670      1.26783e+6 
           7690      1.29424e+6 
           7710      1.27619e+6 
           7730      1.29677e+6 
           7750      1.28883e+6 
           7770      1.29431e+6 
           7790      1.29369e+6 
           7810      1.29535e+6 
           7830      1.29071e+6 
           7850      1.28946e+6 
           7870       1.2924e+6 
           7890      1.29191e+6 
           7910      1.28888e+6 
           7930      1.28622e+6 
           7950      1.28184e+6 
           7970      1.28841e+6 
           7990      1.28497e+6 
           8010      1.28332e+6 
           8030      1.28284e+6 
           8050      1.27932e+6 
           8070      1.27918e+6 
           8090      1.27833e+6 
           8110      1.27787e+6 
           8130      1.27695e+6 
           8150      1.27551e+6 
           8170      1.27283e+6 
           8190      1.23399e+6 
           8210      1.26303e+6 
           8230      1.26207e+6 
           8250      1.26277e+6 
           8270      1.26184e+6 
           8290      1.25856e+6 
           8310      1.25458e+6 
           8330      1.23629e+6 
           8350      1.24994e+6 
           8370      1.24198e+6 
           8390      1.19582e+6 
           8410      1.23563e+6 
           8430      1.19563e+6 
           8450      1.23752e+6 
           8470      1.22732e+6 
           8490      1.21909e+6 
           8510      1.18278e+6 
           8530      1.21281e+6 
           8550      1.09103e+6 
           8570      1.22557e+6 
           8590      1.22493e+6 
           8610      1.22204e+6 
           8630      1.22123e+6 
           8650      1.21167e+6 
           8670      1.09562e+6 
           8690      1.18108e+6 
           8710      1.21539e+6 
           8730      1.21166e+6 
           8750      1.20947e+6 
           8770      1.20695e+6 
           8790      1.20687e+6 
           8810      1.17932e+6 
           8830      1.18587e+6 
           8850      1.19735e+6 
           8870      1.19013e+6 
           8890      1.19032e+6 
           8910      1.18896e+6 
           8930      1.18634e+6 
           8950      1.18203e+6 
           8970      1.18159e+6 
           8990      1.18011e+6 
           9010      1.16685e+6 
           9030      1.17481e+6 
           9050      1.17555e+6 
           9070      1.17381e+6 
           9090      1.16313e+6 
           9110      1.16584e+6 
           9130      1.16566e+6 
           9150      1.16458e+6 
           9170       1.1621e+6 
           9190      1.16035e+6 
           9210      1.15678e+6 
           9230      1.15505e+6 
           9250      1.14904e+6 
           9270      1.14764e+6 
           9290      1.14227e+6 
           9310      1.14319e+6 
           9330      1.14037e+6 
           9350      1.13821e+6 
           9370      1.13426e+6 
           9390      1.13358e+6 
           9410      1.12843e+6 
           9430      1.12873e+6 
           9450      1.12379e+6 
           9470      1.12425e+6 
           9490      1.12211e+6 
           9510      1.11936e+6 
           9530      1.11661e+6 
           9550      1.10546e+6 
           9570      1.11014e+6 
           9590      1.10936e+6 
           9610      1.09651e+6 
           9630      1.10285e+6 
           9650      1.06887e+6 
           9670      1.07682e+6 
           9690      1.08686e+6 
           9710      1.07756e+6 
           9730      1.07265e+6 
           9750      1.07456e+6 
           9770      1.07735e+6 
           9790      1.05526e+6 
           9810      1.07938e+6 
           9830      1.07535e+6 
           9850      1.07494e+6 
           9870      1.07218e+6 
           9890      1.07004e+6 
           9910      1.06738e+6 
           9930      1.06491e+6 
           9950      1.06239e+6 
           9970      1.06044e+6 
           9990      1.05809e+6 
          10025      1.05259e+6 
          10075      1.04632e+6 
          10125      1.04079e+6 
          10175      1.03393e+6 
          10225      1.02839e+6 
          10275      1.02318e+6 
          10325      1.01259e+6 
          10375      1.00811e+6 
          10425      1.00518e+6 
          10475          996950 
          10525          993111 
          10575          984046 
          10625          980145 
          10675          971316 
          10725          966079 
          10775          960963 
          10825          950692 
          10875          948564 
          10925          942900 
          10975          934140 
          11025          928786 
          11075          922783 
          11125          915390 
          11175          909299 
          11225          904744 
          11275          895730 
          11325          890834 
          11375          882408 
          11425          872855 
          11475          875107 
          11525          869402 
          11575          862919 
          11625          851805 
          11675          849582 
          11725          848079 
          11775          838066 
          11825          827869 
          11875          822568 
          11925          826255 
          11975          808677 
          12025          813821 
          12075          806526 
          12125          806397 
          12175          802431 
          12225          797519 
          12275          791985 
          12325          787730 
          12375          783001 
          12425          778176 
          12475          773814 
          12525          769185 
          12575          764463 
          12625          759672 
          12675          755050 
          12725          750827 
          12775          746577 
          12825          736782 
          12875          736661 
          12925          731108 
          12975          728841 
          13025          724455 
          13075          719365 
          13125          708931 
          13175          706642 
          13225          705854 
          13275          697789 
          13325          679555 
          13375          659111 
          13425          649821 
          13475          655257 
          13525          644861 
          13575          645271 
          13625          639488 
          13675          643382 
          13725          641063 
          13775          639674 
          13825          634483 
          13875          624635 
          13925          603915 
          13975          603132 
          14025          604968 
          14075          601932 
          14125          590956 
          14175          588801 
          14225          586977 
          14275          579767 
          14325          581767 
          14375          577836 
          14425          577096 
          14475          573170 
          14525          569106 
          14570          565933 
          14620          555882 
          14675          552318 
          14725          556010 
          14775          550717 
          14825          548757 
          14875          539115 
          14925          547703 
          14975          549007 
          15025          521529 
          15075          538382 
          15125          540658 
          15175          539473 
          15225          541803 
          15275          532256 
          15325          535621 
          15375          530534 
          15425          522097 
          15475          531659 
          15525          524708 
          15575          522556 
          15625          526053 
          15675          523423 
          15725          516565 
          15775          508527 
          15825          521339 
          15875          512933 
          15925          516179 
          15975          518518 
          16050          511388 
          16150          508830 
          16250          501502 
          16350          500178 
          16450          495229 
          16550          490170 
          16650          482887 
          16750          472116 
          16850          467033 
          16950          457775 
          17050          447665 
          17150          428550 
          17250          424925 
          17350          412256 
          17450          402695 
          17550          387380 
          17650          377851 
          17750          364506 
          17850          353103 
          17950          345274 
          18050          334614 
          18150          328649 
          18250          323542 
          18350          317732 
          18450          305841 
          18550          294670 
          18650          293533 
          18750          287217 
          18850          291716 
          18950          286002 
          19050          285737 
          19150          282257 
          19250          277980 
          19350          270939 
          19450          266159 
          19550          264300 
          19650          260807 
          19750          251393 
          19850          246457 
          19950          241967 
          20050          240965 
          20150          235563 
          20250          232324 
          20350          229937 
          20450          226541 
          20550          225465 
          20650          219603 
          20750          219451 
          20850          215540 
          20950          214783 
          21050          212790 
          21150          210850 
          21250          208737 
          21350          207464 
          21450          205894 
          21550          204434 
          21650          203458 
          21750          200524 
          21850          199411 
          21950          197755 
          22050          194857 
          22150          194445 
          22250          191659 
          22350          190166 
          22450          188319 
          22550          185934 
          22650          183216 
          22750          181340 
          22850          178912 
          22950          174237 
          23050          172311 
          23150          169286 
          23250          164787 
          23350          162287 
          23450          160296 
          23550          154875 
          23650          154242 
          23750          152806 
          23850          145427 
          23950          144432 
          24050          137619 
          24150          133078 
          24250          129080 
          24350          123816 
          24450          118892 
          24550          115419 
          24650          110621 
          24750          107644 
          24850          103046 
          24950          101278 
          25050         99282.1 
          25150         95319.6 
          25250         92497.9 
          25350         91681.7 
          25450         91253.4 
          25550         91238.8 
          25650           86532 
          25750         88861.1 
          25850         88986.8 
          25950         87921.9 
          26050         88219.6 
          26150         90730.5 
          26250           89379 
          26350         89304.2 
          26450         87450.9 
          26550         89433.5 
          26650         87384.5 
          26750         83173.3 
          26850         81870.4 
          26950         78032.5 
          27050         78100.2 
          27150           74485 
          27250         71894.7 
          27350         72180.8 
          27450         72860.8 
          27550         69037.1 
          27650           68849 
          27750         68935.9 
          27850         66192.9 
          27950         68898.1 
          28050         62762.5 
          28150         64223.8 
          28250         63099.6 
          28350           61474 
          28450         63286.1 
          28550         59617.4 
          28650         61579.4 
          28750         59775.4 
          28850           58470 
          28950         59244.5 
          29050         55739.2 
          29150         59267.8 
          29250         52588.6 
          29350         58143.6 
          29450         51216.5 
          29550         55223.6 
          29650         51333.5 
          29750         54053.7 
          29850           49705 
          29950         53674.3 
          30050         48703.5 
          30150         52943.9 
          30250         48098.7 
          30350           50502 
          30450         47940.2 
          30550         49322.2 
          30650         48587.9 
          30750         47579.1 
          30850         47314.7 
          30950         45931.8 
          31050         47934.1 
          31150         45670.1 
          31250         46886.6 
          31350         45081.5 
          31450         45579.9 
          31550         44954.6 
          31650         45498.4 
          31750         44270.4 
          31850         44791.3 
          31950         44016.9 
          32100         44271.9 
          32300         43497.8 
          32500         43263.7 
          32700         42690.3 
          32900         42169.4 
          33100           42208 
          33300         41542.9 
          33500         41014.7 
          33700         40894.3 
          33900         40013.2 
          34100         39794.7 
          34300         39831.5 
          34500         38294.9 
          34700         38721.4 
          34900         37870.6 
          35100         37308.8 
          35300         36621.1 
          35500         36577.4 
          35700         35630.7 
          35900         35208.5 
          36100         34998.7 
          36300         34182.4 
          36500         33755.1 
          36700         33228.7 
          36900         32833.5 
          37100         32157.5 
          37300         31686.3 
          37500         31526.1 
          37700         30619.9 
          37900         30525.8 
          38100         29764.9 
          38300         29277.7 
          38500         28852.3 
          38700         28527.2 
          38900           27779 
          39100         27389.6 
          39300         26904.2 
          39500           26531 
          39700         25936.9 
          39900         25135.6 
          40100         24955.8 
          40300         24400.2 
          40500         23845.2 
          40700         23133.8 
          40900           22782 
          41100         22375.7 
          41300         22010.7 
          41500         21641.5 
          41700         21069.4 
          41900         20857.1 
          42100         20362.7 
          42300         20237.6 
          42500         19595.8 
          42700         19339.3 
          42900         18999.3 
          43100         18285.6 
          43300         18062.4 
          43500         17543.1 
          43700         17012.8 
          43900         16733.2 
          44100         16336.5 
          44300         15843.6 
          44500         15655.3 
          44700         15306.1 
          44900         15054.2 
          45100         14707.4 
          45300         14454.6 
          45500         14255.6 
          45700         14039.6 
          45900         13770.6 
          46100         13543.2 
          46300         13258.1 
          46500         13240.3 
          46700         12948.5 
          46900         12780.1 
          47100         12608.9 
          47300         12432.5 
          47500         12205.3 
          47700         11866.4 
          47900         11752.1 
          48100         11440.2 
          48300         11424.3 
          48500         11099.5 
          48700         10843.2 
          48900         10672.9 
          49100         10763.5 
          49300         10244.4 
          49500         10235.2 
          49700         9986.63 
          49900         9874.51 
          50100         9641.08 
          50300         9415.82 
          50500         9267.23 
          50700         9198.36 
          50900         8922.21 
          51100         8991.15 
          51300         8647.33 
          51500         8675.32 
          51700         8322.22 
          51900          8315.4 
          52100         8249.18 
          52300         8042.15 
          52500         7845.68 
          52700         7890.42 
          52900          7593.8 
          53100         7712.53 
          53300         7453.46 
          53500         7385.99 
          53700         7142.95 
          53900         7285.72 
          54100         7001.42 
          54300          6744.1 
          54500            6889 
          54700         6775.51 
          54900         6742.11 
          55100         6579.47 
          55300          6483.3 
          55500         6307.26 
          55700         6266.66 
          55900         6343.91 
          56100         6181.09 
          56300         6084.72 
          56500         6023.78 
          56700         5901.09 
          56900         5787.18 
          57100         5813.73 
          57300         5582.86 
          57500          5826.9 
          57700         5580.74 
          57900         5469.55 
          58100         5554.16 
          58300         5325.37 
          58500         5329.97 
          58700         5304.86 
          58900         5281.93 
          59100         5163.19 
          59300         5173.84 
          59500         5101.34 
          59700         4998.73 
          59900         5023.15 
          60100         5062.37 
          60300         4829.29 
          60500         4734.32 
          60700         4852.66 
          60900         4816.88 
          61100         4632.51 
          61300         4810.46 
          61500         4593.96 
          61700         4597.28 
          61900         4546.38 
          62100         4500.54 
          62300         4521.97 
          62500         4375.51 
          62700         4325.41 
          62900         4327.18 
          63100         4233.46 
          63300          4223.3 
          63500         4057.72 
          63700         4107.48 
          63900         3993.79 
          64200         3848.24 
          64600         3558.07 
          65000         3394.13 
          65400         3279.46 
          65800         3089.61 
          66200         2996.25 
          66600         2971.67 
          67000         2870.08 
          67400         2842.33 
          67800         2718.58 
          68200         2645.96 
          68600         2662.59 
          69000         2587.18 
          69400         2510.51 
          69800          2533.7 
          70200         2419.14 
          70600         2382.73 
          71000          2331.6 
          71400         2302.22 
          71800         2290.31 
          72200         2179.29 
          72600         2152.84 
          73000         2152.71 
          73400         2080.43 
          73800          2064.3 
          74200         1990.93 
          74600         1984.59 
          75000          1946.2 
          75400         1907.58 
          75800         1839.77 
          76200         1797.21 
          76600         1775.79 
          77000         1766.73 
          77400         1686.51 
          77800         1685.34 
          78200         1644.98 
          78600         1618.89 
          79000         1548.63 
          79400         1564.74 
          79800         1490.99 
          80200         1502.63 
          80600         1447.51 
          81000         1408.39 
          81400         1397.48 
          81800         1379.96 
          82200         1335.34 
          82600          1343.2 
          83000         1302.61 
          83400         1263.88 
          83800         1229.63 
          84200         1257.78 
          84600          1218.8 
          85000         1181.76 
          85400         1181.97 
          85800         1158.49 
          86200         1148.32 
          86600         1128.65 
          87000         1127.95 
          87400         1076.76 
          87800         1073.18 
          88200         1055.72 
          88600         1039.87 
          89000         1034.73 
          89400         1018.99 
          89800         994.843 
          90200          993.54 
          90600         974.919 
          91000         958.952 
          91400          945.21 
          91800         930.464 
          92200         919.395 
          92600         894.203 
          93000         892.887 
          93400         877.914 
          93800         863.035 
          94200         842.008 
          94600         825.809 
          95000         817.701 
          95400         824.187 
          95800         789.734 
          96200          776.83 
          96600         765.525 
          97000          754.86 
          97400          749.11 
          97800          737.52 
          98200         724.765 
          98600         715.719 
          99000         674.546 
          99400         686.782 
          99800         671.794 
         100200          661.75 
         200000         46.4451 
         400000         3.03644 
         600000        0.605603 
         800000        0.191897 
         1.0e+6       0.0784916 
         1.2e+6        0.037754 
         1.4e+6       0.0203146 
         1.6e+6       0.0118689 
