# Kurucz ODFNEW /NOVER (2003)
# teff = 7750 K (value for the effective temperature for the model. Temperatures are given in K)
# logg = 4 log(cm/s2) (value for Log(G) for the model.)
# meta = -2  (value for the Metallicity for the model.)
# lh = 1.25  (l/Hp where l is the  mixing length of the convective element and Hp is the pressure scale height)
# vtur = 2 km/s (Microturbulence velocity)
# alpha = 0.4  (Alpha)
#
# column 1: WAVELENGTH (ANGSTROM), Wavelength in Angstrom
# column 2: FLUX (ERG/CM2/S/A), Flux in erg/cm2/s/A
            318     4.80952e-23 
            328     6.25653e-22 
            338     6.35972e-21 
            348     5.61809e-20 
            357     3.58287e-19 
            366      2.0793e-18 
            375      1.1058e-17 
            385     6.43941e-17 
            395     3.41851e-16 
            405     1.66602e-15 
            414     6.47467e-15 
            422     2.05728e-14 
            430     6.25057e-14 
            441     2.69005e-13 
            451     9.50561e-13 
            460     2.81906e-12 
            470     8.96476e-12 
            480     2.71069e-11 
            490     7.81765e-11 
            500      2.1567e-10 
            506     3.49956e-10 
            512     6.78459e-10 
            520      1.42764e-9 
            530      3.55861e-9 
            540      8.28495e-9 
            550      1.92935e-8 
            560      4.28289e-8 
            570      9.23074e-8 
            580      1.90246e-7 
            590      3.94825e-7 
            600      7.85742e-7 
            610      1.52676e-6 
            620      2.89976e-6 
            630      5.15253e-8 
            640      8.83971e-8 
            650      1.48855e-7 
            658      2.22968e-7 
            665      3.14673e-7 
            675      5.07581e-7 
            685      8.05846e-7 
            695      1.26022e-6 
            705      1.94214e-6 
            716       3.0767e-6 
            726      4.60959e-6 
            735      6.56296e-6 
            745      9.60854e-6 
            755      1.39047e-5 
            765      1.98972e-5 
            775      2.81707e-5 
            785      3.94761e-5 
            795      5.47458e-5 
            805      7.52732e-5 
            815     0.000102522 
            825     0.000138421 
            835     0.000185354 
            845     0.000246185 
            855     0.000324425 
            865     0.000424312 
            875     0.000550855 
            885     0.000710385 
            895      0.00090986 
            905      0.00115761 
            915         1.18343 
            925         8.84601 
            935         16.5214 
            945         30.5138 
            955         44.4173 
            965         58.6965 
            975         46.1725 
            985         96.5136 
            995         115.006 
           1005         140.449 
           1015         140.584 
           1025         100.627 
           1035         205.846 
           1045         294.498 
           1055         351.403 
           1065         418.904 
           1075         503.795 
           1085         600.412 
           1095         685.859 
           1105         986.264 
           1115         1413.22 
           1125         1591.48 
           1135         1919.96 
           1145         2117.63 
           1155         2151.24 
           1165         2349.52 
           1175         2335.27 
           1185         2872.77 
           1195         1633.86 
           1205         1028.57 
           1215         340.715 
           1225         1152.91 
           1235         2683.65 
           1245         2454.53 
           1255          5317.9 
           1265         6765.58 
           1275         8480.68 
           1285         11259.7 
           1295         13989.5 
           1305         16942.2 
           1315         21530.7 
           1325         27232.9 
           1335         34461.5 
           1345         45910.8 
           1355         58357.4 
           1365         72987.3 
           1375         78355.7 
           1385         75718.1 
           1395         86642.8 
           1405          122458 
           1415          202286 
           1425          227545 
           1435          246960 
           1442          334305 
           1447          279352 
           1455          329710 
           1465          307232 
           1475          330803 
           1485          376845 
           1495          422775 
           1505          471314 
           1512          490492 
           1517          375111 
           1525          367524 
           1535          391675 
           1545          357313 
           1555          312676 
           1565          246321 
           1575          259878 
           1585          261812 
           1595          266892 
           1605          280438 
           1615          384280 
           1625          742623 
           1635      1.66407e+6 
           1645      3.92792e+6 
           1655      4.56321e+6 
           1665      8.71245e+6 
           1672      8.54303e+6 
           1677      1.09279e+7 
           1685      1.25642e+7 
           1695      1.26298e+7 
           1705      1.38729e+7 
           1715      1.57661e+7 
           1725      1.60244e+7 
           1735       1.7516e+7 
           1745      1.71908e+7 
           1755      1.85085e+7 
           1765      1.65338e+7 
           1775      1.84955e+7 
           1785       1.8776e+7 
           1795      2.00547e+7 
           1805      1.90433e+7 
           1815      1.93898e+7 
           1825      1.86282e+7 
           1835      1.95949e+7 
           1845      1.82619e+7 
           1855      1.93334e+7 
           1865      2.00743e+7 
           1875       2.0163e+7 
           1885      2.04108e+7 
           1895       2.0709e+7 
           1905      1.99087e+7 
           1915      2.10091e+7 
           1925      2.16402e+7 
           1935      2.07591e+7 
           1945      2.21455e+7 
           1955      2.21177e+7 
           1967       2.2687e+7 
           1976      2.19221e+7 
           1984      2.19094e+7 
           1995      2.20849e+7 
           2005      2.15662e+7 
           2015      2.16691e+7 
           2025      2.08878e+7 
           2035      2.24042e+7 
           2045      2.28036e+7 
           2055      2.21861e+7 
           2065      2.22607e+7 
           2074      2.32914e+7 
           2078      2.34042e+7 
           2085      2.31832e+7 
           2095      2.28234e+7 
           2105        2.263e+7 
           2115        2.291e+7 
           2125      2.30245e+7 
           2135      2.15662e+7 
           2145      2.30532e+7 
           2155      2.27294e+7 
           2165      2.20304e+7 
           2175      2.21747e+7 
           2185      2.26295e+7 
           2195      2.35427e+7 
           2205      2.29113e+7 
           2215      2.17281e+7 
           2225      2.23216e+7 
           2235      2.38569e+7 
           2245      2.27644e+7 
           2255      2.19984e+7 
           2265      2.15189e+7 
           2275      2.27816e+7 
           2285      2.31237e+7 
           2295      2.21266e+7 
           2305      2.25803e+7 
           2315      2.25733e+7 
           2325      2.25754e+7 
           2335      2.24944e+7 
           2345      2.08663e+7 
           2355      2.28319e+7 
           2365      2.14194e+7 
           2375      2.23388e+7 
           2385      2.03246e+7 
           2395      2.19009e+7 
           2405      2.15941e+7 
           2415      2.17244e+7 
           2425      2.26135e+7 
           2435      2.19046e+7 
           2445      2.24877e+7 
           2455      2.22586e+7 
           2465      2.20052e+7 
           2475      2.13801e+7 
           2485      2.18611e+7 
           2495      2.14883e+7 
           2505      2.28678e+7 
           2513      2.16338e+7 
           2518      2.13008e+7 
           2525      2.04454e+7 
           2535      2.02316e+7 
           2545      2.03411e+7 
           2555      2.16272e+7 
           2565      2.17498e+7 
           2575      2.26619e+7 
           2585      2.28917e+7 
           2595      2.29114e+7 
           2605      2.22639e+7 
           2615      2.20664e+7 
           2625      2.25875e+7 
           2635      2.27425e+7 
           2645      2.42585e+7 
           2655      2.41995e+7 
           2665      2.32168e+7 
           2675      2.36342e+7 
           2685      2.40793e+7 
           2695      2.33169e+7 
           2705      2.34084e+7 
           2715      2.26291e+7 
           2725      2.26993e+7 
           2735      2.32568e+7 
           2745      2.15628e+7 
           2755      2.19028e+7 
           2765      2.26874e+7 
           2775      2.32844e+7 
           2785      2.28814e+7 
           2795      1.80735e+7 
           2805      1.99798e+7 
           2815      2.38549e+7 
           2825      2.37255e+7 
           2835      2.32973e+7 
           2845      2.29248e+7 
           2855      2.19978e+7 
           2865      2.29189e+7 
           2875      2.27935e+7 
           2885      2.31658e+7 
           2895      2.32991e+7 
           2910      2.39453e+7 
           2930      2.33764e+7 
           2950      2.32064e+7 
           2970      2.33032e+7 
           2990      2.33233e+7 
           3010      2.33915e+7 
           3030      2.34091e+7 
           3050      2.33347e+7 
           3070        2.316e+7 
           3090      2.32585e+7 
           3110      2.31438e+7 
           3130       2.3145e+7 
           3150      2.32101e+7 
           3170      2.31731e+7 
           3190      2.26424e+7 
           3210       2.2816e+7 
           3230      2.24335e+7 
           3250      2.27125e+7 
           3270      2.28932e+7 
           3290      2.30073e+7 
           3310      2.30021e+7 
           3330        2.266e+7 
           3350       2.2401e+7 
           3370      2.24812e+7 
           3390      2.23525e+7 
           3410       2.2564e+7 
           3430      2.25348e+7 
           3450      2.23648e+7 
           3470      2.22833e+7 
           3490      2.22934e+7 
           3510       2.2336e+7 
           3530      2.23101e+7 
           3550      2.23243e+7 
           3570      2.20237e+7 
           3590      2.19664e+7 
           3610       2.1935e+7 
           3630      2.19298e+7 
           3640      2.18865e+7 
           3650      2.20345e+7 
           3670      2.20079e+7 
           3690      2.10675e+7 
           3710      2.21005e+7 
           3730      2.28073e+7 
           3750      2.84024e+7 
           3770      2.97982e+7 
           3790      3.51208e+7 
           3810       4.0216e+7 
           3830      3.27114e+7 
           3850      4.39062e+7 
           3870      4.82806e+7 
           3890      2.99599e+7 
           3910      4.82367e+7 
           3930      4.92447e+7 
           3950      4.84334e+7 
           3970       2.8975e+7 
           3990      4.67572e+7 
           4010       5.1486e+7 
           4030      5.18067e+7 
           4050      5.11746e+7 
           4070      4.89103e+7 
           4090      3.97514e+7 
           4110       3.1417e+7 
           4130      4.71351e+7 
           4150      4.90487e+7 
           4170      4.91577e+7 
           4190      4.88333e+7 
           4210      4.83832e+7 
           4230      4.76783e+7 
           4250      4.74893e+7 
           4270      4.68347e+7 
           4290      4.60736e+7 
           4310       4.3696e+7 
           4330      3.45325e+7 
           4350      2.98994e+7 
           4370      4.26326e+7 
           4390      4.39203e+7 
           4410      4.40574e+7 
           4430      4.40406e+7 
           4450       4.3657e+7 
           4470      4.34124e+7 
           4490      4.29742e+7 
           4510      4.27439e+7 
           4530      4.22847e+7 
           4550      4.18265e+7 
           4570      4.16343e+7 
           4590      4.12705e+7 
           4610      4.10302e+7 
           4630       4.0622e+7 
           4650      4.03186e+7 
           4670      3.99827e+7 
           4690      3.95859e+7 
           4710      3.90364e+7 
           4730       3.8872e+7 
           4750      3.85103e+7 
           4770      3.81036e+7 
           4790      3.76202e+7 
           4810      3.69156e+7 
           4830      3.53251e+7 
           4850      2.88331e+7 
           4870      2.39029e+7 
           4890      3.36853e+7 
           4910      3.52006e+7 
           4930      3.52365e+7 
           4950      3.52245e+7 
           4970      3.50559e+7 
           4990      3.47603e+7 
           5010      3.44248e+7 
           5030      3.42573e+7 
           5050      3.39555e+7 
           5070      3.37043e+7 
           5090      3.34152e+7 
           5110      3.31455e+7 
           5130       3.2846e+7 
           5150      3.25559e+7 
           5170      3.19169e+7 
           5190      3.17553e+7 
           5210      3.17215e+7 
           5230      3.14036e+7 
           5250      3.12591e+7 
           5270       3.0846e+7 
           5290      3.07317e+7 
           5310      3.04645e+7 
           5330      3.01395e+7 
           5350      2.99817e+7 
           5370      2.97066e+7 
           5390      2.94697e+7 
           5410      2.91942e+7 
           5430       2.8986e+7 
           5450      2.87533e+7 
           5470      2.85346e+7 
           5490      2.83084e+7 
           5510      2.80846e+7 
           5530      2.78375e+7 
           5550      2.76372e+7 
           5570       2.7399e+7 
           5590      2.71515e+7 
           5610      2.69523e+7 
           5630      2.67552e+7 
           5650      2.65366e+7 
           5670      2.63181e+7 
           5690      2.61124e+7 
           5710      2.58998e+7 
           5730      2.57032e+7 
           5750      2.54928e+7 
           5770      2.52915e+7 
           5790      2.50912e+7 
           5810      2.48931e+7 
           5830       2.4696e+7 
           5850      2.44966e+7 
           5870      2.43037e+7 
           5890      2.40076e+7 
           5910      2.39241e+7 
           5930      2.37362e+7 
           5950      2.35503e+7 
           5970      2.33664e+7 
           5990      2.31822e+7 
           6010      2.30011e+7 
           6030      2.28197e+7 
           6050      2.26454e+7 
           6070      2.24719e+7 
           6090      2.22971e+7 
           6110      2.21242e+7 
           6130      2.19389e+7 
           6150      2.17666e+7 
           6170      2.15891e+7 
           6190      2.14518e+7 
           6210      2.12874e+7 
           6230      2.11199e+7 
           6250      2.09445e+7 
           6270      2.08034e+7 
           6290      2.06456e+7 
           6310      2.04837e+7 
           6330      2.03291e+7 
           6350      2.01648e+7 
           6370      2.00179e+7 
           6390      1.98725e+7 
           6410      1.97111e+7 
           6430      1.95486e+7 
           6450      1.93479e+7 
           6470      1.91852e+7 
           6490       1.8976e+7 
           6510      1.86986e+7 
           6530      1.81196e+7 
           6550      1.60614e+7 
           6570      1.31544e+7 
           6590      1.72273e+7 
           6610      1.78923e+7 
           6630      1.79825e+7 
           6650      1.79332e+7 
           6670      1.78386e+7 
           6690      1.77312e+7 
           6710      1.76324e+7 
           6730      1.75053e+7 
           6750      1.73728e+7 
           6770      1.72522e+7 
           6790      1.71254e+7 
           6810      1.70006e+7 
           6830      1.68753e+7 
           6850      1.67528e+7 
           6870      1.66315e+7 
           6890      1.65112e+7 
           6910      1.63921e+7 
           6930      1.62733e+7 
           6950      1.61564e+7 
           6970      1.60398e+7 
           6990       1.5925e+7 
           7010      1.58067e+7 
           7030      1.56955e+7 
           7050      1.55846e+7 
           7070      1.54732e+7 
           7090      1.53635e+7 
           7110      1.52459e+7 
           7130      1.51435e+7 
           7150      1.50345e+7 
           7170      1.49295e+7 
           7190      1.48233e+7 
           7210      1.47187e+7 
           7230      1.46157e+7 
           7250       1.4513e+7 
           7270      1.44119e+7 
           7290      1.43081e+7 
           7310      1.42095e+7 
           7330      1.41089e+7 
           7350      1.40127e+7 
           7370      1.39152e+7 
           7390      1.38172e+7 
           7410      1.37167e+7 
           7430      1.36238e+7 
           7450      1.35311e+7 
           7470      1.34358e+7 
           7490      1.33426e+7 
           7510      1.32523e+7 
           7530      1.31621e+7 
           7550      1.30719e+7 
           7570      1.29819e+7 
           7590      1.28933e+7 
           7610      1.28048e+7 
           7630      1.27177e+7 
           7650      1.26294e+7 
           7670      1.25419e+7 
           7690       1.2457e+7 
           7710      1.23728e+7 
           7730      1.22906e+7 
           7750      1.22059e+7 
           7770      1.20664e+7 
           7790       1.2043e+7 
           7810      1.19622e+7 
           7830      1.18803e+7 
           7850      1.18003e+7 
           7870      1.17197e+7 
           7890      1.16398e+7 
           7910      1.15653e+7 
           7930      1.14837e+7 
           7950      1.14081e+7 
           7970      1.13361e+7 
           7990       1.1257e+7 
           8010      1.11856e+7 
           8030      1.11113e+7 
           8050      1.10381e+7 
           8070      1.09655e+7 
           8090      1.08924e+7 
           8110       1.0821e+7 
           8130      1.07501e+7 
           8150      1.06798e+7 
           8170      1.06096e+7 
           8190      1.05308e+7 
           8210      1.04768e+7 
           8230      1.04098e+7 
           8250      1.03428e+7 
           8270      1.02895e+7 
           8290      1.02262e+7 
           8310      1.01612e+7 
           8330      1.00865e+7 
           8350      1.00322e+7 
           8370      9.96124e+6 
           8390      9.88812e+6 
           8410      9.81504e+6 
           8430      9.75474e+6 
           8450       9.6796e+6 
           8470      9.52787e+6 
           8490      9.61265e+6 
           8510      9.25748e+6 
           8530      9.53979e+6 
           8550      8.88299e+6 
           8570      9.51353e+6 
           8590      9.06441e+6 
           8610      8.87345e+6 
           8630       9.4596e+6 
           8650      9.19588e+6 
           8670      8.03788e+6 
           8690      9.25509e+6 
           8710      9.39637e+6 
           8730      9.13884e+6 
           8750      7.67753e+6 
           8770      8.80978e+6 
           8790      9.24123e+6 
           8810      9.24883e+6 
           8830      9.10116e+6 
           8850      8.41698e+6 
           8870      7.34575e+6 
           8890      8.74039e+6 
           8910      8.98829e+6 
           8930      9.01516e+6 
           8950      8.98055e+6 
           8970      8.84878e+6 
           8990      8.52371e+6 
           9010      7.14662e+6 
           9030      7.72809e+6 
           9050      8.47914e+6 
           9070      8.60024e+6 
           9090      8.58569e+6 
           9110      8.59933e+6 
           9130      8.56395e+6 
           9150      8.49776e+6 
           9170      8.40159e+6 
           9190      8.22812e+6 
           9210      7.77716e+6 
           9230      6.39609e+6 
           9250      7.56299e+6 
           9270      7.98501e+6 
           9290      8.09559e+6 
           9310      8.09996e+6 
           9330      8.07393e+6 
           9350      8.03641e+6 
           9370      7.99312e+6 
           9390      7.94587e+6 
           9410      7.85724e+6 
           9430      7.84005e+6 
           9450      7.78496e+6 
           9470      7.71725e+6 
           9490      7.61824e+6 
           9510      7.43711e+6 
           9530      6.96042e+6 
           9550       5.8156e+6 
           9570      6.98175e+6 
           9590      7.29306e+6 
           9610      7.36064e+6 
           9630      7.35528e+6 
           9650      7.34182e+6 
           9670      7.29577e+6 
           9690      7.27331e+6 
           9710      7.24577e+6 
           9730      7.20408e+6 
           9750       7.1583e+6 
           9770      7.11956e+6 
           9790       7.0787e+6 
           9810      7.03773e+6 
           9830      6.99626e+6 
           9850       6.9539e+6 
           9870      6.91414e+6 
           9890      6.86657e+6 
           9910      6.81931e+6 
           9930      6.77315e+6 
           9950       6.7254e+6 
           9970      6.66661e+6 
           9990      6.58521e+6 
          10025      6.09061e+6 
          10075       5.8195e+6 
          10125      6.35455e+6 
          10175      6.31554e+6 
          10225      6.24636e+6 
          10275      6.16002e+6 
          10325      6.07329e+6 
          10375      5.98935e+6 
          10425      5.90638e+6 
          10475       5.8158e+6 
          10525      5.74435e+6 
          10575      5.66455e+6 
          10625        5.585e+6 
          10675      5.48355e+6 
          10725      5.42795e+6 
          10775      5.35044e+6 
          10825      5.25676e+6 
          10875      5.12189e+6 
          10925      4.43532e+6 
          10975      4.77501e+6 
          11025      4.95991e+6 
          11075      4.92966e+6 
          11125      4.87784e+6 
          11175      4.81589e+6 
          11225      4.75305e+6 
          11275      4.68639e+6 
          11325      4.62483e+6 
          11375      4.56854e+6 
          11425      4.50786e+6 
          11475      4.45178e+6 
          11525      4.39423e+6 
          11575      4.33751e+6 
          11625      4.27937e+6 
          11675      4.22152e+6 
          11725      4.17298e+6 
          11775      4.10882e+6 
          11825      4.05906e+6 
          11875      4.01266e+6 
          11925      3.96583e+6 
          11975      3.90573e+6 
          12025      3.86472e+6 
          12075      3.81392e+6 
          12125      3.76946e+6 
          12175      3.72382e+6 
          12225      3.67754e+6 
          12275      3.63114e+6 
          12325      3.58711e+6 
          12375      3.54292e+6 
          12425      3.49958e+6 
          12475      3.45682e+6 
          12525      3.41415e+6 
          12575       3.3718e+6 
          12625      3.32718e+6 
          12675      3.27918e+6 
          12725      3.21926e+6 
          12775      3.08146e+6 
          12825      2.66399e+6 
          12875      3.03469e+6 
          12925      3.07237e+6 
          12975      3.05187e+6 
          13025      3.02359e+6 
          13075      2.99038e+6 
          13125      2.95473e+6 
          13175      2.91933e+6 
          13225      2.88609e+6 
          13275        2.852e+6 
          13325      2.81875e+6 
          13375      2.78592e+6 
          13425      2.75371e+6 
          13475       2.7217e+6 
          13525      2.68987e+6 
          13575      2.65885e+6 
          13625      2.62841e+6 
          13675      2.59815e+6 
          13725      2.56705e+6 
          13775      2.53872e+6 
          13825      2.50935e+6 
          13875      2.48152e+6 
          13925      2.45304e+6 
          13975       2.4253e+6 
          14025      2.39769e+6 
          14075       2.3708e+6 
          14125      2.34404e+6 
          14175      2.31778e+6 
          14225      2.29146e+6 
          14275      2.26564e+6 
          14325      2.24067e+6 
          14375      2.21563e+6 
          14425      2.18726e+6 
          14475       2.1666e+6 
          14525      2.14046e+6 
          14570      2.12105e+6 
          14620      2.09846e+6 
          14675      2.07401e+6 
          14725      2.05161e+6 
          14775      2.02912e+6 
          14825      2.00774e+6 
          14875      1.98235e+6 
          14925      1.96537e+6 
          14975       1.9442e+6 
          15025      1.91844e+6 
          15075      1.90126e+6 
          15125       1.8813e+6 
          15175      1.86041e+6 
          15225      1.84139e+6 
          15275      1.81789e+6 
          15325       1.7969e+6 
          15375      1.78157e+6 
          15425       1.7504e+6 
          15475      1.74273e+6 
          15525      1.72324e+6 
          15575       1.6802e+6 
          15625      1.69955e+6 
          15675      1.65392e+6 
          15725       1.6131e+6 
          15775      1.64967e+6 
          15825      1.62888e+6 
          15875       1.5128e+6 
          15925      1.57551e+6 
          15975      1.59253e+6 
          16050      1.54332e+6 
          16150      1.45392e+6 
          16250      1.51512e+6 
          16350      1.43858e+6 
          16450      1.34662e+6 
          16550      1.42589e+6 
          16650      1.39767e+6 
          16750      1.31222e+6 
          16850      1.22513e+6 
          16950      1.30833e+6 
          17050      1.28763e+6 
          17150      1.25962e+6 
          17250      1.22064e+6 
          17350      1.07421e+6 
          17450      1.15421e+6 
          17550      1.15628e+6 
          17650      1.13644e+6 
          17750      1.11418e+6 
          17850      1.09122e+6 
          17950      1.06621e+6 
          18050      1.03617e+6 
          18150          919242 
          18250          969065 
          18350          980058 
          18450          963265 
          18550          942977 
          18650          913656 
          18750          807183 
          18850          874597 
          18950          870899 
          19050          857170 
          19150          840886 
          19250          822443 
          19350          795612 
          19450          706609 
          19550          765755 
          19650          762352 
          19750          750479 
          19850          736799 
          19950          723164 
          20050          709906 
          20150          696911 
          20250          684165 
          20350          671672 
          20450          659624 
          20550          647760 
          20650          636060 
          20750          624799 
          20850          613707 
          20950          602815 
          21050          592230 
          21150          581808 
          21250          571623 
          21350          561636 
          21450          550255 
          21550          534963 
          21650          478939 
          21750          512786 
          21850          513090 
          21950          506385 
          22050          497967 
          22150          489618 
          22250          481506 
          22350          473496 
          22450          465647 
          22550          457830 
          22650          450418 
          22750          443046 
          22850          435915 
          22950          428899 
          23050          422051 
          23150          415306 
          23250          408702 
          23350          402217 
          23450          395876 
          23550          389641 
          23650          383531 
          23750          377523 
          23850          371615 
          23950          365832 
          24050          360138 
          24150          354494 
          24250          349136 
          24350          343631 
          24450          338217 
          24550          333323 
          24650          327884 
          24750          322952 
          24850          318711 
          24950          311828 
          25050          309409 
          25150          304869 
          25250          296686 
          25350          295616 
          25450          292140 
          25550          286799 
          25650          277186 
          25750          278873 
          25850          275659 
          25950          271447 
          26050          264548 
          26150          252662 
          26250          236476 
          26350          251939 
          26450          252482 
          26550          249365 
          26650          244065 
          26750          229519 
          26850          237281 
          26950          236146 
          27050          233255 
          27150          230528 
          27250          227267 
          27350          223563 
          27450          219207 
          27550          204610 
          27650          208814 
          27750          211059 
          27850          209070 
          27950          206477 
          28050          203696 
          28150          200958 
          28250          198268 
          28350          195620 
          28450          192846 
          28550          189538 
          28650          183508 
          28750          171819 
          28850          181014 
          28950          180143 
          29050          178271 
          29150          175955 
          29250          173688 
          29350          171448 
          29450          169239 
          29550          167069 
          29650          164932 
          29750          162829 
          29850          160763 
          29950          158726 
          30050          156711 
          30150          154455 
          30250          151591 
          30350          141674 
          30450          143032 
          30550          146255 
          30650          145162 
          30750          143542 
          30850          141766 
          30950          140029 
          31050          138316 
          31150          136602 
          31250          134966 
          31350          133332 
          31450          131720 
          31550          130129 
          31650          128571 
          31750          127026 
          31850          125513 
          31950          124020 
          32100          121818 
          32300          118960 
          32500          116184 
          32700          113263 
          32900          105528 
          33100          106718 
          33300          105583 
          33500          103289 
          33700          100982 
          33900         98734.9 
          34100         96543.4 
          34300         94418.5 
          34500           92349 
          34700         90330.1 
          34900         88366.8 
          35100         86457.5 
          35300         84597.8 
          35500         82783.3 
          35700         81007.1 
          35900         79320.7 
          36100         77605.9 
          36300         76029.8 
          36500         74361.8 
          36700           72913 
          36900         71225.6 
          37100         69852.1 
          37300           66993 
          37500         64935.4 
          37700         65698.2 
          37900         64479.5 
          38100         62924.5 
          38300           61722 
          38500         60746.9 
          38700         59559.7 
          38900         58286.6 
          39100         56590.4 
          39300         56101.2 
          39500         55165.1 
          39700         54111.1 
          39900           52995 
          40100           51486 
          40300         50261.8 
          40500         48106.1 
          40700         48919.4 
          40900         48228.2 
          41100         47338.5 
          41300         46459.2 
          41500         45454.7 
          41700         43505.4 
          41900         43769.1 
          42100         43135.3 
          42300         42357.8 
          42500           41593 
          42700         40844.8 
          42900         40114.8 
          43100         39400.6 
          43300         38699.9 
          43500         37960.6 
          43700         36256.7 
          43900         36316.1 
          44100         36039.8 
          44300         35429.1 
          44500         34818.3 
          44700         34243.5 
          44900         33628.9 
          45100         33055.3 
          45300         32494.2 
          45500         31945.3 
          45700         31404.8 
          45900         30872.4 
          46100         30342.8 
          46300         29763.1 
          46500         28164.3 
          46700           27763 
          46900         28225.5 
          47100         27914.9 
          47300         27482.4 
          47500         27082.8 
          47700         26654.1 
          47900         26226.8 
          48100         25805.6 
          48300         25393.7 
          48500         24989.3 
          48700         24593.9 
          48900         24205.6 
          49100         23824.4 
          49300         23451.7 
          49500         23085.8 
          49700         22726.5 
          49900         22376.7 
          50100         22030.3 
          50300         21675.3 
          50500         21360.7 
          50700         21026.9 
          50900         20656.9 
          51100         20267.6 
          51300           19324 
          51500         19692.6 
          51700         19437.7 
          51900           19200 
          52100         18922.5 
          52300           18643 
          52500         18345.4 
          52700         18050.5 
          52900         17833.5 
          53100         17573.8 
          53300         17318.8 
          53500         17068.5 
          53700         16774.4 
          53900         16534.7 
          54100         16343.2 
          54300         16110.6 
          54500         15882.2 
          54700         15656.7 
          54900         15436.6 
          55100         15185.8 
          55300           14916 
          55500         14790.3 
          55700         14590.8 
          55900         14388.9 
          56100         14189.6 
          56300           13995 
          56500         13802.9 
          56700         13614.3 
          56900         13410.5 
          57100         13116.9 
          57300         13039.2 
          57500         12890.6 
          57700         12717.6 
          57900         12547.9 
          58100         12380.2 
          58300         12214.5 
          58500         12063.9 
          58700         11885.6 
          58900         11668.2 
          59100         11161.2 
          59300         11376.4 
          59500         11130.8 
          59700         11063.8 
          59900         10986.9 
          60100         10859.6 
          60300         10719.3 
          60500         10581.7 
          60700         10446.6 
          60900         10313.1 
          61100         10181.1 
          61300         10053.6 
          61500         9926.19 
          61700         9801.19 
          61900         9678.17 
          62100         9557.03 
          62300         9437.24 
          62500         9319.65 
          62700         9169.15 
          62900         8887.17 
          63100         8930.36 
          63300         8865.37 
          63500         8760.28 
          63700         8653.37 
          63900         8548.08 
          64200         8393.15 
          64600         8191.95 
          65000         7996.65 
          65400         7807.35 
          65800         7623.44 
          66200         7445.03 
          66600         7271.79 
          67000         7103.48 
          67400         6924.29 
          67800         6672.12 
          68200         6624.38 
          68600          6477.3 
          69000         6331.68 
          69400         6190.07 
          69800         6052.44 
          70200         5918.61 
          70600         5788.47 
          71000         5661.85 
          71400         5538.81 
          71800         5419.02 
          72200         5302.41 
          72600         5185.54 
          73000         5078.39 
          73400         4970.95 
          73800         4866.24 
          74200         4758.21 
          74600         4566.25 
          75000         4435.43 
          75400         4457.21 
          75800         4382.49 
          76200         4293.13 
          76600         4205.97 
          77000         4121.02 
          77400         4038.17 
          77800         3942.66 
          78200         3878.71 
          78600         3801.95 
          79000         3727.09 
          79400         3654.02 
          79800         3582.75 
          80200         3513.19 
          80600         3445.35 
          81000         3379.08 
          81400          3299.9 
          81800         3245.58 
          82200          3189.7 
          82600         3129.56 
          83000         3070.82 
          83400         3013.43 
          83800         2957.37 
          84200         2902.66 
          84600         2849.17 
          85000         2796.92 
          85400         2745.83 
          85800         2695.93 
          86200         2646.94 
          86600         2576.93 
          87000          2550.2 
          87400         2481.59 
          87800         2438.02 
          88200         2419.15 
          88600         2376.57 
          89000          2334.9 
          89400         2294.12 
          89800         2254.25 
          90200         2215.22 
          90600         2177.02 
          91000         2139.68 
          91400         2103.14 
          91800         2067.33 
          92200         2032.32 
          92600         1998.02 
          93000         1964.45 
          93400         1931.55 
          93800         1878.16 
          94200         1862.16 
          94600         1837.05 
          95000          1806.8 
          95400         1777.19 
          95800         1748.22 
          96200         1719.79 
          96600         1691.97 
          97000         1664.71 
          97400         1637.96 
          97800         1611.75 
          98200         1586.07 
          98600          1560.9 
          99000         1536.25 
          99400         1512.09 
          99800         1488.38 
         100200         1465.15 
         200000         95.2655 
         400000         6.02061 
         600000         1.18879 
         800000        0.375134 
         1.0e+6        0.153148 
         1.2e+6       0.0736087 
         1.4e+6       0.0396046 
         1.6e+6       0.0231453 
