# Kurucz ODFNEW /NOVER (2003)
# teff = 20000 K (value for the effective temperature for the model. Temperatures are given in K)
# logg = 4.5 log(cm/s2) (value for Log(G) for the model.)
# meta = -0.5  (value for the Metallicity for the model.)
# lh = 1.25  (l/Hp where l is the  mixing length of the convective element and Hp is the pressure scale height)
# vtur = 2 km/s (Microturbulence velocity)
# alpha = 0.4  (Alpha)
#
# column 1: WAVELENGTH (ANGSTROM), Wavelength in Angstrom
# column 2: FLUX (ERG/CM2/S/A), Flux in erg/cm2/s/A
          147.2     1.29078e-19 
            151      7.7431e-19 
          155.2     5.06418e-18 
          158.8     2.33739e-17 
            162     8.59943e-17 
            166     4.08556e-16 
          170.3     2.00951e-15 
          173.4     6.04194e-15 
          176.8     1.93256e-14 
          180.2     5.91916e-14 
          181.7     9.56952e-14 
          186.1     3.75378e-13 
            191     1.59868e-12 
          193.9     3.63611e-12 
          198.4     1.24305e-11 
          201.8     3.04209e-11 
            205     6.88592e-11 
          210.5     2.64245e-10 
          216.2     9.92873e-10 
          219.8      2.21373e-9 
            223      4.41539e-9 
          226.8      9.78695e-9 
            230      4.66952e-8 
            234      1.17375e-7 
            240      3.62425e-7 
          246.5      1.14335e-6 
          252.4      3.09245e-6 
          256.8      6.19254e-6 
            260      1.03879e-5 
            264       1.9103e-5 
          268.5      3.70107e-5 
          273.5      7.51371e-5 
          278.5     0.000149172 
            284     0.000308638 
            290     0.000658313 
            296      0.00135834 
            301      0.00243387 
            308      0.00527105 
            318       0.0153722 
            328       0.0411453 
            338         0.10489 
            348        0.251564 
            357        0.534697 
            366         1.08953 
            375         2.11893 
            385         4.29277 
            395         8.34467 
            405         15.6999 
            414         27.0289 
            422         42.6857 
            430         66.1508 
            441         118.525 
            451         195.921 
            460         300.903 
            470         475.542 
            480         735.342 
            490         1116.58 
            500         1664.39 
            506         16584.1 
            512         56948.3 
            520         73211.5 
            530          104677 
            540          122453 
            550          180643 
            560          226122 
            570          292026 
            580          311754 
            590          430917 
            600          546844 
            610          682082 
            620          809586 
            630          975757 
            640      1.11648e+6 
            650      1.28293e+6 
            658      1.55386e+6 
            665      1.71401e+6 
            675      1.95457e+6 
            685      2.25704e+6 
            695      2.69196e+6 
            705      3.05537e+6 
            716      3.55297e+6 
            726      3.99133e+6 
            735      4.47612e+6 
            745      5.12729e+6 
            755      5.79153e+6 
            765      6.47919e+6 
            775      7.28903e+6 
            785      8.13769e+6 
            795      8.92253e+6 
            805      9.87249e+6 
            815      1.08063e+7 
            825      1.19884e+7 
            835      1.27663e+7 
            845      1.41205e+7 
            855      1.53717e+7 
            865      1.68329e+7 
            875      1.83502e+7 
            885      2.00889e+7 
            895      2.16977e+7 
            905      2.27383e+7 
            915      3.49427e+7 
            925      1.29694e+8 
            935      3.66381e+8 
            945      1.65115e+9 
            955      4.06344e+9 
            965      5.90647e+9 
            975      1.18552e+9 
            985      9.07436e+9 
            995      8.98534e+9 
           1005     1.01106e+10 
           1015      7.86937e+9 
           1025      1.02915e+9 
           1035      5.32867e+9 
           1045     1.14593e+10 
           1055     1.12187e+10 
           1065      9.31008e+9 
           1075     1.08977e+10 
           1085      9.92174e+9 
           1095     1.09092e+10 
           1105       9.4347e+9 
           1115       8.9529e+9 
           1125      8.53399e+9 
           1135     1.00681e+10 
           1145      8.71059e+9 
           1155      9.34576e+9 
           1165      9.60348e+9 
           1175       7.6215e+9 
           1185      9.37917e+9 
           1195      6.50005e+9 
           1205      3.55059e+9 
           1215      9.37316e+8 
           1225      4.08682e+9 
           1235      7.79406e+9 
           1245      8.44128e+9 
           1255      8.20779e+9 
           1265      7.61381e+9 
           1275      8.15161e+9 
           1285      8.23969e+9 
           1295      5.70724e+9 
           1305       5.2195e+9 
           1315      7.74537e+9 
           1325      7.38985e+9 
           1335      6.84601e+9 
           1345       7.2219e+9 
           1355      7.10564e+9 
           1365      6.56457e+9 
           1375      6.54535e+9 
           1385      6.62695e+9 
           1395      5.79122e+9 
           1405      6.03294e+9 
           1415      6.08871e+9 
           1425      6.11079e+9 
           1435      6.09031e+9 
           1442      6.26903e+9 
           1447      6.16784e+9 
           1455      6.02333e+9 
           1465      5.75865e+9 
           1475      5.63979e+9 
           1485      5.45322e+9 
           1495      5.46209e+9 
           1505      5.10267e+9 
           1512       4.8016e+9 
           1517      4.97643e+9 
           1525      4.99255e+9 
           1535      4.59627e+9 
           1545      4.71925e+9 
           1555      4.46041e+9 
           1565      4.48496e+9 
           1575      4.66389e+9 
           1585      4.60567e+9 
           1595      4.64599e+9 
           1605       4.5115e+9 
           1615      4.46432e+9 
           1625      4.33978e+9 
           1635      4.41876e+9 
           1645      4.36381e+9 
           1655      4.14894e+9 
           1665        4.344e+9 
           1672      4.17563e+9 
           1677       4.2578e+9 
           1685      4.25595e+9 
           1695      4.09521e+9 
           1705      3.91694e+9 
           1715      3.74856e+9 
           1725      3.70383e+9 
           1735      3.78378e+9 
           1745      3.67955e+9 
           1755      3.73436e+9 
           1765      3.49323e+9 
           1775      3.53015e+9 
           1785      3.49721e+9 
           1795      3.57528e+9 
           1805      3.53288e+9 
           1815      3.33281e+9 
           1825      3.39626e+9 
           1835      3.28114e+9 
           1845      3.07015e+9 
           1855      3.00724e+9 
           1865      3.02404e+9 
           1875      3.13975e+9 
           1885      2.91059e+9 
           1895      2.76151e+9 
           1905      2.91115e+9 
           1915      2.78364e+9 
           1925      2.71128e+9 
           1935      2.77177e+9 
           1945      2.79264e+9 
           1955      2.62457e+9 
           1967      2.75311e+9 
           1976      2.82361e+9 
           1984      2.66077e+9 
           1995      2.58891e+9 
           2005      2.62903e+9 
           2015      2.56848e+9 
           2025      2.65563e+9 
           2035      2.51115e+9 
           2045      2.50719e+9 
           2055      2.40836e+9 
           2065       2.4517e+9 
           2074      2.48355e+9 
           2078      2.39146e+9 
           2085      2.42517e+9 
           2095      2.32388e+9 
           2105      2.35627e+9 
           2115      2.33648e+9 
           2125      2.36326e+9 
           2135      2.30142e+9 
           2145      2.23998e+9 
           2155      2.27302e+9 
           2165      2.22989e+9 
           2175      2.20075e+9 
           2185      2.16534e+9 
           2195      2.17185e+9 
           2205      2.12547e+9 
           2215      2.08812e+9 
           2225      2.03104e+9 
           2235      2.04971e+9 
           2245      2.02783e+9 
           2255      1.97387e+9 
           2265      1.98659e+9 
           2275      1.96509e+9 
           2285       1.9612e+9 
           2295      1.89809e+9 
           2305      1.88811e+9 
           2315      1.85102e+9 
           2325       1.8343e+9 
           2335      1.77122e+9 
           2345      1.73607e+9 
           2355      1.75111e+9 
           2365      1.70394e+9 
           2375      1.70538e+9 
           2385      1.66495e+9 
           2395      1.68207e+9 
           2405      1.64135e+9 
           2415      1.62772e+9 
           2425      1.63514e+9 
           2435      1.58711e+9 
           2445      1.58909e+9 
           2455      1.58329e+9 
           2465      1.54902e+9 
           2475      1.53198e+9 
           2485      1.53486e+9 
           2495      1.48506e+9 
           2505      1.50451e+9 
           2513      1.45611e+9 
           2518      1.47814e+9 
           2525      1.44319e+9 
           2535      1.42192e+9 
           2545      1.39506e+9 
           2555      1.41867e+9 
           2565      1.39446e+9 
           2575      1.40365e+9 
           2585      1.39575e+9 
           2595      1.38199e+9 
           2605      1.36601e+9 
           2615      1.35399e+9 
           2625      1.33926e+9 
           2635        1.327e+9 
           2645      1.33842e+9 
           2655      1.32355e+9 
           2665       1.2904e+9 
           2675       1.2924e+9 
           2685      1.28389e+9 
           2695      1.25737e+9 
           2705      1.25406e+9 
           2715      1.23503e+9 
           2725      1.21335e+9 
           2735      1.21844e+9 
           2745      1.17573e+9 
           2755      1.17009e+9 
           2765      1.16563e+9 
           2775      1.17359e+9 
           2785       1.1577e+9 
           2795      1.10795e+9 
           2805       1.1275e+9 
           2815      1.13063e+9 
           2825      1.10867e+9 
           2835      1.08141e+9 
           2845       1.0842e+9 
           2855       1.0799e+9 
           2865      1.07738e+9 
           2875      1.06278e+9 
           2885       1.0548e+9 
           2895      1.04581e+9 
           2910      1.03097e+9 
           2930      1.00597e+9 
           2950      9.83501e+8 
           2970      9.73759e+8 
           2990      9.52179e+8 
           3010      9.38071e+8 
           3030      9.23225e+8 
           3050      9.05487e+8 
           3070      8.88851e+8 
           3090      8.70872e+8 
           3110      8.55539e+8 
           3130      8.42103e+8 
           3150       8.2647e+8 
           3170        8.115e+8 
           3190       7.8914e+8 
           3210      7.82115e+8 
           3230      7.68957e+8 
           3250      7.56027e+8 
           3270      7.43777e+8 
           3290      7.30237e+8 
           3310      7.18826e+8 
           3330      7.06242e+8 
           3350        6.929e+8 
           3370      6.82246e+8 
           3390      6.70908e+8 
           3410      6.59886e+8 
           3430      6.46994e+8 
           3450      6.34577e+8 
           3470      6.25312e+8 
           3490      6.15041e+8 
           3510      6.05851e+8 
           3530      5.96889e+8 
           3550      5.87252e+8 
           3570      5.80189e+8 
           3590      5.67516e+8 
           3610      5.59655e+8 
           3630      5.49903e+8 
           3640      5.48563e+8 
           3650      5.41885e+8 
           3670       5.3552e+8 
           3690      5.25552e+8 
           3710      5.07968e+8 
           3730      4.85909e+8 
           3750      5.11254e+8 
           3770      5.14591e+8 
           3790      5.57432e+8 
           3810      5.91873e+8 
           3830      5.05015e+8 
           3850      6.18805e+8 
           3870      6.40371e+8 
           3890      4.72129e+8 
           3910       6.3601e+8 
           3930      6.29968e+8 
           3950      6.17375e+8 
           3970      4.41747e+8 
           3990      5.88494e+8 
           4010       5.9864e+8 
           4030      5.57153e+8 
           4050      5.88343e+8 
           4070      5.70362e+8 
           4090      5.03204e+8 
           4110      4.27665e+8 
           4130       5.3125e+8 
           4150      5.33557e+8 
           4170      5.31441e+8 
           4190      5.26444e+8 
           4210      5.19328e+8 
           4230      5.10513e+8 
           4250       5.0136e+8 
           4270      4.87976e+8 
           4290      4.83396e+8 
           4310      4.70402e+8 
           4330      4.05043e+8 
           4350      3.64893e+8 
           4370      4.45856e+8 
           4390      4.31188e+8 
           4410      4.40458e+8 
           4430      4.32689e+8 
           4450      4.28713e+8 
           4470      3.98452e+8 
           4490      4.11859e+8 
           4510      4.10289e+8 
           4530      4.03057e+8 
           4550      3.97047e+8 
           4570      3.91396e+8 
           4590      3.85722e+8 
           4610      3.79865e+8 
           4630      3.73796e+8 
           4650      3.67399e+8 
           4670      3.63154e+8 
           4690      3.58539e+8 
           4710      3.46194e+8 
           4730      3.46321e+8 
           4750      3.40939e+8 
           4770      3.38318e+8 
           4790      3.32559e+8 
           4810      3.25615e+8 
           4830      3.17611e+8 
           4850      2.81268e+8 
           4870      2.47193e+8 
           4890       3.0257e+8 
           4910      3.02986e+8 
           4930      2.91217e+8 
           4950      2.96925e+8 
           4970      2.93365e+8 
           4990      2.89052e+8 
           5010      2.79469e+8 
           5030      2.80572e+8 
           5050       2.7277e+8 
           5070      2.73568e+8 
           5090      2.69706e+8 
           5110      2.65709e+8 
           5130      2.62052e+8 
           5150       2.5843e+8 
           5170      2.55462e+8 
           5190      2.51959e+8 
           5210      2.46877e+8 
           5230       2.4542e+8 
           5250      2.42187e+8 
           5270      2.38806e+8 
           5290      2.35967e+8 
           5310      2.32803e+8 
           5330      2.29468e+8 
           5350      2.26044e+8 
           5370       2.2388e+8 
           5390      2.20977e+8 
           5410      2.17956e+8 
           5430      2.14577e+8 
           5450       2.1213e+8 
           5470       2.0931e+8 
           5490       2.0715e+8 
           5510      2.04371e+8 
           5530      2.01787e+8 
           5550      1.99357e+8 
           5570       1.9675e+8 
           5590      1.94416e+8 
           5610      1.91704e+8 
           5630      1.89702e+8 
           5650       1.8619e+8 
           5670      1.84176e+8 
           5690      1.82395e+8 
           5710      1.80426e+8 
           5730      1.78285e+8 
           5750      1.76033e+8 
           5770         1.74e+8 
           5790      1.71879e+8 
           5810      1.69715e+8 
           5830      1.67688e+8 
           5850      1.65696e+8 
           5870      1.58304e+8 
           5890      1.61053e+8 
           5910      1.59782e+8 
           5930      1.57956e+8 
           5950      1.55704e+8 
           5970       1.5424e+8 
           5990      1.52203e+8 
           6010      1.50691e+8 
           6030      1.48906e+8 
           6050      1.47192e+8 
           6070      1.45467e+8 
           6090      1.43721e+8 
           6110      1.42146e+8 
           6130      1.40518e+8 
           6150       1.3856e+8 
           6170      1.37267e+8 
           6190      1.35752e+8 
           6210      1.34196e+8 
           6230      1.32666e+8 
           6250      1.30979e+8 
           6270      1.29656e+8 
           6290      1.28185e+8 
           6310      1.26636e+8 
           6330      1.25367e+8 
           6350      1.23326e+8 
           6370      1.22182e+8 
           6390      1.21178e+8 
           6410      1.19781e+8 
           6430      1.18618e+8 
           6450      1.17241e+8 
           6470       1.1595e+8 
           6490      1.14611e+8 
           6510      1.12992e+8 
           6530      1.10993e+8 
           6550      1.03494e+8 
           6570      9.05584e+7 
           6590       1.0591e+8 
           6610      1.06874e+8 
           6630      1.06119e+8 
           6650      1.05235e+8 
           6670      1.02979e+8 
           6690      1.01951e+8 
           6710       1.0193e+8 
           6730       1.0086e+8 
           6750      9.98245e+7 
           6770      9.87835e+7 
           6790      9.76141e+7 
           6810      9.67004e+7 
           6830      9.56503e+7 
           6850      9.47072e+7 
           6870      9.37336e+7 
           6890      9.27616e+7 
           6910      9.17994e+7 
           6930      9.07918e+7 
           6950      8.99346e+7 
           6970       8.9016e+7 
           6990       8.8091e+7 
           7010      8.71827e+7 
           7030      8.62986e+7 
           7050      8.54003e+7 
           7070      8.32899e+7 
           7090      8.37425e+7 
           7110      8.28845e+7 
           7130       8.2057e+7 
           7150       8.1208e+7 
           7170      8.04185e+7 
           7190      7.96366e+7 
           7210      7.88475e+7 
           7230      7.76191e+7 
           7250      7.72631e+7 
           7270      7.65392e+7 
           7290      7.52479e+7 
           7310      7.50412e+7 
           7330      7.43097e+7 
           7350       7.3592e+7 
           7370      7.28741e+7 
           7390      7.21698e+7 
           7410       7.1472e+7 
           7430      7.07329e+7 
           7450      7.00889e+7 
           7470        6.939e+7 
           7490      6.87379e+7 
           7510      6.80917e+7 
           7530      6.74581e+7 
           7550       6.6817e+7 
           7570      6.61948e+7 
           7590      6.55587e+7 
           7610      6.49472e+7 
           7630      6.43367e+7 
           7650       6.3731e+7 
           7670      6.31365e+7 
           7690      6.25467e+7 
           7710       6.1964e+7 
           7730      6.13815e+7 
           7750       6.0818e+7 
           7770      5.98557e+7 
           7790       5.9699e+7 
           7810      5.91274e+7 
           7830       5.8607e+7 
           7850      5.79878e+7 
           7870      5.74763e+7 
           7890      5.68561e+7 
           7910      5.65256e+7 
           7930      5.60198e+7 
           7950      5.53997e+7 
           7970      5.49797e+7 
           7990       5.4346e+7 
           8010      5.40174e+7 
           8030      5.35196e+7 
           8050      5.30226e+7 
           8070      5.25658e+7 
           8090      5.20414e+7 
           8110      5.15926e+7 
           8130      5.11538e+7 
           8150      5.06717e+7 
           8170      5.02732e+7 
           8190      4.97791e+7 
           8210      4.92122e+7 
           8230      4.88081e+7 
           8250      4.85108e+7 
           8270      4.79322e+7 
           8290      4.76618e+7 
           8310       4.7258e+7 
           8330      4.68544e+7 
           8350       4.6292e+7 
           8370      4.59828e+7 
           8390      4.56659e+7 
           8410      4.52593e+7 
           8430      4.48264e+7 
           8450      4.40858e+7 
           8470      4.39918e+7 
           8490      4.35669e+7 
           8510      4.30845e+7 
           8530      4.28631e+7 
           8550      4.18629e+7 
           8570      4.25295e+7 
           8590      4.08971e+7 
           8610      4.06839e+7 
           8630      4.18674e+7 
           8650      4.05381e+7 
           8670      3.79802e+7 
           8690      4.07524e+7 
           8710      4.12031e+7 
           8730      3.97595e+7 
           8750      3.56243e+7 
           8770      3.82995e+7 
           8790      4.01381e+7 
           8810      4.01755e+7 
           8830      3.94008e+7 
           8850      3.63322e+7 
           8870      3.34952e+7 
           8890      3.76901e+7 
           8910      3.85646e+7 
           8930      3.84615e+7 
           8950      3.82869e+7 
           8970      3.77488e+7 
           8990      3.62381e+7 
           9010      3.17403e+7 
           9030      3.32123e+7 
           9050      3.59593e+7 
           9070      3.60161e+7 
           9090      3.61013e+7 
           9110      3.59979e+7 
           9130      3.57396e+7 
           9150      3.54206e+7 
           9170      3.49419e+7 
           9190      3.43528e+7 
           9210      3.23349e+7 
           9230      2.81863e+7 
           9250      3.15623e+7 
           9270       3.2933e+7 
           9290      3.33453e+7 
           9310      3.30861e+7 
           9330      3.29882e+7 
           9350      3.27812e+7 
           9370      3.25655e+7 
           9390      3.23056e+7 
           9410      3.19144e+7 
           9430      3.17868e+7 
           9450      3.14761e+7 
           9470      3.09942e+7 
           9490      3.07967e+7 
           9510      2.99725e+7 
           9530      2.81051e+7 
           9550       2.4911e+7 
           9570      2.82779e+7 
           9590      2.93365e+7 
           9610      2.93585e+7 
           9630      2.90722e+7 
           9650      2.91432e+7 
           9670      2.89466e+7 
           9690      2.87145e+7 
           9710      2.84445e+7 
           9730      2.83038e+7 
           9750      2.80792e+7 
           9770      2.78744e+7 
           9790      2.76623e+7 
           9810      2.74506e+7 
           9830      2.72345e+7 
           9850      2.70367e+7 
           9870      2.68321e+7 
           9890      2.66104e+7 
           9910      2.63819e+7 
           9930      2.62276e+7 
           9950      2.59823e+7 
           9970      2.57424e+7 
           9990       2.5459e+7 
          10025      2.37327e+7 
          10075      2.28616e+7 
          10125      2.41963e+7 
          10175      2.39336e+7 
          10225      2.35048e+7 
          10275      2.30889e+7 
          10325      2.25906e+7 
          10375      2.22659e+7 
          10425      2.18701e+7 
          10475      2.14802e+7 
          10525      2.10998e+7 
          10575      2.07289e+7 
          10625      2.03668e+7 
          10675      1.99589e+7 
          10725      1.96615e+7 
          10775      1.93205e+7 
          10825       1.8764e+7 
          10875      1.84995e+7 
          10925      1.65033e+7 
          10975      1.73094e+7 
          11025      1.75613e+7 
          11075      1.74046e+7 
          11125      1.71374e+7 
          11175      1.68508e+7 
          11225      1.65649e+7 
          11275      1.62646e+7 
          11325       1.6012e+7 
          11375      1.57644e+7 
          11425      1.55058e+7 
          11475      1.52548e+7 
          11525      1.50064e+7 
          11575       1.4764e+7 
          11625      1.45202e+7 
          11675      1.42919e+7 
          11725      1.40642e+7 
          11775      1.38301e+7 
          11825      1.36226e+7 
          11875      1.34074e+7 
          11925       1.3198e+7 
          11975      1.28697e+7 
          12025      1.27889e+7 
          12075      1.25902e+7 
          12125      1.23956e+7 
          12175      1.22046e+7 
          12225      1.20172e+7 
          12275      1.18338e+7 
          12325      1.16534e+7 
          12375      1.14767e+7 
          12425      1.13035e+7 
          12475      1.11274e+7 
          12525       1.0947e+7 
          12575      1.07987e+7 
          12625      1.06405e+7 
          12675      1.04819e+7 
          12725      1.02918e+7 
          12775      9.91912e+6 
          12825      9.04532e+6 
          12875      9.73563e+6 
          12925      9.70826e+6 
          12975      9.53311e+6 
          13025      9.45784e+6 
          13075      9.32174e+6 
          13125       9.1883e+6 
          13175       9.0538e+6 
          13225      8.92796e+6 
          13275       8.8014e+6 
          13325      8.67691e+6 
          13375      8.55467e+6 
          13425       8.4294e+6 
          13475      8.31655e+6 
          13525      8.20039e+6 
          13575      8.08694e+6 
          13625      7.97493e+6 
          13675      7.86414e+6 
          13725      7.75635e+6 
          13775      7.65071e+6 
          13825      7.54639e+6 
          13875      7.44357e+6 
          13925      7.34222e+6 
          13975      7.24348e+6 
          14025      7.14596e+6 
          14075      7.05002e+6 
          14125      6.95583e+6 
          14175      6.86316e+6 
          14225      6.77199e+6 
          14275      6.68229e+6 
          14325      6.59424e+6 
          14375      6.50742e+6 
          14425      6.42111e+6 
          14475      6.33727e+6 
          14525      6.25515e+6 
          14570      6.18267e+6 
          14620      6.10274e+6 
          14675      6.01719e+6 
          14725      5.94043e+6 
          14775      5.86457e+6 
          14825      5.79097e+6 
          14875      5.71788e+6 
          14925      5.64598e+6 
          14975      5.57508e+6 
          15025      5.50532e+6 
          15075      5.42808e+6 
          15125      5.36854e+6 
          15175      5.30181e+6 
          15225      5.23535e+6 
          15275      5.16933e+6 
          15325      5.10389e+6 
          15375      5.04318e+6 
          15425      4.97428e+6 
          15475      4.91827e+6 
          15525      4.85492e+6 
          15575      4.78093e+6 
          15625      4.75054e+6 
          15675      4.66524e+6 
          15725      4.59418e+6 
          15775       4.5875e+6 
          15825      4.52562e+6 
          15875       4.3804e+6 
          15925      4.39498e+6 
          15975      4.38552e+6 
          16050      4.27677e+6 
          16150      4.11926e+6 
          16250      4.12607e+6 
          16350      3.97273e+6 
          16450      3.81223e+6 
          16550      3.85584e+6 
          16650       3.7731e+6 
          16750      3.61284e+6 
          16850      3.45956e+6 
          16950      3.51838e+6 
          17050      3.43265e+6 
          17150      3.37327e+6 
          17250      3.28477e+6 
          17350      3.04878e+6 
          17450      3.12108e+6 
          17550       3.0861e+6 
          17650      3.02112e+6 
          17750      2.95584e+6 
          17850      2.89278e+6 
          17950      2.83165e+6 
          18050       2.7607e+6 
          18150      2.57105e+6 
          18250      2.61116e+6 
          18350      2.59855e+6 
          18450      2.54722e+6 
          18550      2.49323e+6 
          18650      2.41966e+6 
          18750      2.26383e+6 
          18850      2.33392e+6 
          18950      2.29771e+6 
          19050      2.24458e+6 
          19150      2.20651e+6 
          19250       2.1626e+6 
          19350      2.10519e+6 
          19450      1.95514e+6 
          19550      2.02124e+6 
          19650      1.99789e+6 
          19750      1.95926e+6 
          19850       1.9215e+6 
          19950      1.88458e+6 
          20050      1.84849e+6 
          20150       1.8133e+6 
          20250      1.77899e+6 
          20350      1.74545e+6 
          20450      1.71239e+6 
          20550      1.67801e+6 
          20650      1.64952e+6 
          20750      1.61905e+6 
          20850      1.58917e+6 
          20950      1.56004e+6 
          21050      1.53157e+6 
          21150      1.49985e+6 
          21250      1.47659e+6 
          21350       1.4499e+6 
          21450      1.42347e+6 
          21550      1.39009e+6 
          21650      1.29458e+6 
          21750      1.33574e+6 
          21850      1.32417e+6 
          21950      1.30236e+6 
          22050       1.2798e+6 
          22150      1.25752e+6 
          22250      1.23574e+6 
          22350      1.21453e+6 
          22450      1.19372e+6 
          22550       1.1733e+6 
          22650      1.15334e+6 
          22750      1.13384e+6 
          22850      1.11477e+6 
          22950      1.09614e+6 
          23050      1.07771e+6 
          23150      1.05999e+6 
          23250      1.04245e+6 
          23350      1.02525e+6 
          23450      1.00844e+6 
          23550          992018 
          23650          975833 
          23750          960019 
          23850          944568 
          23950          929341 
          24050          914399 
          24150          899801 
          24250          885604 
          24350          871483 
          24450          857563 
          24550          844215 
          24650          830746 
          24750          816974 
          24850          805470 
          24950          791582 
          25050          780832 
          25150          768798 
          25250          754330 
          25350          745167 
          25450          734902 
          25550          722351 
          25650          707224 
          25750          701230 
          25850          691982 
          25950          681288 
          26050          667352 
          26150          648484 
          26250          615998 
          26350          636344 
          26450          632619 
          26550          623480 
          26650          611967 
          26750          591658 
          26850          594105 
          26950          589289 
          27050          581903 
          27150          573586 
          27250          565376 
          27350          557019 
          27450          546618 
          27550          524789 
          27650          525040 
          27750          525128 
          27850          519324 
          27950          512142 
          28050          505049 
          28150          498045 
          28250          491220 
          28350          484433 
          28450          477869 
          28550          470090 
          28650          458089 
          28750          440104 
          28850          449356 
          28950          445988 
          29050          440463 
          29150          434586 
          29250          428815 
          29350          423125 
          29450          417542 
          29550          412050 
          29650          406648 
          29750          401331 
          29850          396097 
          29950          390953 
          30050          385886 
          30150          380748 
          30250          374081 
          30350          357404 
          30450          357177 
          30550          360320 
          30650          357171 
          30750          352648 
          30850          348125 
          30950          343826 
          31050          339513 
          31150          335267 
          31250          331088 
          31350          326978 
          31450          322925 
          31550          318940 
          31650          315006 
          31750          311145 
          31850          307337 
          31950          303586 
          32100          298068 
          32300          290904 
          32500          283953 
          32700          276918 
          32900          262038 
          33100          261576 
          33300          257706 
          33500          251899 
          33700          246129 
          33900          240505 
          34100          235039 
          34300          229719 
          34500          224550 
          34700          219522 
          34900          214635 
          35100          209887 
          35300          205263 
          35500          200766 
          35700          196386 
          35900          192146 
          36100          187976 
          36300          183966 
          36500          179993 
          36700          176224 
          36900          172360 
          37100          168596 
          37300          162580 
          37500          158150 
          37700          158430 
          37900          155343 
          38100          151910 
          38300          148862 
          38500          146272 
          38700          143436 
          38900          140140 
          39100          136820 
          39300          134809 
          39500          132312 
          39700          129735 
          39900          127115 
          40100          123891 
          40300          121076 
          40500          116323 
          40700          117302 
          40900          115378 
          41100          113183 
          41300          110990 
          41500          108649 
          41700          105175 
          41900          104570 
          42100          102956 
          42300          101052 
          42500         99166.7 
          42700         97372.1 
          42900         95506.2 
          43100         93857.4 
          43300         92158.4 
          43500         90365.3 
          43700         87149.1 
          43900         86548.4 
          44100           85709 
          44300         84224.6 
          44500         82742.5 
          44700         81402.3 
          44900         79981.7 
          45100         78590.5 
          45300         77224.3 
          45500         75899.1 
          45700         74595.8 
          45900         73321.3 
          46100         71933.1 
          46300         70532.8 
          46500         67031.6 
          46700         66382.7 
          46900         66783.7 
          47100         66049.6 
          47300         65118.4 
          47500         64036.9 
          47700         62987.8 
          47900         61955.5 
          48100         60943.1 
          48300         59951.7 
          48500           58981 
          48700           58029 
          48900         57096.8 
          49100         56184.1 
          49300         55287.5 
          49500         54409.6 
          49700         53550.1 
          49900         52705.6 
          50100         51878.9 
          50300         51068.1 
          50500         50272.9 
          50700         49493.1 
          50900         48635.2 
          51100         47647.9 
          51300         45688.1 
          51500           46270 
          51700         45726.7 
          51900           45119 
          52100         44437.4 
          52300           43769 
          52500         43112.2 
          52700         42451.9 
          52900         41836.7 
          53100         41217.5 
          53300         40609.1 
          53500         40011.2 
          53700         39377.9 
          53900         38803.6 
          54100         38282.9 
          54300           37728 
          54500         37182.7 
          54700         36646.9 
          54900         36121.7 
          55100         35560.9 
          55300         34982.6 
          55500         34598.8 
          55700         34110.4 
          55900         33629.2 
          56100         33157.6 
          56300         32693.1 
          56500         32236.6 
          56700         31788.1 
          56900         31310.2 
          57100         30742.3 
          57300         30432.9 
          57500         30071.1 
          57700         29660.5 
          57900           29257 
          58100         28859.5 
          58300           28469 
          58500         28107.3 
          58700         27667.9 
          58900         27137.2 
          59100         25979.9 
          59300         26447.7 
          59500           26018 
          59700         25771.1 
          59900         25542.6 
          60100           25255 
          60300         24925.1 
          60500           24600 
          60700         24279.7 
          60900           23965 
          61100           23655 
          61300         23350.5 
          61500         23050.5 
          61700         22755.8 
          61900         22465.5 
          62100         22179.3 
          62300         21898.4 
          62500           21608 
          62700         21253.8 
          62900         20725.6 
          63100         20694.7 
          63300         20534.1 
          63500         20301.2 
          63700         20049.5 
          63900         19802.4 
          64200         19437.7 
          64600         18963.9 
          65000         18504.8 
          65400         18059.8 
          65800         17627.7 
          66200         17208.2 
          66600         16801.6 
          67000         16406.1 
          67400         15966.4 
          67800         15405.7 
          68200         15274.1 
          68600           14938 
          69000         14596.8 
          69400         14265.5 
          69800         13943.2 
          70200         13630.3 
          70600         13325.2 
          71000         13029.7 
          71400         12741.5 
          71800         12461.8 
          72200         12189.7 
          72600         11924.2 
          73000         11666.7 
          73400         11416.1 
          73800         11171.6 
          74200         10900.3 
          74600         10417.5 
          75000         10111.1 
          75400         10194.9 
          75800         10039.1 
          76200         9836.66 
          76600         9634.03 
          77000         9436.34 
          77400         9244.11 
          77800         9029.79 
          78200         8873.59 
          78600         8695.08 
          79000         8521.53 
          79400         8351.63 
          79800         8186.48 
          80200         8025.36 
          80600         7867.62 
          81000         7714.31 
          81400         7536.34 
          81800         7402.57 
          82200          7275.5 
          82600         7136.19 
          83000         7000.31 
          83400         6867.78 
          83800            6738 
          84200         6611.43 
          84600            6488 
          85000         6367.12 
          85400         6249.24 
          85800         6133.79 
          86200         6015.65 
          86600         5863.26 
          87000         5785.08 
          87400          5612.9 
          87800         5512.02 
          88200         5493.14 
          88600          5397.1 
          89000         5301.13 
          89400         5207.14 
          89800         5115.07 
          90200         5025.35 
          90600         4937.47 
          91000          4851.4 
          91400         4767.54 
          91800          4685.4 
          92200         4604.51 
          92600         4525.71 
          93000         4448.53 
          93400         4367.76 
          93800         4246.02 
          94200         4204.05 
          94600         4156.03 
          95000         4086.71 
          95400         4018.82 
          95800         3952.32 
          96200         3887.16 
          96600         3823.35 
          97000         3760.81 
          97400         3699.56 
          97800         3639.55 
          98200         3580.74 
          98600          3523.1 
          99000         3466.67 
          99400         3411.34 
          99800         3357.08 
         100200         3303.91 
         200000         207.267 
         400000         12.7641 
         600000          2.4973 
         800000        0.785069 
         1.0e+6        0.320047 
         1.2e+6        0.153755 
         1.4e+6        0.082719 
         1.6e+6       0.0483494 
