# Kurucz ODFNEW /NOVER (2003)
# teff = 12000 K (value for the effective temperature for the model. Temperatures are given in K)
# logg = 5 log(cm/s2) (value for Log(G) for the model.)
# meta = -2.5  (value for the Metallicity for the model.)
# lh = 1.25  (l/Hp where l is the  mixing length of the convective element and Hp is the pressure scale height)
# vtur = 2 km/s (Microturbulence velocity)
# alpha = 0.4  (Alpha)
#
# column 1: WAVELENGTH (ANGSTROM), Wavelength in Angstrom
# column 2: FLUX (ERG/CM2/S/A), Flux in erg/cm2/s/A
          198.4     3.33617e-23 
          201.8     1.76564e-22 
            205     6.22238e-22 
          210.5     4.76125e-21 
          216.2     3.49049e-20 
          219.8     1.16258e-19 
            223     3.26367e-19 
          226.8       1.072e-18 
            230     2.83409e-18 
            234     9.15404e-18 
            240     4.93018e-17 
          246.5     2.78042e-16 
          252.4     1.23547e-15 
          256.8     3.58967e-15 
            260      7.6193e-15 
            264     1.90143e-14 
          268.5     5.12924e-14 
          273.5     1.48431e-13 
          278.5     4.14351e-13 
            284     1.22609e-12 
            290     3.81258e-12 
            296      1.1271e-11 
            301     2.69758e-11 
            308     8.70261e-11 
            318     4.22835e-10 
            328       1.8625e-9 
            338      7.48453e-9 
            348      2.77554e-8 
            357      8.45039e-8 
            366      2.43942e-7 
            375      6.67223e-7 
            385       1.9304e-6 
            395      5.28037e-6 
            405      1.37407e-5 
            414      3.12249e-5 
            422      6.28016e-5 
            430     0.000123013 
            441     0.000297907 
            451     0.000640103 
            460      0.00123772 
            470      0.00249914 
            480       0.0048947 
            490      0.00932911 
            500       0.0172919 
            506       0.0753059 
            512         0.14119 
            520        0.217845 
            530        0.373698 
            540         0.60663 
            550        0.997928 
            560         1.58464 
            570         2.47164 
            580         3.71152 
            590          5.7188 
            600         8.50875 
            610         12.4713 
            620         18.0289 
            630         25.7304 
            640         36.2758 
            650         50.5531 
            658         65.3937 
            665         81.4514 
            675         110.491 
            685         148.388 
            695         197.418 
            705         260.271 
            716         349.263 
            726         452.389 
            735         567.181 
            745         724.035 
            755         917.527 
            765         1154.67 
            775          1443.5 
            785         1792.91 
            795         2213.08 
            805         2715.95 
            815          3314.1 
            825         4021.88 
            835         4853.16 
            845         5832.24 
            855         6971.06 
            865         8293.61 
            875         9821.41 
            885         11581.9 
            895         13599.5 
            905           15898 
            915         29505.2 
            925         70117.4 
            935          100958 
            945          177092 
            955          345545 
            965          517706 
            975          259654 
            985      7.61361e+6 
            995      6.34069e+7 
           1005      4.45499e+7 
           1015      2.65964e+6 
           1025          361194 
           1035      1.87643e+6 
           1045      5.44279e+7 
           1055      2.54085e+8 
           1065      4.40294e+8 
           1075      5.77339e+8 
           1085      6.29053e+8 
           1095      6.71626e+8 
           1105      6.68411e+8 
           1115      6.78778e+8 
           1125      6.46047e+8 
           1135      6.44218e+8 
           1145      6.02842e+8 
           1155      5.46163e+8 
           1165      4.74567e+8 
           1175      3.39449e+8 
           1185      1.71781e+8 
           1195      2.41604e+7 
           1205      3.32175e+6 
           1215      1.39305e+6 
           1225      3.16421e+6 
           1235         1.72e+7 
           1245      1.15282e+8 
           1255      2.68921e+8 
           1265      3.69002e+8 
           1275      4.62006e+8 
           1285      5.16535e+8 
           1295      5.33658e+8 
           1305      5.14119e+8 
           1315      5.64607e+8 
           1325      5.65687e+8 
           1335      5.64198e+8 
           1345      5.81184e+8 
           1355      5.69806e+8 
           1365      5.65026e+8 
           1375      5.53171e+8 
           1385      5.38495e+8 
           1395      5.25304e+8 
           1405      5.47052e+8 
           1415      5.59969e+8 
           1425      5.59818e+8 
           1435      5.52061e+8 
           1442       5.5436e+8 
           1447      5.50842e+8 
           1455       5.4594e+8 
           1465      5.37529e+8 
           1475      5.32759e+8 
           1485      5.25796e+8 
           1495      5.18195e+8 
           1505      5.16721e+8 
           1512      5.12475e+8 
           1517      5.11558e+8 
           1525      4.99385e+8 
           1535      4.92915e+8 
           1545      4.96025e+8 
           1555      4.83464e+8 
           1565      4.63785e+8 
           1575      4.70717e+8 
           1585      4.68395e+8 
           1595      4.68864e+8 
           1605       4.5931e+8 
           1615      4.53336e+8 
           1625      4.41825e+8 
           1635      4.38663e+8 
           1645       4.3666e+8 
           1655      4.16613e+8 
           1665      4.32592e+8 
           1672      4.16095e+8 
           1677      4.23128e+8 
           1685      4.23551e+8 
           1695      4.17231e+8 
           1705       4.0906e+8 
           1715      4.07595e+8 
           1725      4.01655e+8 
           1735      4.02645e+8 
           1745      3.95655e+8 
           1755      3.94572e+8 
           1765      3.86074e+8 
           1775      3.88457e+8 
           1785      3.80924e+8 
           1795      3.80901e+8 
           1805      3.74217e+8 
           1815      3.70677e+8 
           1825      3.69001e+8 
           1835      3.65203e+8 
           1845      3.60724e+8 
           1855      3.56801e+8 
           1865      3.52942e+8 
           1875      3.51641e+8 
           1885      3.48673e+8 
           1895      3.45642e+8 
           1905      3.42687e+8 
           1915      3.39138e+8 
           1925      3.36498e+8 
           1935      3.31269e+8 
           1945      3.30948e+8 
           1955      3.27906e+8 
           1967       3.2455e+8 
           1976      3.21678e+8 
           1984      3.19424e+8 
           1995      3.16138e+8 
           2005      3.12908e+8 
           2015      3.09124e+8 
           2025      3.07144e+8 
           2035      3.05152e+8 
           2045      3.02463e+8 
           2055      2.96502e+8 
           2065      2.96217e+8 
           2074      2.94641e+8 
           2078      2.94128e+8 
           2085      2.92633e+8 
           2095      2.90095e+8 
           2105      2.87693e+8 
           2115      2.85165e+8 
           2125      2.82804e+8 
           2135      2.80293e+8 
           2145      2.78521e+8 
           2155      2.75934e+8 
           2165      2.72017e+8 
           2175      2.70397e+8 
           2185      2.68898e+8 
           2195      2.67533e+8 
           2205      2.64445e+8 
           2215      2.60911e+8 
           2225      2.58815e+8 
           2235       2.5894e+8 
           2245      2.56384e+8 
           2255      2.53448e+8 
           2265      2.51472e+8 
           2275      2.50286e+8 
           2285      2.48771e+8 
           2295      2.45999e+8 
           2305      2.44735e+8 
           2315      2.42681e+8 
           2325        2.411e+8 
           2335      2.36766e+8 
           2345      2.31175e+8 
           2355      2.34039e+8 
           2365      2.28588e+8 
           2375      2.29686e+8 
           2385      2.24042e+8 
           2395      2.25754e+8 
           2405      2.23972e+8 
           2415      2.22302e+8 
           2425      2.23554e+8 
           2435      2.21067e+8 
           2445      2.19514e+8 
           2455      2.19117e+8 
           2465      2.16208e+8 
           2475      2.15326e+8 
           2485      2.13999e+8 
           2495      2.10925e+8 
           2505      2.11664e+8 
           2513      2.09758e+8 
           2518      2.09561e+8 
           2525      2.07166e+8 
           2535      2.04104e+8 
           2545      2.04493e+8 
           2555      2.04661e+8 
           2565      2.01792e+8 
           2575      2.01528e+8 
           2585      1.99967e+8 
           2595      1.98227e+8 
           2605      1.96281e+8 
           2615      1.94936e+8 
           2625      1.93809e+8 
           2635      1.92797e+8 
           2645      1.94325e+8 
           2655      1.93067e+8 
           2665      1.91281e+8 
           2675      1.90465e+8 
           2685      1.89409e+8 
           2695      1.88074e+8 
           2705      1.86871e+8 
           2715      1.85149e+8 
           2725      1.83828e+8 
           2735       1.8301e+8 
           2745      1.78765e+8 
           2755      1.78427e+8 
           2765      1.79278e+8 
           2775      1.79064e+8 
           2785      1.77771e+8 
           2795      1.70979e+8 
           2805      1.73468e+8 
           2815      1.74953e+8 
           2825      1.73858e+8 
           2835      1.72502e+8 
           2845      1.71497e+8 
           2855      1.70228e+8 
           2865      1.69611e+8 
           2875      1.68597e+8 
           2885      1.67648e+8 
           2895      1.66793e+8 
           2910      1.65424e+8 
           2930      1.62884e+8 
           2950      1.61337e+8 
           2970      1.59696e+8 
           2990      1.57816e+8 
           3010      1.56171e+8 
           3030      1.54428e+8 
           3050      1.52684e+8 
           3070      1.50949e+8 
           3090      1.49313e+8 
           3110      1.47648e+8 
           3130      1.46017e+8 
           3150      1.44408e+8 
           3170      1.42869e+8 
           3190      1.41209e+8 
           3210      1.39788e+8 
           3230      1.38239e+8 
           3250      1.36828e+8 
           3270      1.35403e+8 
           3290      1.33977e+8 
           3310      1.32573e+8 
           3330      1.31162e+8 
           3350      1.29755e+8 
           3370      1.28408e+8 
           3390      1.27091e+8 
           3410      1.25799e+8 
           3430      1.24503e+8 
           3450      1.23228e+8 
           3470      1.21965e+8 
           3490      1.20719e+8 
           3510      1.19494e+8 
           3530      1.18286e+8 
           3550      1.17092e+8 
           3570      1.15911e+8 
           3590      1.14745e+8 
           3610      1.13599e+8 
           3630      1.12462e+8 
           3640      1.11899e+8 
           3650      1.13512e+8 
           3670      1.12785e+8 
           3690       1.1099e+8 
           3710      1.07859e+8 
           3730      1.02221e+8 
           3750      1.13446e+8 
           3770       1.1765e+8 
           3790      1.39311e+8 
           3810      1.62452e+8 
           3830      1.32456e+8 
           3850      1.80246e+8 
           3870      2.05669e+8 
           3890      1.13138e+8 
           3910      2.04625e+8 
           3930      2.25544e+8 
           3950      2.02015e+8 
           3970      1.08562e+8 
           3990      1.89897e+8 
           4010      2.18176e+8 
           4030      2.17795e+8 
           4050      2.15746e+8 
           4070      2.04245e+8 
           4090      1.49925e+8 
           4110      1.15846e+8 
           4130      1.89452e+8 
           4150      2.00084e+8 
           4170      2.00277e+8 
           4190      1.98335e+8 
           4210      1.95777e+8 
           4230      1.92951e+8 
           4250      1.89909e+8 
           4270      1.86399e+8 
           4290      1.81486e+8 
           4310      1.70168e+8 
           4330      1.21553e+8 
           4350      1.04477e+8 
           4370       1.6017e+8 
           4390      1.68268e+8 
           4410      1.68861e+8 
           4430      1.67361e+8 
           4450      1.65464e+8 
           4470      1.62175e+8 
           4490      1.61049e+8 
           4510      1.59298e+8 
           4530      1.57134e+8 
           4550      1.54999e+8 
           4570      1.52917e+8 
           4590      1.50857e+8 
           4610      1.48846e+8 
           4630      1.46847e+8 
           4650      1.44902e+8 
           4670      1.42981e+8 
           4690      1.41083e+8 
           4710      1.38945e+8 
           4730      1.37043e+8 
           4750      1.35073e+8 
           4770      1.32984e+8 
           4790      1.30563e+8 
           4810      1.27079e+8 
           4830      1.19251e+8 
           4850      9.00867e+7 
           4870      7.46187e+7 
           4890      1.11189e+8 
           4910      1.18394e+8 
           4930      1.18844e+8 
           4950      1.18362e+8 
           4970       1.1721e+8 
           4990      1.15911e+8 
           5010       1.1453e+8 
           5030       1.1333e+8 
           5050      1.11851e+8 
           5070      1.10545e+8 
           5090      1.09182e+8 
           5110       1.0784e+8 
           5130       1.0652e+8 
           5150      1.05219e+8 
           5170      1.03924e+8 
           5190       1.0267e+8 
           5210      1.01435e+8 
           5230       1.0021e+8 
           5250      9.90083e+7 
           5270      9.78201e+7 
           5290      9.66537e+7 
           5310      9.55021e+7 
           5330      9.43703e+7 
           5350      9.32541e+7 
           5370      9.21558e+7 
           5390      9.10725e+7 
           5410      9.00052e+7 
           5430       8.8955e+7 
           5450      8.79202e+7 
           5470      8.69008e+7 
           5490      8.58963e+7 
           5510      8.49065e+7 
           5530      8.39313e+7 
           5550      8.29691e+7 
           5570      8.20222e+7 
           5590       8.1088e+7 
           5610      8.01673e+7 
           5630        7.926e+7 
           5650      7.83647e+7 
           5670      7.74835e+7 
           5690       7.6614e+7 
           5710      7.57558e+7 
           5730      7.49112e+7 
           5750      7.40777e+7 
           5770      7.32572e+7 
           5790      7.24475e+7 
           5810      7.16482e+7 
           5830      7.08616e+7 
           5850       7.0085e+7 
           5870      6.91021e+7 
           5890       6.8563e+7 
           5910      6.78193e+7 
           5930      6.70851e+7 
           5950      6.63593e+7 
           5970      6.56459e+7 
           5990      6.49405e+7 
           6010      6.42462e+7 
           6030      6.35606e+7 
           6050      6.28848e+7 
           6070      6.22175e+7 
           6090      6.15597e+7 
           6110      6.09111e+7 
           6130      6.02707e+7 
           6150      5.96372e+7 
           6170      5.90157e+7 
           6190         5.84e+7 
           6210      5.77929e+7 
           6230      5.71934e+7 
           6250      5.66022e+7 
           6270      5.60184e+7 
           6290      5.54428e+7 
           6310      5.48743e+7 
           6330      5.43128e+7 
           6350      5.37432e+7 
           6370      5.32029e+7 
           6390      5.26711e+7 
           6410      5.21348e+7 
           6430       5.1493e+7 
           6450      5.09179e+7 
           6470      5.03066e+7 
           6490       4.9599e+7 
           6510      4.86111e+7 
           6530      4.65742e+7 
           6550      3.97036e+7 
           6570      3.30989e+7 
           6590      4.34459e+7 
           6610      4.58279e+7 
           6630      4.61252e+7 
           6650      4.59419e+7 
           6670      4.55914e+7 
           6690      4.52106e+7 
           6710      4.48796e+7 
           6730      4.44702e+7 
           6750        4.404e+7 
           6770       4.3615e+7 
           6790      4.31958e+7 
           6810      4.27808e+7 
           6830      4.23716e+7 
           6850      4.19663e+7 
           6870      4.15667e+7 
           6890      4.11718e+7 
           6910      4.07815e+7 
           6930      4.03958e+7 
           6950      4.00147e+7 
           6970      3.96388e+7 
           6990      3.92666e+7 
           7010      3.88995e+7 
           7030      3.85359e+7 
           7050      3.81774e+7 
           7070      3.78087e+7 
           7090       3.7472e+7 
           7110      3.71259e+7 
           7130       3.6783e+7 
           7150      3.64449e+7 
           7170      3.61107e+7 
           7190      3.57796e+7 
           7210      3.54531e+7 
           7230      3.51297e+7 
           7250      3.48107e+7 
           7270      3.44947e+7 
           7290      3.41802e+7 
           7310      3.38743e+7 
           7330      3.35691e+7 
           7350      3.32674e+7 
           7370      3.29692e+7 
           7390      3.26744e+7 
           7410       3.2383e+7 
           7430      3.20949e+7 
           7450      3.18101e+7 
           7470      3.15286e+7 
           7490      3.12497e+7 
           7510      3.09739e+7 
           7530       3.0702e+7 
           7550      3.04325e+7 
           7570       3.0166e+7 
           7590      2.99026e+7 
           7610      2.96416e+7 
           7630      2.93841e+7 
           7650       2.9129e+7 
           7670      2.88774e+7 
           7690       2.8628e+7 
           7710      2.83814e+7 
           7730       2.8137e+7 
           7750       2.7896e+7 
           7770      2.76284e+7 
           7790      2.74209e+7 
           7810      2.71874e+7 
           7830      2.69565e+7 
           7850      2.67276e+7 
           7870      2.64995e+7 
           7890      2.62739e+7 
           7910       2.6057e+7 
           7930      2.58376e+7 
           7950      2.56208e+7 
           7970      2.54069e+7 
           7990       2.5192e+7 
           8010      2.49847e+7 
           8030      2.47774e+7 
           8050      2.45719e+7 
           8070      2.43687e+7 
           8090      2.41672e+7 
           8110       2.3968e+7 
           8130       2.3771e+7 
           8150      2.35756e+7 
           8170       2.3383e+7 
           8190      2.31914e+7 
           8210      2.31691e+7 
           8230      2.29899e+7 
           8250      2.28171e+7 
           8270      2.26458e+7 
           8290      2.24752e+7 
           8310      2.23061e+7 
           8330      2.21383e+7 
           8350      2.19708e+7 
           8370      2.18035e+7 
           8390      2.16333e+7 
           8410       2.1456e+7 
           8430      2.12811e+7 
           8450      2.11046e+7 
           8470      2.08737e+7 
           8490      2.07211e+7 
           8510      2.04257e+7 
           8530      2.03968e+7 
           8550      1.97645e+7 
           8570       2.0234e+7 
           8590      1.94139e+7 
           8610      1.91332e+7 
           8630      2.00072e+7 
           8650      1.92029e+7 
           8670      1.74766e+7 
           8690      1.93982e+7 
           8710      1.99106e+7 
           8730      1.89806e+7 
           8750      1.60336e+7 
           8770      1.80178e+7 
           8790      1.96185e+7 
           8810      1.98727e+7 
           8830      1.92271e+7 
           8850      1.68662e+7 
           8870      1.49175e+7 
           8890      1.79617e+7 
           8910      1.91947e+7 
           8930      1.94906e+7 
           8950       1.9365e+7 
           8970      1.88316e+7 
           8990      1.74632e+7 
           9010      1.42454e+7 
           9030      1.51499e+7 
           9050      1.75415e+7 
           9070      1.83348e+7 
           9090       1.8531e+7 
           9110      1.85073e+7 
           9130      1.83812e+7 
           9150      1.81699e+7 
           9170      1.78161e+7 
           9190      1.71021e+7 
           9210       1.5414e+7 
           9230      1.25441e+7 
           9250       1.4798e+7 
           9270      1.64544e+7 
           9290      1.69939e+7 
           9310       1.7114e+7 
           9330      1.70917e+7 
           9350      1.70118e+7 
           9370      1.69054e+7 
           9390      1.67834e+7 
           9410      1.66475e+7 
           9430      1.64999e+7 
           9450      1.63255e+7 
           9470       1.6097e+7 
           9490       1.5738e+7 
           9510      1.50208e+7 
           9530      1.33476e+7 
           9550      1.11925e+7 
           9570      1.34744e+7 
           9590      1.47168e+7 
           9610      1.51125e+7 
           9630      1.51989e+7 
           9650      1.51784e+7 
           9670      1.51121e+7 
           9690      1.50273e+7 
           9710      1.49319e+7 
           9730      1.48319e+7 
           9750      1.47292e+7 
           9770      1.46421e+7 
           9790      1.45469e+7 
           9810      1.44411e+7 
           9830      1.43134e+7 
           9850       1.4201e+7 
           9870      1.40924e+7 
           9890      1.39804e+7 
           9910      1.38653e+7 
           9930      1.37404e+7 
           9950      1.35984e+7 
           9970      1.34177e+7 
           9990      1.31455e+7 
          10025      1.16156e+7 
          10075       1.1083e+7 
          10125      1.26154e+7 
          10175      1.25972e+7 
          10225      1.24232e+7 
          10275      1.22362e+7 
          10325       1.2025e+7 
          10375      1.18187e+7 
          10425      1.16169e+7 
          10475      1.14187e+7 
          10525      1.12255e+7 
          10575       1.1036e+7 
          10625      1.08503e+7 
          10675      1.06676e+7 
          10725      1.04793e+7 
          10775      1.02787e+7 
          10825      1.00496e+7 
          10875      9.65415e+6 
          10925      8.05914e+6 
          10975      8.69523e+6 
          11025      9.32009e+6 
          11075      9.28865e+6 
          11125      9.16943e+6 
          11175      9.04653e+6 
          11225      8.90213e+6 
          11275      8.75934e+6 
          11325      8.62078e+6 
          11375      8.48547e+6 
          11425      8.35191e+6 
          11475       8.2212e+6 
          11525      8.09273e+6 
          11575      7.96701e+6 
          11625      7.84371e+6 
          11675      7.72277e+6 
          11725      7.60416e+6 
          11775      7.48755e+6 
          11825      7.37371e+6 
          11875      7.26179e+6 
          11925      7.15201e+6 
          11975      7.04407e+6 
          12025      6.93846e+6 
          12075      6.83487e+6 
          12125        6.733e+6 
          12175      6.63308e+6 
          12225      6.53507e+6 
          12275      6.43894e+6 
          12325      6.34439e+6 
          12375      6.25166e+6 
          12425      6.16045e+6 
          12475      6.07098e+6 
          12525      5.98322e+6 
          12575      5.89619e+6 
          12625       5.7964e+6 
          12675      5.69706e+6 
          12725      5.56373e+6 
          12775      5.23541e+6 
          12825      4.53709e+6 
          12875      5.15531e+6 
          12925      5.26952e+6 
          12975      5.23548e+6 
          13025      5.17604e+6 
          13075      5.11537e+6 
          13125      5.04455e+6 
          13175      4.97486e+6 
          13225      4.90673e+6 
          13275      4.83948e+6 
          13325      4.77331e+6 
          13375      4.70842e+6 
          13425      4.64456e+6 
          13475      4.58194e+6 
          13525      4.52012e+6 
          13575      4.45949e+6 
          13625      4.39983e+6 
          13675      4.34132e+6 
          13725      4.28355e+6 
          13775       4.2269e+6 
          13825      4.17115e+6 
          13875      4.11629e+6 
          13925       4.0623e+6 
          13975      4.00918e+6 
          14025      3.95689e+6 
          14075      3.90563e+6 
          14125      3.85518e+6 
          14175      3.80534e+6 
          14225      3.75648e+6 
          14275       3.7084e+6 
          14325      3.66108e+6 
          14375      3.61432e+6 
          14425      3.56849e+6 
          14475      3.52338e+6 
          14525      3.47899e+6 
          14570      3.43961e+6 
          14620      3.40502e+6 
          14675      3.35925e+6 
          14725      3.31823e+6 
          14775      3.27786e+6 
          14825      3.23814e+6 
          14875      3.19904e+6 
          14925      3.16039e+6 
          14975      3.12235e+6 
          15025      3.08492e+6 
          15075      3.04791e+6 
          15125      3.01132e+6 
          15175      2.97515e+6 
          15225      2.93923e+6 
          15275      2.90355e+6 
          15325      2.86811e+6 
          15375      2.83467e+6 
          15425      2.79684e+6 
          15475      2.76543e+6 
          15525       2.7292e+6 
          15575      2.68888e+6 
          15625       2.6737e+6 
          15675      2.62079e+6 
          15725      2.58115e+6 
          15775      2.58601e+6 
          15825      2.54743e+6 
          15875      2.44979e+6 
          15925      2.46711e+6 
          15975      2.48047e+6 
          16050      2.40397e+6 
          16150       2.3025e+6 
          16250      2.34815e+6 
          16350      2.22721e+6 
          16450      2.11807e+6 
          16550      2.20713e+6 
          16650      2.16398e+6 
          16750       2.0214e+6 
          16850      1.91508e+6 
          16950      2.02131e+6 
          17050      1.99197e+6 
          17150      1.94742e+6 
          17250      1.88047e+6 
          17350      1.67213e+6 
          17450      1.77006e+6 
          17550      1.78358e+6 
          17650      1.75315e+6 
          17750      1.71898e+6 
          17850      1.68168e+6 
          17950      1.64195e+6 
          18050      1.59074e+6 
          18150      1.42173e+6 
          18250        1.477e+6 
          18350      1.50525e+6 
          18450      1.48057e+6 
          18550      1.44899e+6 
          18650      1.40068e+6 
          18750      1.25118e+6 
          18850      1.33899e+6 
          18950      1.33675e+6 
          19050      1.31351e+6 
          19150       1.2876e+6 
          19250      1.25891e+6 
          19350      1.21041e+6 
          19450      1.08447e+6 
          19550      1.16379e+6 
          19650      1.16515e+6 
          19750      1.14768e+6 
          19850      1.12697e+6 
          19950      1.10567e+6 
          20050      1.08492e+6 
          20150      1.06471e+6 
          20250      1.04494e+6 
          20350       1.0256e+6 
          20450      1.00668e+6 
          20550          988251 
          20650          970221 
          20750          952668 
          20850          935405 
          20950          918600 
          21050          902156 
          21150          886065 
          21250          870321 
          21350          853922 
          21450          835662 
          21550          807660 
          21650          729423 
          21750          771612 
          21850          777925 
          21950          768155 
          22050          756306 
          22150          743411 
          22250          730786 
          22350          718423 
          22450          706327 
          22550          694475 
          22650          682878 
          22750          671524 
          22850          660969 
          22950          650150 
          23050          639558 
          23150          629173 
          23250          618998 
          23350          609023 
          23450          599250 
          23550          589675 
          23650          580287 
          23750          571076 
          23850          562052 
          23950          553197 
          24050          544510 
          24150          535979 
          24250          527621 
          24350          519389 
          24450          511267 
          24550          503429 
          24650          495515 
          24750          487909 
          24850          480610 
          24950          472474 
          25050          466086 
          25150          458944 
          25250          450311 
          25350          444954 
          25450          439161 
          25550          431206 
          25650          421838 
          25750          418772 
          25850          413830 
          25950          406938 
          26050          396308 
          26150          381681 
          26250          355526 
          26350          373771 
          26450          377466 
          26550          373254 
          26650          364719 
          26750          350525 
          26850          354357 
          26950          353522 
          27050          349651 
          27150          345056 
          27250          340154 
          27350          334645 
          27450          326681 
          27550          309642 
          27650          310929 
          27750          314964 
          27850          312716 
          27950          309132 
          28050          305563 
          28150          301404 
          28250          297314 
          28350          292825 
          28450          288141 
          28550          282373 
          28650          271405 
          28750          258869 
          28850          268279 
          28950          268690 
          29050          266219 
          29150          263464 
          29250          260010 
          29350          256615 
          29450          253268 
          29550          249977 
          29650          246743 
          29750          243559 
          29850          240424 
          29950          237339 
          30050          233688 
          30150          229940 
          30250          224392 
          30350          211137 
          30450          211252 
          30550          216721 
          30650          216011 
          30750          214014 
          30850          211703 
          30950          209075 
          31050          206488 
          31150          203941 
          31250          201430 
          31350          198959 
          31450          196526 
          31550          194128 
          31650          191768 
          31750          189444 
          31850          187157 
          31950          184903 
          32100          181584 
          32300          177274 
          32500          173023 
          32700          167950 
          32900          156151 
          33100          157117 
          33300          156805 
          33500          153572 
          33700          150166 
          33900          146806 
          34100          143527 
          34300          140331 
          34500          137224 
          34700          134198 
          34900          131254 
          35100          128390 
          35300          125600 
          35500          122888 
          35700          120244 
          35900          117674 
          36100          115160 
          36300          112722 
          36500          110320 
          36700          108007 
          36900          105622 
          37100          103165 
          37300         98145.9 
          37500         95521.2 
          37700         96930.4 
          37900         95312.1 
          38100         93252.6 
          38300         91415.7 
          38500         89810.2 
          38700         88046.7 
          38900         86112.9 
          39100         84056.3 
          39300         82844.4 
          39500         81370.2 
          39700         79799.5 
          39900         78149.6 
          40100         76045.9 
          40300         74209.7 
          40500         70421.6 
          40700         71816.7 
          40900         71046.2 
          41100         69781.1 
          41300         68435.4 
          41500           66828 
          41700         64492.2 
          41900         64315.7 
          42100         63527.6 
          42300         62551.4 
          42500         61411.3 
          42700           60296 
          42900           59207 
          43100         58141.7 
          43300           57003 
          43500         55695.6 
          43700         53397.7 
          43900         53109.7 
          44100         52935.2 
          44300         52212.6 
          44500           51322 
          44700         50479.1 
          44900         49542.7 
          45100         48691.2 
          45300         47856.5 
          45500         47032.7 
          45700         46221.5 
          45900         45408.3 
          46100         44557.8 
          46300         43481.3 
          46500         41003.4 
          46700         40611.4 
          46900         41106.8 
          47100         40923.1 
          47300           40369 
          47500         39749.2 
          47700         39118.6 
          47900         38492.1 
          48100         37874.7 
          48300         37267.8 
          48500         36672.8 
          48700         36089.4 
          48900           35516 
          49100         34955.3 
          49300         34402.6 
          49500         33862.2 
          49700           33331 
          49900         32811.6 
          50100           32298 
          50300           31793 
          50500           31295 
          50700         30790.7 
          50900         30242.4 
          51100         29446.3 
          51300         28139.2 
          51500         28645.5 
          51700         28463.8 
          51900         28099.4 
          52100         27702.2 
          52300         27295.2 
          52500         26882.6 
          52700         26483.6 
          52900           26106 
          53100         25754.8 
          53300         25388.1 
          53500         24976.2 
          53700         24594.6 
          53900         24238.6 
          54100         23914.3 
          54300         23615.8 
          54500         23277.9 
          54700         22945.6 
          54900         22579.9 
          55100         22222.7 
          55300         21888.6 
          55500         21617.4 
          55700         21362.8 
          55900         21071.6 
          56100           20778 
          56300         20490.4 
          56500         20206.3 
          56700         19901.1 
          56900         19581.1 
          57100         19252.4 
          57300           19039 
          57500         18821.4 
          57700         18606.3 
          57900         18354.3 
          58100         18107.6 
          58300         17846.2 
          58500         17580.2 
          58700         17297.7 
          58900         16863.3 
          59100         16151.8 
          59300         16456.6 
          59500         16274.8 
          59700         16126.9 
          59900         16001.5 
          60100         15822.2 
          60300         15628.3 
          60500         15432.5 
          60700         15235.9 
          60900         15042.5 
          61100         14850.4 
          61300         14661.4 
          61500         14498.4 
          61700         14299.7 
          61900         14109.1 
          62100         13928.5 
          62300         13746.1 
          62500         13553.1 
          62700         13318.2 
          62900         13003.2 
          63100         12965.4 
          63300         12884.6 
          63500         12750.3 
          63700         12602.6 
          63900         12474.9 
          64200         12247.1 
          64600         11951.4 
          65000         11664.8 
          65400           11386 
          65800         11115.7 
          66200         10853.7 
          66600         10598.9 
          67000         10328.4 
          67400         10026.2 
          67800         9668.93 
          68200         9610.11 
          68600         9425.52 
          69000         9219.23 
          69400         9011.58 
          69800         8809.61 
          70200         8613.95 
          70600         8422.89 
          71000         8237.08 
          71400         8057.11 
          71800         7881.35 
          72200         7710.43 
          72600         7544.22 
          73000          7382.6 
          73400         7225.43 
          73800         7054.63 
          74200         6872.72 
          74600         6553.48 
          75000         6381.96 
          75400         6415.68 
          75800         6338.45 
          76200         6218.81 
          76600         6102.92 
          77000         5982.24 
          77400            5849 
          77800         5723.16 
          78200         5618.01 
          78600         5516.21 
          79000         5406.83 
          79400          5300.2 
          79800         5196.15 
          80200          5094.6 
          80600         4995.56 
          81000         4893.46 
          81400            4783 
          81800         4695.63 
          82200         4619.94 
          82600         4534.88 
          83000         4449.22 
          83400         4365.59 
          83800         4283.89 
          84200         4204.07 
          84600         4126.14 
          85000         4049.96 
          85400         3975.54 
          85800         3902.12 
          86200         3819.14 
          86600         3728.99 
          87000         3671.68 
          87400         3557.96 
          87800         3495.12 
          88200          3487.7 
          88600         3437.13 
          89000         3377.11 
          89400         3317.78 
          89800         3259.74 
          90200         3202.97 
          90600         3147.44 
          91000         3093.04 
          91400         3039.87 
          91800         2987.87 
          92200         2936.91 
          92600         2887.04 
          93000         2835.29 
          93400         2779.88 
          93800         2707.79 
          94200         2676.65 
          94600          2645.9 
          95000         2608.14 
          95400         2566.15 
          95800         2524.04 
          96200         2482.74 
          96600         2442.32 
          97000         2402.72 
          97400         2363.88 
          97800         2325.88 
          98200         2288.57 
          98600         2252.05 
          99000         2216.25 
          99400         2181.18 
          99800         2146.78 
         100200         2113.05 
         200000         135.491 
         400000         8.50137 
         600000          1.6777 
         800000        0.529888 
         1.0e+6        0.216642 
         1.2e+6        0.104299 
         1.4e+6       0.0562153 
         1.6e+6       0.0329108 
