# Kurucz ODFNEW /NOVER (2003)
# teff = 6750 K (value for the effective temperature for the model. Temperatures are given in K)
# logg = 5 log(cm/s2) (value for Log(G) for the model.)
# meta = -2  (value for the Metallicity for the model.)
# lh = 1.25  (l/Hp where l is the  mixing length of the convective element and Hp is the pressure scale height)
# vtur = 2 km/s (Microturbulence velocity)
# alpha = 0.4  (Alpha)
#
# column 1: WAVELENGTH (ANGSTROM), Wavelength in Angstrom
# column 2: FLUX (ERG/CM2/S/A), Flux in erg/cm2/s/A
          198.4     1.18783e-51 
          201.8     1.34056e-50 
            205     1.21826e-49 
          210.5     4.58415e-48 
          216.2     1.61145e-46 
          219.8     1.38404e-45 
            223     8.79836e-45 
          226.8     7.38544e-44 
            230     4.19359e-43 
            234     3.42267e-42 
            240     6.97146e-41 
          246.5      1.5396e-39 
          252.4     2.21618e-38 
          256.8     1.49112e-37 
            260     5.72005e-37 
            264     2.92877e-36 
          268.5     1.72891e-35 
          273.5      1.1575e-34 
          278.5     7.22934e-34 
            284     5.01506e-33 
            290     3.80031e-32 
            296     2.63972e-31 
            301     1.25014e-30 
            308     1.00898e-29 
            318     1.68624e-28 
            328     2.35494e-27 
            338     2.79015e-26 
            348     2.84936e-25 
            357     2.04958e-24 
            366     1.33324e-23 
            375     7.88044e-23 
            385     5.12083e-22 
            395     3.00804e-21 
            405     1.61092e-20 
            414     6.77975e-20 
            422     2.30162e-19 
            430     7.44535e-19 
            441     3.47361e-18 
            451     1.31338e-17 
            460     4.12444e-17 
            470     1.39255e-16 
            480     4.45077e-16 
            490     1.35257e-15 
            500     3.91467e-15 
            506     9.60422e-15 
            512     1.97071e-14 
            520     4.27471e-14 
            530     1.09376e-13 
            540     2.65145e-13 
            550     6.28385e-13 
            560     1.43148e-12 
            570     3.15959e-12 
            580     6.69154e-12 
            590     1.40908e-11 
            600     2.85582e-11 
            610     5.64193e-11 
            620     1.08785e-10 
            630     2.04975e-10 
            640     3.78017e-10 
            650     6.82767e-10 
            658      1.07999e-9 
            665      1.59696e-9 
            675      2.74875e-9 
            685      4.64801e-9 
            695      7.72747e-9 
            705      1.26391e-8 
            716      2.13359e-8 
            726      3.38093e-8 
            735      5.05625e-8 
            745      7.80711e-8 
            755      1.18988e-7 
            765      1.79093e-7 
            775      2.66334e-7 
            785      3.91533e-7 
            795      5.68958e-7 
            805      8.18715e-7 
            815      1.16576e-6 
            825      1.64374e-6 
            835      2.29623e-6 
            845       3.1785e-6 
            855      4.36115e-6 
            865      5.93321e-6 
            875      8.00573e-6 
            885        1.072e-5 
            895      1.42447e-5 
            905      1.87894e-5 
            915       0.0314865 
            925        0.212104 
            935        0.335354 
            945        0.534915 
            955        0.735965 
            965        0.992286 
            975        0.981151 
            985          1.6639 
            995          2.1185 
           1005         2.64782 
           1015         2.94896 
           1025         2.71199 
           1035          4.7607 
           1045         6.57157 
           1055         7.58181 
           1065         9.88868 
           1075         12.1254 
           1085          15.371 
           1095         17.9233 
           1105         24.8658 
           1115         33.0632 
           1125         39.5743 
           1135         51.2005 
           1145         60.8014 
           1155         67.5107 
           1165          78.148 
           1175         87.6755 
           1185         96.4021 
           1195         75.0069 
           1205         54.6222 
           1215         22.2339 
           1225          65.624 
           1235         140.646 
           1245          156.78 
           1255         258.947 
           1265         347.296 
           1275         429.075 
           1285         567.185 
           1295         673.385 
           1305         819.546 
           1315         961.439 
           1325          1131.4 
           1335          1294.9 
           1345         1513.35 
           1355         1701.68 
           1365         1996.99 
           1375         2238.31 
           1385         2498.73 
           1395         2815.37 
           1405         3093.76 
           1415         3597.15 
           1425         3881.53 
           1435         4298.89 
           1442          4785.2 
           1447         4846.65 
           1455         5430.93 
           1465         5750.75 
           1475         6440.14 
           1485         7032.08 
           1495         7864.88 
           1505         8708.42 
           1512         9314.48 
           1517         9286.25 
           1525         10074.8 
           1535         11002.1 
           1545           11825 
           1555         12595.4 
           1565         12823.3 
           1575         14413.3 
           1585         15454.7 
           1595         16777.9 
           1605         17926.6 
           1615         19993.2 
           1625         22140.5 
           1635         25581.1 
           1645         30892.6 
           1655         32917.8 
           1665         44986.4 
           1672           50331 
           1677         72933.9 
           1685          131199 
           1695          253126 
           1705          663969 
           1715      1.32505e+6 
           1725      1.96162e+6 
           1735      2.85367e+6 
           1745      3.15968e+6 
           1755      3.98082e+6 
           1765      3.27205e+6 
           1775      4.16747e+6 
           1785      4.68171e+6 
           1795      5.25067e+6 
           1805      4.66503e+6 
           1815      4.93409e+6 
           1825      4.58076e+6 
           1835      5.25014e+6 
           1845      4.13569e+6 
           1855      4.88924e+6 
           1865      5.73029e+6 
           1875      5.68562e+6 
           1885      5.84843e+6 
           1895      6.16139e+6 
           1905      5.83517e+6 
           1915      6.57433e+6 
           1925      6.89212e+6 
           1935      6.18518e+6 
           1945      7.12505e+6 
           1955      7.21981e+6 
           1967      7.73052e+6 
           1976      7.40467e+6 
           1984       7.3981e+6 
           1995      7.61244e+6 
           2005      7.25228e+6 
           2015      7.65071e+6 
           2025      6.73701e+6 
           2035      8.02915e+6 
           2045       8.4715e+6 
           2055       8.3144e+6 
           2065      8.36968e+6 
           2074      9.16365e+6 
           2078      9.08827e+6 
           2085      8.98748e+6 
           2095       8.8727e+6 
           2105      8.67468e+6 
           2115      9.05015e+6 
           2125      8.83919e+6 
           2135      8.62683e+6 
           2145      9.39812e+6 
           2155      9.18537e+6 
           2165      8.72215e+6 
           2175      8.83883e+6 
           2185      9.45014e+6 
           2195      1.00805e+7 
           2205      9.79631e+6 
           2215      9.13062e+6 
           2225      9.85004e+6 
           2235      1.07946e+7 
           2245      1.02755e+7 
           2255      9.73417e+6 
           2265      9.27169e+6 
           2275      9.97648e+6 
           2285       1.0305e+7 
           2295      9.75472e+6 
           2305      1.03687e+7 
           2315      1.05921e+7 
           2325      1.04378e+7 
           2335      1.02325e+7 
           2345       9.0479e+6 
           2355      1.09411e+7 
           2365      9.71388e+6 
           2375      1.05626e+7 
           2385      8.85557e+6 
           2395      1.00382e+7 
           2405      9.94186e+6 
           2415      9.97338e+6 
           2425      1.12853e+7 
           2435      1.08885e+7 
           2445      1.12861e+7 
           2455      1.13431e+7 
           2465      1.14013e+7 
           2475      1.08997e+7 
           2485      1.05352e+7 
           2495      1.04618e+7 
           2505      1.16993e+7 
           2513      1.05177e+7 
           2518      9.24782e+6 
           2525      9.40756e+6 
           2535      9.77844e+6 
           2545      9.60752e+6 
           2555      1.07086e+7 
           2565      1.09161e+7 
           2575      1.20002e+7 
           2585      1.22143e+7 
           2595      1.20548e+7 
           2605      1.17004e+7 
           2615      1.13048e+7 
           2625      1.23309e+7 
           2635      1.25256e+7 
           2645      1.40142e+7 
           2655      1.42472e+7 
           2665      1.33814e+7 
           2675      1.38233e+7 
           2685      1.44024e+7 
           2695       1.3554e+7 
           2705      1.37789e+7 
           2715      1.29385e+7 
           2725      1.30396e+7 
           2735      1.33775e+7 
           2745      1.18753e+7 
           2755      1.25546e+7 
           2765       1.3482e+7 
           2775       1.3727e+7 
           2785      1.27767e+7 
           2795      6.59853e+6 
           2805      8.27433e+6 
           2815      1.44973e+7 
           2825      1.46441e+7 
           2835      1.44711e+7 
           2845      1.37831e+7 
           2855      1.05231e+7 
           2865      1.41853e+7 
           2875      1.43105e+7 
           2885      1.43405e+7 
           2895      1.48682e+7 
           2910      1.54151e+7 
           2930      1.50773e+7 
           2950      1.49151e+7 
           2970      1.51001e+7 
           2990      1.51031e+7 
           3010      1.50673e+7 
           3030      1.52273e+7 
           3050      1.53842e+7 
           3070      1.54255e+7 
           3090      1.53724e+7 
           3110      1.54472e+7 
           3130      1.56558e+7 
           3150      1.57651e+7 
           3170      1.58649e+7 
           3190      1.53197e+7 
           3210       1.5499e+7 
           3230      1.50787e+7 
           3250      1.56181e+7 
           3270      1.60428e+7 
           3290      1.62002e+7 
           3310      1.62588e+7 
           3330      1.59669e+7 
           3350      1.58534e+7 
           3370      1.57371e+7 
           3390      1.57761e+7 
           3410      1.58897e+7 
           3430      1.60389e+7 
           3450      1.58104e+7 
           3470      1.58684e+7 
           3490      1.59997e+7 
           3510      1.60687e+7 
           3530      1.59448e+7 
           3550      1.62266e+7 
           3570      1.57696e+7 
           3590      1.57028e+7 
           3610      1.57915e+7 
           3630      1.59433e+7 
           3640      1.59024e+7 
           3650      1.61409e+7 
           3670       1.6234e+7 
           3690      1.57671e+7 
           3710      1.56849e+7 
           3730      1.47628e+7 
           3750      1.59514e+7 
           3770       1.6208e+7 
           3790      1.75229e+7 
           3810      1.89087e+7 
           3830      1.60609e+7 
           3850      1.96128e+7 
           3870      2.02226e+7 
           3890      1.61772e+7 
           3910      2.02077e+7 
           3930      1.79636e+7 
           3950      2.03136e+7 
           3970      1.52172e+7 
           3990      2.03849e+7 
           4010      2.08697e+7 
           4030      2.07842e+7 
           4050      2.06848e+7 
           4070      2.03399e+7 
           4090      1.92654e+7 
           4110      1.66519e+7 
           4130      2.02751e+7 
           4150      2.03487e+7 
           4170      2.04218e+7 
           4190      2.01932e+7 
           4210      2.00959e+7 
           4230      1.98304e+7 
           4250      1.99249e+7 
           4270      1.97829e+7 
           4290      1.96687e+7 
           4310      1.91653e+7 
           4330      1.78922e+7 
           4350       1.6255e+7 
           4370       1.9424e+7 
           4390      1.93268e+7 
           4410      1.92641e+7 
           4430      1.93251e+7 
           4450      1.91898e+7 
           4470      1.91599e+7 
           4490      1.91578e+7 
           4510      1.91123e+7 
           4530      1.88944e+7 
           4550      1.88378e+7 
           4570      1.88357e+7 
           4590      1.87362e+7 
           4610      1.86946e+7 
           4630      1.86002e+7 
           4650       1.8512e+7 
           4670      1.84505e+7 
           4690        1.835e+7 
           4710      1.81945e+7 
           4730      1.81773e+7 
           4750      1.80914e+7 
           4770      1.79996e+7 
           4790      1.78775e+7 
           4810      1.77568e+7 
           4830      1.75358e+7 
           4850      1.62367e+7 
           4870      1.42388e+7 
           4890      1.71317e+7 
           4910      1.72878e+7 
           4930      1.71277e+7 
           4950      1.71279e+7 
           4970      1.71276e+7 
           4990      1.69815e+7 
           5010      1.68207e+7 
           5030      1.68495e+7 
           5050      1.67266e+7 
           5070      1.66887e+7 
           5090      1.65913e+7 
           5110      1.65136e+7 
           5130      1.64123e+7 
           5150      1.62893e+7 
           5170      1.58591e+7 
           5190      1.58588e+7 
           5210       1.5969e+7 
           5230      1.58912e+7 
           5250      1.59289e+7 
           5270      1.56522e+7 
           5290      1.57468e+7 
           5310      1.56725e+7 
           5330      1.54583e+7 
           5350      1.54943e+7 
           5370      1.53739e+7 
           5390      1.53028e+7 
           5410      1.51744e+7 
           5430      1.51216e+7 
           5450      1.50387e+7 
           5470      1.49957e+7 
           5490      1.49291e+7 
           5510      1.48507e+7 
           5530      1.47595e+7 
           5550      1.47047e+7 
           5570      1.45993e+7 
           5590      1.44818e+7 
           5610      1.44314e+7 
           5630      1.43861e+7 
           5650      1.43068e+7 
           5670      1.42189e+7 
           5690      1.41506e+7 
           5710      1.40655e+7 
           5730      1.40042e+7 
           5750      1.39206e+7 
           5770       1.3848e+7 
           5790      1.37716e+7 
           5810      1.36982e+7 
           5830      1.36243e+7 
           5850      1.35412e+7 
           5870      1.34688e+7 
           5890      1.32819e+7 
           5910      1.33238e+7 
           5930      1.32501e+7 
           5950      1.31771e+7 
           5970      1.31049e+7 
           5990      1.30322e+7 
           6010      1.29581e+7 
           6030      1.28837e+7 
           6050      1.28192e+7 
           6070      1.27482e+7 
           6090      1.26758e+7 
           6110       1.2602e+7 
           6130      1.25039e+7 
           6150      1.24526e+7 
           6170      1.23452e+7 
           6190      1.23275e+7 
           6210       1.2261e+7 
           6230      1.21833e+7 
           6250      1.21065e+7 
           6270      1.20571e+7 
           6290       1.1992e+7 
           6310      1.19189e+7 
           6330      1.18541e+7 
           6350      1.17898e+7 
           6370      1.17252e+7 
           6390      1.16611e+7 
           6410      1.15866e+7 
           6430      1.15265e+7 
           6450      1.14379e+7 
           6470      1.13781e+7 
           6490       1.1284e+7 
           6510      1.12147e+7 
           6530      1.10613e+7 
           6550      1.03906e+7 
           6570      8.86558e+6 
           6590      1.07515e+7 
           6610       1.0884e+7 
           6630       1.0869e+7 
           6650       1.0831e+7 
           6670      1.07839e+7 
           6690       1.0728e+7 
           6710      1.06666e+7 
           6730      1.06091e+7 
           6750      1.05488e+7 
           6770      1.04915e+7 
           6790      1.04339e+7 
           6810      1.03751e+7 
           6830      1.03185e+7 
           6850      1.02591e+7 
           6870      1.02035e+7 
           6890      1.01475e+7 
           6910      1.00912e+7 
           6930      1.00354e+7 
           6950      9.98008e+6 
           6970      9.92522e+6 
           6990      9.87004e+6 
           7010      9.81227e+6 
           7030      9.76109e+6 
           7050      9.70731e+6 
           7070      9.65397e+6 
           7090      9.60108e+6 
           7110      9.54714e+6 
           7130      9.49366e+6 
           7150      9.43693e+6 
           7170      9.38803e+6 
           7190      9.33368e+6 
           7210      9.28342e+6 
           7230      9.23502e+6 
           7250      9.18485e+6 
           7270       9.1351e+6 
           7290      9.08008e+6 
           7310      9.03469e+6 
           7330      8.98125e+6 
           7350      8.93662e+6 
           7370      8.88749e+6 
           7390      8.83669e+6 
           7410      8.78151e+6 
           7430      8.73771e+6 
           7450      8.69289e+6 
           7470      8.64708e+6 
           7490      8.59761e+6 
           7510      8.55121e+6 
           7530      8.50584e+6 
           7550      8.46018e+6 
           7570      8.41356e+6 
           7590      8.36732e+6 
           7610      8.32209e+6 
           7630      8.27723e+6 
           7650      8.23079e+6 
           7670      8.18216e+6 
           7690      8.14092e+6 
           7710      8.09748e+6 
           7730        8.055e+6 
           7750      8.00846e+6 
           7770      7.95855e+6 
           7790      7.92519e+6 
           7810      7.88218e+6 
           7830      7.83828e+6 
           7850      7.79655e+6 
           7870      7.75576e+6 
           7890      7.71407e+6 
           7910       7.6721e+6 
           7930      7.62506e+6 
           7950      7.58496e+6 
           7970      7.54931e+6 
           7990       7.5092e+6 
           8010      7.46764e+6 
           8030      7.42815e+6 
           8050       7.3878e+6 
           8070      7.35007e+6 
           8090      7.30917e+6 
           8110      7.27087e+6 
           8130      7.23286e+6 
           8150      7.19457e+6 
           8170        7.156e+6 
           8190      7.10874e+6 
           8210      7.07638e+6 
           8230      7.03647e+6 
           8250      7.00405e+6 
           8270      6.96967e+6 
           8290      6.93334e+6 
           8310      6.89455e+6 
           8330      6.85225e+6 
           8350      6.82379e+6 
           8370      6.78853e+6 
           8390      6.74764e+6 
           8410      6.71612e+6 
           8430      6.67952e+6 
           8450      6.64266e+6 
           8470      6.60187e+6 
           8490      6.57289e+6 
           8510      6.45568e+6 
           8530      6.50725e+6 
           8550      6.24494e+6 
           8570      6.45178e+6 
           8590       6.3845e+6 
           8610      6.33709e+6 
           8630      6.35934e+6 
           8650       6.3048e+6 
           8670      6.01864e+6 
           8690      6.24589e+6 
           8710       6.2381e+6 
           8730      6.18582e+6 
           8750      5.95977e+6 
           8770       6.1016e+6 
           8790      6.11531e+6 
           8810      6.06428e+6 
           8830      6.04699e+6 
           8850       5.9408e+6 
           8870      5.70288e+6 
           8890      5.93656e+6 
           8910      5.93509e+6 
           8930      5.91609e+6 
           8950      5.89156e+6 
           8970      5.84846e+6 
           8990      5.78891e+6 
           9010      5.45139e+6 
           9030      5.60884e+6 
           9050      5.71425e+6 
           9070      5.70098e+6 
           9090      5.67227e+6 
           9110      5.65602e+6 
           9130      5.63217e+6 
           9150      5.60353e+6 
           9170      5.57104e+6 
           9190      5.52586e+6 
           9210      5.43393e+6 
           9230      5.01463e+6 
           9250       5.3549e+6 
           9270      5.40985e+6 
           9290      5.40361e+6 
           9310      5.38302e+6 
           9330      5.35564e+6 
           9350      5.32888e+6 
           9370      5.30272e+6 
           9390      5.27631e+6 
           9410      5.22965e+6 
           9430       5.2219e+6 
           9450      5.19644e+6 
           9470      5.17242e+6 
           9490      5.13976e+6 
           9510      5.09526e+6 
           9530      4.99259e+6 
           9550      4.56731e+6 
           9570      4.96534e+6 
           9590      4.99913e+6 
           9610      4.99017e+6 
           9630      4.96947e+6 
           9650      4.94646e+6 
           9670      4.91958e+6 
           9690      4.89889e+6 
           9710      4.87553e+6 
           9730      4.85193e+6 
           9750      4.82768e+6 
           9770      4.80439e+6 
           9790      4.78124e+6 
           9810      4.75824e+6 
           9830        4.735e+6 
           9850      4.71191e+6 
           9870      4.68896e+6 
           9890      4.66501e+6 
           9910      4.64313e+6 
           9930      4.62139e+6 
           9950      4.59979e+6 
           9970      4.57718e+6 
           9990      4.54755e+6 
          10025      4.41202e+6 
          10075      4.27481e+6 
          10125      4.40504e+6 
          10175      4.35712e+6 
          10225      4.30705e+6 
          10275      4.25667e+6 
          10325      4.20635e+6 
          10375      4.15751e+6 
          10425      4.10975e+6 
          10475      4.05825e+6 
          10525      4.01502e+6 
          10575       3.9667e+6 
          10625      3.91978e+6 
          10675      3.86496e+6 
          10725      3.83065e+6 
          10775       3.7848e+6 
          10825      3.73545e+6 
          10875      3.68493e+6 
          10925      3.42591e+6 
          10975      3.55491e+6 
          11025      3.57511e+6 
          11075      3.54229e+6 
          11125      3.50261e+6 
          11175      3.46319e+6 
          11225      3.42583e+6 
          11275      3.38603e+6 
          11325      3.35003e+6 
          11375      3.31424e+6 
          11425      3.27721e+6 
          11475      3.24299e+6 
          11525      3.20782e+6 
          11575      3.17314e+6 
          11625      3.13754e+6 
          11675      3.10409e+6 
          11725      3.07246e+6 
          11775       3.0361e+6 
          11825      2.99943e+6 
          11875       2.9737e+6 
          11925      2.94457e+6 
          11975      2.90086e+6 
          12025      2.87756e+6 
          12075      2.84526e+6 
          12125       2.8221e+6 
          12175      2.79413e+6 
          12225      2.76528e+6 
          12275      2.73579e+6 
          12325      2.70868e+6 
          12375      2.68093e+6 
          12425      2.65354e+6 
          12475      2.62699e+6 
          12525      2.60029e+6 
          12575      2.57394e+6 
          12625      2.54792e+6 
          12675      2.52223e+6 
          12725      2.48895e+6 
          12775       2.4328e+6 
          12825      2.20753e+6 
          12875      2.39357e+6 
          12925      2.39268e+6 
          12975      2.37651e+6 
          13025      2.35319e+6 
          13075       2.3306e+6 
          13125      2.30719e+6 
          13175      2.28429e+6 
          13225      2.26338e+6 
          13275      2.24124e+6 
          13325      2.21978e+6 
          13375      2.19858e+6 
          13425      2.17785e+6 
          13475      2.15694e+6 
          13525      2.13649e+6 
          13575      2.11608e+6 
          13625      2.09632e+6 
          13675      2.07658e+6 
          13725      2.05668e+6 
          13775      2.03761e+6 
          13825      2.01856e+6 
          13875      2.00012e+6 
          13925      1.98132e+6 
          13975      1.96292e+6 
          14025      1.94474e+6 
          14075      1.92695e+6 
          14125       1.9088e+6 
          14175      1.89161e+6 
          14225      1.87349e+6 
          14275      1.85614e+6 
          14325      1.84009e+6 
          14375       1.8233e+6 
          14425      1.80447e+6 
          14475      1.79023e+6 
          14525      1.77223e+6 
          14570      1.75894e+6 
          14620      1.74333e+6 
          14675      1.72626e+6 
          14725      1.71042e+6 
          14775      1.69497e+6 
          14825      1.67995e+6 
          14875      1.65654e+6 
          14925      1.65026e+6 
          14975      1.63526e+6 
          15025      1.61058e+6 
          15075      1.60356e+6 
          15125      1.59158e+6 
          15175      1.57733e+6 
          15225      1.56277e+6 
          15275      1.54844e+6 
          15325      1.53439e+6 
          15375      1.52056e+6 
          15425      1.50541e+6 
          15475      1.49309e+6 
          15525       1.4793e+6 
          15575      1.46287e+6 
          15625      1.45396e+6 
          15675      1.43677e+6 
          15725      1.41992e+6 
          15775       1.4095e+6 
          15825      1.39993e+6 
          15875      1.36924e+6 
          15925      1.37098e+6 
          15975      1.36273e+6 
          16050      1.33882e+6 
          16150      1.30213e+6 
          16250      1.29501e+6 
          16350      1.25701e+6 
          16450      1.21467e+6 
          16550      1.21793e+6 
          16650      1.19274e+6 
          16750      1.14822e+6 
          16850      1.10271e+6 
          16950      1.11876e+6 
          17050      1.09948e+6 
          17150      1.07526e+6 
          17250      1.04737e+6 
          17350          971689 
          17450          998145 
          17550          989616 
          17650          971214 
          17750          951896 
          17850          932807 
          17950          913649 
          18050          890788 
          18150          821463 
          18250          843569 
          18350          841381 
          18450          827006 
          18550          809760 
          18650          788135 
          18750          710279 
          18850          756104 
          18950          748659 
          19050          736574 
          19150          722604 
          19250          708020 
          19350          688697 
          19450          630208 
          19550          663235 
          19650          656931 
          19750          645224 
          19850          633787 
          19950          622177 
          20050          611001 
          20150          599997 
          20250          589133 
          20350          578372 
          20450          568298 
          20550          558195 
          20650          548005 
          20750          538597 
          20850          529179 
          20950          519762 
          21050          510873 
          21150          502003 
          21250          493335 
          21350          484806 
          21450          476031 
          21550          464622 
          21650          425755 
          21750          446736 
          21850          444076 
          21950          437654 
          22050          430160 
          22150          423175 
          22250          416184 
          22350          409323 
          22450          402598 
          22550          395886 
          22650          389527 
          22750          383213 
          22850          376966 
          22950          370970 
          23050          365063 
          23150          359224 
          23250          353527 
          23350          347921 
          23450          342460 
          23550          337078 
          23650          331816 
          23750          326616 
          23850          321525 
          23950          316600 
          24050          311699 
          24150          306901 
          24250          302223 
          24350          297585 
          24450          293064 
          24550          288581 
          24650          284260 
          24750          279975 
          24850          275573 
          24950          271516 
          25050          267876 
          25150          263957 
          25250          259466 
          25350          256092 
          25450          252693 
          25550          248544 
          25650          244222 
          25750          241470 
          25850          238179 
          25950          234546 
          26050          230473 
          26150          225088 
          26250          209807 
          26350          219199 
          26450          217976 
          26550          215300 
          26650          211794 
          26750          207175 
          26850          206042 
          26950          203816 
          27050          200983 
          27150          198207 
          27250          195477 
          27350          192786 
          27450          189784 
          27550          184656 
          27650          183653 
          27750          182366 
          27850          180063 
          27950          177649 
          28050          175264 
          28150          172927 
          28250          170624 
          28350          168359 
          28450          166121 
          28550          163790 
          28650          160588 
          28750          155867 
          28850          157006 
          28950          155532 
          29050          153517 
          29150          151530 
          29250          149571 
          29350          147661 
          29450          145761 
          29550          143909 
          29650          142079 
          29750          140274 
          29850          138503 
          29950          136748 
          30050          135034 
          30150          133344 
          30250          131332 
          30350          126738 
          30450          126516 
          30550          126593 
          30650          125255 
          30750          123729 
          30850          122208 
          30950          120711 
          31050          119243 
          31150          117730 
          31250          116364 
          31350          114960 
          31450          113575 
          31550          112178 
          31650          110869 
          31750          109536 
          31850          108240 
          31950          106955 
          32100          105058 
          32300          102606 
          32500          100220 
          32700         97866.7 
          32900         93412.3 
          33100         92950.5 
          33300         91378.7 
          33500         89337.5 
          33700         87328.2 
          33900         85369.8 
          34100         83470.7 
          34300         81638.7 
          34500         79846.7 
          34700         78099.8 
          34900         76403.1 
          35100           74749 
          35300         73139.5 
          35500         71576.3 
          35700         70049.5 
          35900         68566.7 
          36100         67126.8 
          36300         65720.2 
          36500         64345.9 
          36700         63011.5 
          36900         61702.3 
          37100         60447.6 
          37300         58593.4 
          37500         57024.4 
          37700         56839.8 
          37900         55701.2 
          38100         54567.8 
          38300         53490.9 
          38500         52440.9 
          38700         51407.3 
          38900         50399.6 
          39100         49365.3 
          39300         48456.8 
          39500         47520.7 
          39700           46608 
          39900         45713.7 
          40100         44792.6 
          40300         43910.7 
          40500         42210.2 
          40700         42321.8 
          40900         41559.8 
          41100         40790.6 
          41300         40036.4 
          41500         39294.9 
          41700         38414.1 
          41900         37870.1 
          42100         37175.4 
          42300           36513 
          42500         35855.3 
          42700         35212.3 
          42900         34583.8 
          43100         33969.6 
          43300         33367.1 
          43500         32780.3 
          43700         32027.2 
          43900         31601.2 
          44100         31090.5 
          44300         30553.2 
          44500           30028 
          44700         29520.5 
          44900         29015.1 
          45100         28523.1 
          45300         28038.7 
          45500         27567.1 
          45700         27102.6 
          45900         26648.8 
          46100         26205.4 
          46300         25766.8 
          46500         24805.2 
          46700         24672.6 
          46900         24500.3 
          47100         24119.5 
          47300         23727.3 
          47500         23344.3 
          47700         22966.8 
          47900         22599.7 
          48100         22237.9 
          48300           21883 
          48500         21536.3 
          48700         21196.2 
          48900         20862.5 
          49100           20535 
          49300         20215.3 
          49500           19900 
          49700         19592.3 
          49900         19290.3 
          50100           18994 
          50300         18703.3 
          50500           18418 
          50700         18138.2 
          50900         17862.2 
          51100         17582.7 
          51300         17132.3 
          51500         17067.7 
          51700         16814.7 
          51900         16565.1 
          52100         16320.2 
          52300         16079.9 
          52500         15844.2 
          52700         15611.5 
          52900         15384.7 
          53100         15160.8 
          53300         14941.1 
          53500         14725.6 
          53700         14514.3 
          53900         14305.6 
          54100         14102.2 
          54300         13901.4 
          54500         13704.4 
          54700           13510 
          54900         13320.5 
          55100         13134.6 
          55300         12951.1 
          55500         12771.1 
          55700         12593.3 
          55900           12419 
          56100           12248 
          56300         12080.3 
          56500         11914.7 
          56700         11752.3 
          56900         11592.7 
          57100         11434.7 
          57300         11281.5 
          57500         11129.8 
          57700         10980.6 
          57900         10833.9 
          58100         10689.7 
          58300         10547.9 
          58500         10409.3 
          58700           10272 
          58900         10132.2 
          59100         9871.54 
          59300         9873.52 
          59500         9732.23 
          59700         9618.09 
          59900         9494.65 
          60100         9372.21 
          60300         9252.02 
          60500         9133.62 
          60700         9016.99 
          60900          8902.2 
          61100         8789.02 
          61300         8678.32 
          61500         8569.08 
          61700         8461.47 
          61900         8355.55 
          62100         8251.22 
          62300         8148.14 
          62500         8047.28 
          62700         7947.92 
          62900         7829.56 
          63100         7753.42 
          63300         7658.71 
          63500         7565.14 
          63700         7472.96 
          63900         7382.34 
          64200         7248.88 
          64600         7075.53 
          65000          6907.3 
          65400         6744.23 
          65800         6585.83 
          66200         6432.04 
          66600         6282.82 
          67000         6137.78 
          67400         5996.81 
          67800          5847.5 
          68200         5727.19 
          68600         5598.07 
          69000         5472.51 
          69400         5350.39 
          69800         5231.79 
          70200         5116.31 
          70600         5004.15 
          71000         4895.02 
          71400         4788.82 
          71800         4685.48 
          72200         4584.92 
          72600         4487.08 
          73000         4391.81 
          73400         4299.04 
          73800         4208.78 
          74200         4120.76 
          74600         4002.69 
          75000          3913.7 
          75400          3870.3 
          75800          3791.2 
          76200            3714 
          76600         3638.72 
          77000         3565.36 
          77400          3493.9 
          77800         3424.14 
          78200         3356.18 
          78600         3289.85 
          79000         3225.17 
          79400          3162.1 
          79800         3100.54 
          80200         3040.47 
          80600         2981.83 
          81000         2924.61 
          81400          2868.7 
          81800         2814.25 
          82200         2761.06 
          82600         2709.09 
          83000         2658.32 
          83400         2608.73 
          83800         2560.33 
          84200            2513 
          84600         2466.82 
          85000         2421.65 
          85400         2377.53 
          85800         2334.38 
          86200         2292.23 
          86600         2250.11 
          87000         2210.75 
          87400         2166.99 
          87800         2128.52 
          88200         2095.22 
          88600         2058.34 
          89000         2022.33 
          89400         1987.12 
          89800         1952.64 
          90200         1918.92 
          90600         1885.91 
          91000         1853.58 
          91400         1822.01 
          91800         1791.06 
          92200         1760.79 
          92600         1731.11 
          93000          1702.1 
          93400         1673.69 
          93800         1644.07 
          94200         1618.59 
          94600         1591.93 
          95000         1565.78 
          95400         1540.17 
          95800          1515.1 
          96200         1490.52 
          96600         1466.42 
          97000         1442.85 
          97400         1419.71 
          97800         1397.05 
          98200         1374.83 
          98600         1353.08 
          99000         1331.76 
          99400          1310.8 
          99800         1290.33 
         100200         1270.22 
         200000         83.0547 
         400000         5.27986 
         600000         1.04609 
         800000        0.330945 
         1.0e+6          0.1354 
         1.2e+6       0.0651977 
         1.4e+6       0.0351339 
         1.6e+6       0.0205612 
