# Kurucz ODFNEW /NOVER (2003)
# teff = 3750 K (value for the effective temperature for the model. Temperatures are given in K)
# logg = 0.5 log(cm/s2) (value for Log(G) for the model.)
# meta = 0.2  (value for the Metallicity for the model.)
# lh = 1.25  (l/Hp where l is the  mixing length of the convective element and Hp is the pressure scale height)
# vtur = 2 km/s (Microturbulence velocity)
# alpha = 0  (Alpha)
#
# column 1: WAVELENGTH (ANGSTROM), Wavelength in Angstrom
# column 2: FLUX (ERG/CM2/S/A), Flux in erg/cm2/s/A
          147.2    1.91391e-175 
            151    9.32298e-171 
          155.2    7.60887e-166 
          158.8    7.62648e-162 
            162    1.94178e-158 
            166    2.28668e-154 
          170.3    3.31342e-150 
          173.4     2.4584e-147 
          176.8    2.64195e-144 
          180.2    2.17612e-141 
          181.7    3.88107e-140 
          186.1    1.38701e-136 
            191    8.01685e-133 
          193.9      1.094e-130 
          198.4    1.68732e-127 
          201.8    3.47901e-125 
            205     4.4589e-123 
          210.5      1.314e-119 
          216.2    3.35581e-116 
          219.8    3.85088e-114 
            223    2.28595e-112 
          226.8    2.51064e-110 
            230    1.16352e-108 
            234    1.20864e-106 
            240    9.53727e-104 
          246.5    9.05518e-101 
          252.4     3.34934e-98 
          256.8     2.30249e-96 
            260     4.55753e-95 
            264     1.71603e-93 
          268.5     8.90504e-92 
          273.5     6.13627e-90 
          278.5     3.62856e-88 
            284     2.72332e-86 
            290     2.50151e-84 
            296     1.90381e-82 
            301     6.16233e-81 
            308     6.60619e-79 
            318     3.64681e-76 
            328     1.35958e-73 
            338     3.54161e-71 
            348     6.65896e-69 
            357     5.73301e-67 
            366     3.95133e-65 
            375     2.20977e-63 
            385     1.54199e-61 
            395     8.62645e-60 
            405     3.93691e-58 
            414     1.04322e-56 
            422     1.70184e-55 
            430      2.4953e-54 
            441     8.50504e-53 
            451     1.80275e-51 
            460     2.50536e-50 
            470     4.13123e-49 
            480     6.03666e-48 
            490     7.88292e-47 
            500     9.24916e-46 
            506      5.1743e-45 
            512     2.32998e-44 
            520     1.41538e-43 
            530     1.25407e-42 
            540     1.00881e-41 
            550     7.57905e-41 
            560     5.25811e-40 
            570     3.39903e-39 
            580      2.0345e-38 
            590     1.16601e-37 
            600     6.22817e-37 
            610     3.14201e-36 
            620     1.50045e-35 
            630     6.80438e-35 
            640     2.93869e-34 
            650     1.21079e-33 
            658     3.63848e-33 
            665     9.30696e-33 
            675      3.4409e-32 
            685      1.2227e-31 
            695     4.17914e-31 
            705     1.37352e-30 
            716     4.90922e-30 
            726     1.50527e-29 
            735     4.01531e-29 
            745      1.1598e-28 
            755     3.25308e-28 
            765     8.87323e-28 
            775     2.35299e-27 
            785     6.08336e-27 
            795     1.52283e-26 
            805     3.75889e-26 
            815     9.05149e-26 
            825     2.12673e-25 
            835     4.88931e-25 
            845     1.10081e-24 
            855     2.42866e-24 
            865       5.254e-24 
            875     1.11396e-23 
            885     2.32644e-23 
            895     4.76752e-23 
            905     9.60378e-23 
            915     4.21342e-18 
            925     1.73354e-17 
            935     2.56274e-17 
            945     5.55207e-17 
            955     1.04473e-16 
            965     2.10659e-16 
            975     2.99085e-16 
            985     6.06238e-16 
            995     1.04416e-15 
           1005     1.72213e-15 
           1015     2.88044e-15 
           1025     5.22733e-15 
           1035     9.47182e-15 
           1045     1.61234e-14 
           1055     2.17033e-14 
           1065      4.2196e-14 
           1075     6.67738e-14 
           1085     9.89678e-14 
           1095     1.33512e-13 
           1105     1.95127e-13 
           1115     2.99047e-13 
           1125     5.54903e-13 
           1135     9.74237e-13 
           1145     1.46267e-12 
           1155     2.16714e-12 
           1165     3.10632e-12 
           1175     4.66142e-12 
           1185     6.25314e-12 
           1195     6.61375e-12 
           1205     6.46267e-12 
           1215     4.52644e-12 
           1225      1.3585e-11 
           1235     2.62585e-11 
           1245     4.46964e-11 
           1255     6.64444e-11 
           1265      9.0593e-11 
           1275     1.33063e-10 
           1285     1.56313e-10 
           1295     2.22804e-10 
           1305       2.847e-10 
           1315     4.24653e-10 
           1325     5.57683e-10 
           1335     7.13138e-10 
           1345     9.02597e-10 
           1355      1.39376e-9 
           1365       1.6125e-9 
           1375      2.10699e-9 
           1385       2.5496e-9 
           1395      3.35742e-9 
           1405      5.11078e-9 
           1415      6.77548e-9 
           1425      8.80088e-9 
           1435      1.19053e-8 
           1442       1.4837e-8 
           1447      1.45878e-8 
           1455      2.02456e-8 
           1465      2.72179e-8 
           1475      3.08345e-8 
           1485      4.46392e-8 
           1495      6.58468e-8 
           1505      8.68946e-8 
           1512      6.70918e-8 
           1517      1.01886e-7 
           1525      1.45147e-7 
           1535      2.23442e-7 
           1545      1.95812e-7 
           1555      2.87748e-7 
           1565      3.39287e-7 
           1575      5.99563e-7 
           1585      6.99751e-7 
           1595      7.74302e-7 
           1605      9.38509e-7 
           1615      1.12844e-6 
           1625       1.3704e-6 
           1635      1.73425e-6 
           1645      2.37813e-6 
           1655      2.57986e-6 
           1665      3.35577e-6 
           1672      3.29606e-6 
           1677      4.34287e-6 
           1685      5.30153e-6 
           1695      7.03532e-6 
           1705      7.62602e-6 
           1715      9.84058e-6 
           1725      1.26271e-5 
           1735      1.51995e-5 
           1745      1.93695e-5 
           1755      2.16923e-5 
           1765      2.82593e-5 
           1775      3.01013e-5 
           1785      4.75076e-5 
           1795      4.47675e-5 
           1805       7.4448e-5 
           1815      6.75757e-5 
           1825        9.214e-5 
           1835      9.62224e-5 
           1845     0.000134865 
           1855     0.000123222 
           1865     0.000188093 
           1875     0.000192007 
           1885     0.000242966 
           1895     0.000296923 
           1905     0.000338078 
           1915     0.000459875 
           1925     0.000445635 
           1935     0.000430214 
           1945     0.000640386 
           1955     0.000864668 
           1967     0.000968199 
           1976      0.00116138 
           1984       0.0015051 
           1995      0.00142872 
           2005      0.00173426 
           2015      0.00199572 
           2025      0.00207436 
           2035      0.00250324 
           2045      0.00266114 
           2055      0.00324335 
           2065      0.00327076 
           2074      0.00321433 
           2078      0.00406045 
           2085      0.00504403 
           2095      0.00681972 
           2105      0.00744204 
           2115      0.00764715 
           2125       0.0096059 
           2135       0.0125303 
           2145      0.00962739 
           2155       0.0130386 
           2165       0.0130655 
           2175       0.0149573 
           2185        0.014419 
           2195       0.0247156 
           2205       0.0209393 
           2215       0.0274587 
           2225       0.0237013 
           2235       0.0416857 
           2245       0.0453516 
           2255       0.0634903 
           2265       0.0328306 
           2275       0.0748564 
           2285       0.0599119 
           2295        0.117281 
           2305       0.0401878 
           2315        0.172358 
           2325        0.113758 
           2335        0.207808 
           2345        0.132879 
           2355        0.103923 
           2365        0.155508 
           2375        0.140049 
           2385        0.291437 
           2395        0.259454 
           2405        0.565717 
           2415        0.290985 
           2425        0.422738 
           2435        0.683666 
           2445         1.05336 
           2455         1.30889 
           2465        0.670226 
           2475         1.42245 
           2485        0.401137 
           2495        0.547197 
           2505         1.19238 
           2513        0.761969 
           2518        0.891924 
           2525           1.179 
           2535         3.52593 
           2545         4.49357 
           2555         4.67205 
           2565          2.0659 
           2575         4.39953 
           2585         2.42695 
           2595         3.57528 
           2605         5.36157 
           2615          4.5806 
           2625         9.05709 
           2635         15.1946 
           2645         10.4252 
           2655          16.363 
           2665         12.6632 
           2675         12.0116 
           2685          17.263 
           2695          10.488 
           2705         22.4873 
           2715         20.6109 
           2725         16.2414 
           2735         17.2389 
           2745          26.536 
           2755         24.3121 
           2765         40.9413 
           2775         56.4168 
           2785           34.98 
           2795         42.2604 
           2805         41.9907 
           2815         59.9498 
           2825         56.5664 
           2835         47.5387 
           2845         28.5088 
           2855         10.8808 
           2865         51.0967 
           2875         65.0897 
           2885         121.951 
           2895         146.331 
           2910         170.274 
           2930         185.115 
           2950         188.782 
           2970         197.015 
           2990         230.346 
           3010         250.759 
           3030          306.11 
           3050         380.034 
           3070         496.888 
           3090         593.694 
           3110         753.256 
           3130          843.41 
           3150         1192.28 
           3170         1535.54 
           3190         1366.37 
           3210          1667.7 
           3230          1623.1 
           3250         2140.57 
           3270         2995.26 
           3290         3887.34 
           3310         3609.09 
           3330         4003.44 
           3350          4205.2 
           3370         3546.07 
           3390         4120.97 
           3410         4965.35 
           3430         5806.45 
           3450         5219.93 
           3470         6086.35 
           3490         7155.02 
           3510         9216.95 
           3530          7995.1 
           3550         12390.1 
           3570         6284.59 
           3590         5140.24 
           3610         7880.27 
           3630           13359 
           3640         15107.4 
           3650         16111.8 
           3670         24134.2 
           3690         20397.1 
           3710         17485.1 
           3730         7737.45 
           3750         9508.72 
           3770         19241.6 
           3790         23615.5 
           3810         19221.5 
           3830         9219.13 
           3850         15026.7 
           3870           15185 
           3890         19432.6 
           3910         20859.2 
           3930         7440.24 
           3950         14085.5 
           3970         9313.48 
           3990           34975 
           4010         62424.7 
           4030         56394.9 
           4050         58030.5 
           4070         55778.6 
           4090         82583.6 
           4110           65731 
           4130         63070.6 
           4150         64019.4 
           4170         60876.3 
           4190         70523.7 
           4210         65742.4 
           4230         40239.7 
           4250           84888 
           4270         83611.1 
           4290         82405.5 
           4310         92879.9 
           4330          139541 
           4350          153746 
           4370          159394 
           4390          131141 
           4410          137344 
           4430          148648 
           4450          156700 
           4470          174734 
           4490          189803 
           4510          239428 
           4530          177769 
           4550          199879 
           4570          243608 
           4590          229777 
           4610          243512 
           4630          238477 
           4650          242807 
           4670          269994 
           4690          270283 
           4710          260452 
           4730          269519 
           4750          294387 
           4770          243129 
           4790          262120 
           4810          266067 
           4830          295487 
           4850          294529 
           4870          293576 
           4890          335120 
           4910          347615 
           4930          343824 
           4950          348185 
           4970          269405 
           4990          264209 
           5010          220408 
           5030          267602 
           5050          275724 
           5070          300212 
           5090          272295 
           5110          307462 
           5130          287319 
           5150          286526 
           5170          227640 
           5190          226126 
           5210          255885 
           5230          374086 
           5250          376258 
           5270          349927 
           5290          436326 
           5310          501934 
           5330          411872 
           5350          480650 
           5370          483922 
           5390          456698 
           5410          466765 
           5430          470233 
           5450          458633 
           5470          421139 
           5490          435937 
           5510          415927 
           5530          483045 
           5550          513081 
           5570          514952 
           5590          495372 
           5610          458509 
           5630          448423 
           5650          479632 
           5670          471965 
           5690          531115 
           5710          490080 
           5730          583334 
           5750          557941 
           5770          563823 
           5790          528604 
           5810          592871 
           5830          636459 
           5850          578615 
           5870          550691 
           5890          360581 
           5910          486841 
           5930          511310 
           5950          519190 
           5970          553305 
           5990          548514 
           6010          543930 
           6030          612906 
           6050          646726 
           6070          664935 
           6090          635313 
           6110          641948 
           6130          595268 
           6150          634063 
           6170          494809 
           6190          526551 
           6210          507212 
           6230          444645 
           6250          452239 
           6270          512136 
           6290          562008 
           6310          557779 
           6330          594453 
           6350          599049 
           6370          590001 
           6390          629372 
           6410          637343 
           6430          616363 
           6450          638455 
           6470          664950 
           6490          611057 
           6510          653932 
           6530          680776 
           6550          661969 
           6570          673122 
           6590          682601 
           6610          681538 
           6630          666154 
           6650          637030 
           6670          604789 
           6690          572559 
           6710          558884 
           6730          532494 
           6750          530600 
           6770          585131 
           6790          539002 
           6810          574484 
           6830          607021 
           6850          608323 
           6870          625420 
           6890          670988 
           6910          697431 
           6930          672733 
           6950          684668 
           6970          732523 
           6990          717874 
           7010          714910 
           7030          750053 
           7050          740664 
           7070          602248 
           7090          558865 
           7110          546119 
           7130          468139 
           7150          480874 
           7170          526524 
           7190          560320 
           7210          561767 
           7230          631497 
           7250          658034 
           7270          682395 
           7290          689183 
           7310          719673 
           7330          735244 
           7350          742545 
           7370          795325 
           7390          784058 
           7410          791495 
           7430          802117 
           7450          812341 
           7470          808942 
           7490          807717 
           7510          838489 
           7530          853375 
           7550          860161 
           7570          853387 
           7590          815413 
           7610          809636 
           7630          802097 
           7650          804539 
           7670          736247 
           7690          768989 
           7710          738957 
           7730          757205 
           7750          742827 
           7770          768898 
           7790          772963 
           7810          796803 
           7830          776638 
           7850          766205 
           7870          791330 
           7890          761482 
           7910          736081 
           7930          756396 
           7950          732149 
           7970          794252 
           7990          784734 
           8010          799198 
           8030          805972 
           8050          801566 
           8070          783136 
           8090          765223 
           8110          759220 
           8130          788946 
           8150          794607 
           8170          805622 
           8190          783214 
           8210          757269 
           8230          796365 
           8250          793948 
           8270          809336 
           8290          787620 
           8310          740627 
           8330          759606 
           8350          750352 
           8370          765269 
           8390          733367 
           8410          779419 
           8430          745084 
           8450          754329 
           8470          756390 
           8490          738405 
           8510          696860 
           8530          715083 
           8550          560901 
           8570          777004 
           8590          779312 
           8610          788096 
           8630          798965 
           8650          782838 
           8670          606424 
           8690          759684 
           8710          807993 
           8730          815615 
           8750          818927 
           8770          822396 
           8790          823875 
           8810          792715 
           8830          811934 
           8850          834723 
           8870          761246 
           8890          778750 
           8910          803304 
           8930          774152 
           8950          768720 
           8970          778125 
           8990          794851 
           9010          765988 
           9030          786993 
           9050          821190 
           9070          829204 
           9090          786942 
           9110          779859 
           9130          816940 
           9150          751996 
           9170          732726 
           9190          754876 
           9210          727796 
           9230          750470 
           9250          736926 
           9270          755275 
           9290          739324 
           9310          773921 
           9330          775194 
           9350          762099 
           9370          749152 
           9390          739640 
           9410          719311 
           9430          738208 
           9450          712138 
           9470          747528 
           9490          745008 
           9510          761539 
           9530          759590 
           9550          744970 
           9570          749305 
           9590          772768 
           9610          755155 
           9630          760228 
           9650          725929 
           9670          720230 
           9690          747873 
           9710          740320 
           9730          737121 
           9750          732396 
           9770          738991 
           9790          720055 
           9810          756112 
           9830          743019 
           9850          762448 
           9870          763654 
           9890          768656 
           9910          753665 
           9930          763813 
           9950          755799 
           9970          769408 
           9990          772483 
          10025          757802 
          10075          752267 
          10125          767051 
          10175          756329 
          10225          767327 
          10275          772795 
          10325          758048 
          10375          755379 
          10425          762536 
          10475          760356 
          10525          763759 
          10575          752141 
          10625          755257 
          10675          736462 
          10725          739470 
          10775          734797 
          10825          721948 
          10875          710451 
          10925          702164 
          10975          650899 
          11025          649843 
          11075          662571 
          11125          665395 
          11175          676106 
          11225          675598 
          11275          662833 
          11325          670358 
          11375          655452 
          11425          666987 
          11475          679583 
          11525          681130 
          11575          674331 
          11625          665727 
          11675          668467 
          11725          684180 
          11775          669578 
          11825          669855 
          11875          658883 
          11925          676364 
          11975          643590 
          12025          662634 
          12075          657494 
          12125          662615 
          12175          666231 
          12225          664523 
          12275          660771 
          12325          653238 
          12375          654587 
          12425          648915 
          12475          652632 
          12525          647648 
          12575          649107 
          12625          648845 
          12675          640054 
          12725          643154 
          12775          647940 
          12825          620543 
          12875          636414 
          12925          622592 
          12975          639576 
          13025          628324 
          13075          637499 
          13125          620776 
          13175          624364 
          13225          628483 
          13275          615185 
          13325          627742 
          13375          621836 
          13425          629253 
          13475          626500 
          13525          627417 
          13575          616303 
          13625          613675 
          13675          619731 
          13725          625444 
          13775          621090 
          13825          626067 
          13875          615692 
          13925          591831 
          13975          599717 
          14025          596119 
          14075          581870 
          14125          557459 
          14175          559364 
          14225          562681 
          14275          551296 
          14325          569338 
          14375          573169 
          14425          554664 
          14475          582358 
          14525          556320 
          14570          556616 
          14620          534838 
          14675          535927 
          14725          534986 
          14775          545971 
          14825          552871 
          14875          554455 
          14925          568538 
          14975          569049 
          15025          554721 
          15075          547981 
          15125          545549 
          15175          557109 
          15225          561907 
          15275          557411 
          15325          568201 
          15375          568511 
          15425          562551 
          15475          576872 
          15525          560595 
          15575          531920 
          15625          555063 
          15675          555636 
          15725          568806 
          15775          510041 
          15825          530486 
          15875          528554 
          15925          545176 
          15975          533620 
          16050          529303 
          16150          543380 
          16250          523516 
          16350          552081 
          16450          506366 
          16550          542188 
          16650          497618 
          16750          522201 
          16850          490864 
          16950          512783 
          17050          491610 
          17150          492196 
          17250          486037 
          17350          463731 
          17450          476766 
          17550          458102 
          17650          461306 
          17750          448100 
          17850          446132 
          17950          444939 
          18050          423199 
          18150          429527 
          18250          415286 
          18350          409049 
          18450          401130 
          18550          397167 
          18650          387330 
          18750          382792 
          18850          376186 
          18950          359543 
          19050          369076 
          19150          359890 
          19250          359708 
          19350          344077 
          19450          338686 
          19550          338433 
          19650          325914 
          19750          311892 
          19850          311377 
          19950          305868 
          20050          308260 
          20150          303798 
          20250          291269 
          20350          290278 
          20450          288527 
          20550          278027 
          20650          273954 
          20750          269683 
          20850          265751 
          20950          259280 
          21050          259586 
          21150          255848 
          21250          250292 
          21350          248755 
          21450          242805 
          21550          239381 
          21650          235431 
          21750          229321 
          21850          227834 
          21950          225935 
          22050          217397 
          22150          222042 
          22250          211832 
          22350          209979 
          22450          207021 
          22550          205781 
          22650          199034 
          22750          201393 
          22850          195615 
          22950          160047 
          23050          175204 
          23150          173075 
          23250          144367 
          23350          158162 
          23450          148739 
          23550          124566 
          23650          143539 
          23750          134566 
          23850          117081 
          23950          131920 
          24050          127517 
          24150          113066 
          24250          124538 
          24350          121376 
          24450          112577 
          24550          114562 
          24650          119159 
          24750          113469 
          24850          106548 
          24950          111602 
          25050          114003 
          25150          103420 
          25250          105787 
          25350          107668 
          25450          106818 
          25550          104760 
          25650          105296 
          25750          106315 
          25850         99258.8 
          25950          101030 
          26050          103114 
          26150          101198 
          26250         98405.5 
          26350         99873.7 
          26450         99712.3 
          26550         93639.6 
          26650         93707.3 
          26750         98772.9 
          26850         97003.9 
          26950         92255.1 
          27050         95322.5 
          27150         93865.2 
          27250         95323.5 
          27350           89944 
          27450         91649.7 
          27550           92698 
          27650         90402.5 
          27750         87345.2 
          27850         88720.2 
          27950         85998.4 
          28050         84122.2 
          28150         83758.6 
          28250         84280.7 
          28350         85379.3 
          28450         84426.4 
          28550         82421.7 
          28650         82301.7 
          28750         82359.2 
          28850         80929.2 
          28950           80497 
          29050         79430.3 
          29150         79418.3 
          29250         76617.3 
          29350         76953.3 
          29450           74364 
          29550         75216.2 
          29650         73882.7 
          29750         74140.2 
          29850         73525.9 
          29950         72804.8 
          30050         71077.8 
          30150         71800.6 
          30250         70857.3 
          30350         70145.8 
          30450         68056.5 
          30550         68984.1 
          30650         67921.2 
          30750         67380.5 
          30850         65499.6 
          30950         64962.9 
          31050         65307.2 
          31150         63455.9 
          31250         63748.6 
          31350         61602.4 
          31450         61969.2 
          31550         61467.2 
          31650         60906.4 
          31750         60030.1 
          31850         59230.3 
          31950         58568.6 
          32100         58424.7 
          32300         55811.2 
          32500         55522.3 
          32700         54084.2 
          32900         52405.4 
          33100         51777.5 
          33300         50043.1 
          33500         49480.9 
          33700         48633.3 
          33900         46710.5 
          34100         46203.1 
          34300         45742.7 
          34500         43868.7 
          34700         43599.1 
          34900         42844.1 
          35100         41427.7 
          35300         40584.7 
          35500         40170.5 
          35700         38790.6 
          35900         38046.8 
          36100         37909.7 
          36300         36646.8 
          36500         35915.5 
          36700         35295.7 
          36900         34338.7 
          37100         33238.7 
          37300         32983.4 
          37500         32276.2 
          37700         31473.4 
          37900           31268 
          38100         30512.4 
          38300         30048.2 
          38500         29492.8 
          38700         28942.2 
          38900         28249.5 
          39100         27813.4 
          39300         27287.1 
          39500         26777.3 
          39700         26247.6 
          39900         25161.7 
          40100           24000 
          40300         24163.6 
          40500         22103.5 
          40700         22598.4 
          40900         20972.7 
          41100         21617.4 
          41300         20059.3 
          41500         20550.9 
          41700         19225.2 
          41900         19679.5 
          42100         18694.8 
          42300         18755.5 
          42500         18124.3 
          42700         18043.4 
          42900         16933.3 
          43100         15724.2 
          43300         16405.7 
          43500         14795.2 
          43700         14663.9 
          43900         14112.6 
          44100         12977.8 
          44300         13124.6 
          44500         12536.7 
          44700         11975.2 
          44900         12175.8 
          45100         11719.7 
          45300         11153.4 
          45500         11509.1 
          45700         11165.4 
          45900         10533.5 
          46100         10937.4 
          46300         10508.1 
          46500         10468.5 
          46700         10479.2 
          46900         10212.5 
          47100         10016.3 
          47300         10191.8 
          47500         9918.77 
          47700          9822.2 
          47900         9671.87 
          48100         9419.66 
          48300         9637.01 
          48500         9469.45 
          48700         9154.51 
          48900         9170.53 
          49100         9026.12 
          49300         8891.66 
          49500         8681.27 
          49700         8835.89 
          49900         8622.08 
          50100         8342.65 
          50300         8545.65 
          50500         8267.59 
          50700         8236.34 
          50900         8132.92 
          51100         7992.92 
          51300         7875.89 
          51500         7786.85 
          51700         7830.88 
          51900         7716.38 
          52100          7559.4 
          52300         7503.08 
          52500         7480.05 
          52700         7603.66 
          52900         7218.47 
          53100          7133.2 
          53300         7109.34 
          53500         7037.85 
          53700         6978.47 
          53900         6909.41 
          54100         6856.61 
          54300         6689.29 
          54500         6766.99 
          54700          6545.6 
          54900         6593.99 
          55100         6399.91 
          55300         6576.56 
          55500         6320.47 
          55700         6359.43 
          55900         6233.11 
          56100         6276.13 
          56300         6072.35 
          56500          6105.8 
          56700         6018.27 
          56900         5838.38 
          57100         5898.42 
          57300         5860.76 
          57500          5759.9 
          57700         5700.92 
          57900         5698.35 
          58100         5611.42 
          58300          5548.6 
          58500         5495.86 
          58700          5380.3 
          58900         5346.43 
          59100         5295.42 
          59300         5265.33 
          59500         5159.66 
          59700         5163.09 
          59900         5113.76 
          60100         5052.67 
          60300          4984.5 
          60500         4900.24 
          60700         4861.96 
          60900         4790.98 
          61100         4736.45 
          61300         4709.31 
          61500         4677.43 
          61700         4657.84 
          61900         4589.15 
          62100         4563.55 
          62300         4485.38 
          62500         4408.88 
          62700         4369.68 
          62900         4334.13 
          63100         4275.76 
          63300         4261.19 
          63500         4190.01 
          63700         4192.15 
          63900         4108.75 
          64200         4058.83 
          64600         3955.64 
          65000         3874.47 
          65400         3787.85 
          65800         3717.58 
          66200         3624.47 
          66600          3560.6 
          67000         3484.47 
          67400         3400.36 
          67800         3332.33 
          68200         3257.72 
          68600         3199.51 
          69000         3125.25 
          69400         3057.96 
          69800         3000.82 
          70200          2931.1 
          70600         2873.56 
          71000         2811.31 
          71400         2757.14 
          71800         2696.25 
          72200         2642.39 
          72600         2585.76 
          73000         2534.39 
          73400         2478.59 
          73800          2431.6 
          74200         2373.29 
          74600         2325.57 
          75000         2283.21 
          75400         2198.95 
          75800         2085.78 
          76200         1989.84 
          76600         1905.88 
          77000         1850.16 
          77400         1772.73 
          77800         1710.23 
          78200         1665.31 
          78600         1605.53 
          79000         1584.55 
          79400         1521.17 
          79800         1503.24 
          80200         1471.71 
          80600         1437.42 
          81000         1411.72 
          81400          1395.6 
          81800         1365.38 
          82200         1347.27 
          82600         1329.01 
          83000         1293.42 
          83400         1288.36 
          83800         1258.76 
          84200         1240.45 
          84600         1215.22 
          85000         1214.03 
          85400         1181.82 
          85800         1163.56 
          86200         1151.11 
          86600          1119.3 
          87000          1116.3 
          87400         1101.92 
          87800         1077.43 
          88200         1055.77 
          88600         1038.77 
          89000         1027.84 
          89400         1016.44 
          89800          995.03 
          90200         984.789 
          90600         978.086 
          91000         955.221 
          91400         938.175 
          91800         930.107 
          92200          902.51 
          92600         905.186 
          93000         890.186 
          93400         877.439 
          93800         853.743 
          94200         847.442 
          94600         830.903 
          95000         828.763 
          95400         814.915 
          95800         801.269 
          96200         791.566 
          96600         777.394 
          97000         773.278 
          97400         757.449 
          97800          748.43 
          98200         737.306 
          98600         730.599 
          99000         719.019 
          99400         704.321 
          99800         700.237 
         100200         689.442 
         200000         46.0599 
         400000         2.94791 
         600000         0.58414 
         800000        0.184603 
         1.0e+6       0.0754325 
         1.2e+6       0.0362733 
         1.4e+6       0.0195227 
         1.6e+6       0.0114106 
