# Kurucz ODFNEW /NOVER (2003)
# teff = 8000 K (value for the effective temperature for the model. Temperatures are given in K)
# logg = 2 log(cm/s2) (value for Log(G) for the model.)
# meta = 0  (value for the Metallicity for the model.)
# lh = 1.25  (l/Hp where l is the  mixing length of the convective element and Hp is the pressure scale height)
# vtur = 2 km/s (Microturbulence velocity)
# alpha = 0  (Alpha)
#
# column 1: WAVELENGTH (ANGSTROM), Wavelength in Angstrom
# column 2: FLUX (ERG/CM2/S/A), Flux in erg/cm2/s/A
            357     2.76793e-24 
            366     7.38154e-23 
            375     5.27783e-22 
            385     3.99261e-21 
            395      2.7096e-20 
            405     1.66737e-19 
            414     7.91612e-19 
            422     2.98386e-18 
            430      1.0686e-17 
            441     5.70961e-17 
            451     2.43373e-16 
            460     8.48567e-16 
            470     3.20655e-15 
            480     1.14386e-14 
            490     3.86583e-14 
            500     1.24185e-13 
            506     2.21077e-13 
            512     4.65508e-13 
            520       1.096e-12 
            530     3.12569e-12 
            540     8.29657e-12 
            550     2.18877e-11 
            560     5.48444e-11 
            570     1.32858e-10 
            580     3.06658e-10 
            590     7.09379e-10 
            600      1.56866e-9 
            610      3.37487e-9 
            620      7.07446e-9 
            630      1.44664e-8 
            640      2.84377e-8 
            650      2.95802e-9 
            658      4.74501e-9 
            665      7.09288e-9 
            675      1.24192e-8 
            685      2.13493e-8 
            695      3.60745e-8 
            705      5.97105e-8 
            716      1.02799e-7 
            726      1.65287e-7 
            735      2.50295e-7 
            745       3.9155e-7 
            755       6.0469e-7 
            765      9.22021e-7 
            775      1.38881e-6 
            785      2.06863e-6 
            795       3.0164e-6 
            805      4.41315e-6 
            815      6.37614e-6 
            825      9.09354e-6 
            835      1.28382e-5 
            845      1.79695e-5 
            855      2.49143e-5 
            865      3.42459e-5 
            875      4.65341e-5 
            885      6.30925e-5 
            895      8.46415e-5 
            905     0.000112059 
            915       0.0720948 
            925        0.227625 
            935        0.292976 
            945        0.386633 
            955        0.543888 
            965        0.709626 
            975        0.878708 
            985         1.12569 
            995         1.36464 
           1005         1.84753 
           1015         2.31996 
           1025         2.77015 
           1035         3.54389 
           1045         4.44165 
           1055         5.47684 
           1065           6.533 
           1075         8.12643 
           1085          9.9099 
           1095         11.6941 
           1105         34.8583 
           1115         109.956 
           1125         159.711 
           1135         217.801 
           1145         266.723 
           1155         289.461 
           1165         378.749 
           1175         423.274 
           1185         447.603 
           1195          184.37 
           1205         157.863 
           1215         35.7532 
           1225         181.342 
           1235         484.909 
           1245         1149.18 
           1255         2633.24 
           1265         2661.22 
           1275         4926.65 
           1285         7588.09 
           1295         9688.11 
           1305         7166.16 
           1315         13253.1 
           1325         16922.1 
           1335           17841 
           1345           25092 
           1355         26099.9 
           1365         28023.8 
           1375         31403.7 
           1385         35001.5 
           1395         40843.4 
           1405         46892.1 
           1415           46830 
           1425         55603.4 
           1435         54781.7 
           1442         64447.7 
           1447         72993.9 
           1455         90962.1 
           1465         93544.1 
           1475          101336 
           1485          115616 
           1495          133949 
           1505          146291 
           1512          139363 
           1517          160574 
           1525          178335 
           1535      1.16227e+6 
           1545      3.78667e+6 
           1555      3.14218e+6 
           1565      2.48612e+6 
           1575      4.28498e+6 
           1585      5.23355e+6 
           1595      6.87317e+6 
           1605      5.64518e+6 
           1615      4.98863e+6 
           1625       4.0971e+6 
           1635      4.72669e+6 
           1645      6.29255e+6 
           1655      3.48214e+6 
           1665      5.62262e+6 
           1672      1.55202e+6 
           1677      6.74457e+6 
           1685      9.30285e+6 
           1695      9.03736e+6 
           1705      8.03086e+6 
           1715       9.9004e+6 
           1725      1.02757e+7 
           1735      1.24434e+7 
           1745      1.12873e+7 
           1755      1.43046e+7 
           1765      1.05127e+7 
           1775      1.35859e+7 
           1785       1.1936e+7 
           1795      1.65622e+7 
           1805      1.40573e+7 
           1815      1.54924e+7 
           1825      1.32238e+7 
           1835      1.20194e+7 
           1845      1.09787e+7 
           1855      1.25269e+7 
           1865      1.36071e+7 
           1875      1.31655e+7 
           1885       1.3516e+7 
           1895      1.47428e+7 
           1905      1.31237e+7 
           1915      1.41324e+7 
           1925      1.43967e+7 
           1935       1.1111e+7 
           1945      1.53459e+7 
           1955      1.55038e+7 
           1967      1.69062e+7 
           1976      1.65798e+7 
           1984      1.58578e+7 
           1995      1.53777e+7 
           2005      1.44703e+7 
           2015      1.33351e+7 
           2025      1.27738e+7 
           2035      1.45425e+7 
           2045      1.61411e+7 
           2055      1.43929e+7 
           2065      1.36884e+7 
           2074       1.6968e+7 
           2078      1.78153e+7 
           2085       1.6935e+7 
           2095      1.58948e+7 
           2105      1.46261e+7 
           2115      1.48225e+7 
           2125      1.54133e+7 
           2135      1.15253e+7 
           2145      1.42135e+7 
           2155      1.46919e+7 
           2165      1.31387e+7 
           2175      1.31288e+7 
           2185      1.36623e+7 
           2195      1.51543e+7 
           2205      1.43593e+7 
           2215      1.20953e+7 
           2225      1.15942e+7 
           2235      1.45888e+7 
           2245      1.28887e+7 
           2255      1.13841e+7 
           2265      1.15959e+7 
           2275      1.31246e+7 
           2285      1.38462e+7 
           2295      1.25192e+7 
           2305      1.29384e+7 
           2315      1.20908e+7 
           2325      1.15124e+7 
           2335      8.73586e+6 
           2345      6.99813e+6 
           2355      1.09411e+7 
           2365      7.02576e+6 
           2375      9.24755e+6 
           2385      5.69403e+6 
           2395      7.45377e+6 
           2405      7.03759e+6 
           2415      8.35529e+6 
           2425      1.17837e+7 
           2435      1.13421e+7 
           2445      1.22717e+7 
           2455      1.20807e+7 
           2465      1.17082e+7 
           2475      1.10104e+7 
           2485      1.15339e+7 
           2495      1.09581e+7 
           2505      1.38756e+7 
           2513      1.08452e+7 
           2518      1.17196e+7 
           2525      9.84009e+6 
           2535      9.48356e+6 
           2545      9.57204e+6 
           2555      1.11731e+7 
           2565      1.01557e+7 
           2575      1.17048e+7 
           2585      1.10985e+7 
           2595      1.01606e+7 
           2605      9.13563e+6 
           2615      8.55574e+6 
           2625      1.08602e+7 
           2635      1.21621e+7 
           2645       1.6445e+7 
           2655      1.65212e+7 
           2665      1.35877e+7 
           2675      1.49025e+7 
           2685      1.44563e+7 
           2695      1.37677e+7 
           2705      1.44909e+7 
           2715      1.28404e+7 
           2725      1.30999e+7 
           2735      1.43833e+7 
           2745      9.21497e+6 
           2755      1.05355e+7 
           2765      1.16761e+7 
           2775      1.40636e+7 
           2785      1.22166e+7 
           2795      5.10068e+6 
           2805      6.63105e+6 
           2815       1.4077e+7 
           2825      1.61825e+7 
           2835      1.52305e+7 
           2845      1.45544e+7 
           2855      1.33526e+7 
           2865      1.56223e+7 
           2875      1.49386e+7 
           2885      1.53888e+7 
           2895      1.43607e+7 
           2910      1.72618e+7 
           2930       1.6309e+7 
           2950      1.61895e+7 
           2970      1.71757e+7 
           2990      1.74444e+7 
           3010      1.80379e+7 
           3030      1.77899e+7 
           3050      1.76622e+7 
           3070       1.7771e+7 
           3090      1.84259e+7 
           3110      1.76756e+7 
           3130      1.75577e+7 
           3150      1.84232e+7 
           3170      1.83328e+7 
           3190      1.71244e+7 
           3210      1.79709e+7 
           3230      1.72601e+7 
           3250      1.80363e+7 
           3270      1.82965e+7 
           3290      1.85763e+7 
           3310      1.89876e+7 
           3330      1.84789e+7 
           3350      1.82347e+7 
           3370      1.80471e+7 
           3390      1.82754e+7 
           3410      1.87689e+7 
           3430      1.90083e+7 
           3450      1.88578e+7 
           3470       1.8541e+7 
           3490      1.83619e+7 
           3510      1.90094e+7 
           3530      1.91598e+7 
           3550      1.95723e+7 
           3570       1.8755e+7 
           3590      1.87521e+7 
           3610      1.88516e+7 
           3630      1.90848e+7 
           3640      1.87358e+7 
           3650      1.95257e+7 
           3670      1.91888e+7 
           3690      1.96874e+7 
           3710      2.45789e+7 
           3730      3.08523e+7 
           3750      4.62657e+7 
           3770      4.97653e+7 
           3790      6.27511e+7 
           3810      7.12137e+7 
           3830      5.53348e+7 
           3850      7.51934e+7 
           3870      8.11922e+7 
           3890      5.07481e+7 
           3910      7.79969e+7 
           3930      6.26675e+7 
           3950      7.69733e+7 
           3970      4.44305e+7 
           3990      7.71983e+7 
           4010      7.91502e+7 
           4030      7.76289e+7 
           4050      7.70225e+7 
           4070      7.49847e+7 
           4090      6.73641e+7 
           4110      5.15669e+7 
           4130      7.23646e+7 
           4150      7.37184e+7 
           4170      7.16199e+7 
           4190      7.10516e+7 
           4210       7.0495e+7 
           4230      6.89562e+7 
           4250      6.85569e+7 
           4270      6.63583e+7 
           4290       6.6959e+7 
           4310      6.30232e+7 
           4330      5.44773e+7 
           4350      4.64737e+7 
           4370      6.38236e+7 
           4390      6.26491e+7 
           4410      6.11155e+7 
           4430      6.12042e+7 
           4450      6.14068e+7 
           4470      6.06982e+7 
           4490      5.99886e+7 
           4510      6.06394e+7 
           4530      5.84951e+7 
           4550      5.70176e+7 
           4570      5.86193e+7 
           4590      5.63643e+7 
           4610       5.7828e+7 
           4630      5.57478e+7 
           4650      5.63008e+7 
           4670      5.56451e+7 
           4690      5.41096e+7 
           4710      5.22654e+7 
           4730       5.3813e+7 
           4750      5.37014e+7 
           4770      5.26592e+7 
           4790      5.21285e+7 
           4810      5.12725e+7 
           4830      5.01511e+7 
           4850      4.23391e+7 
           4870      3.36861e+7 
           4890      4.78236e+7 
           4910      4.83114e+7 
           4930      4.71762e+7 
           4950      4.75615e+7 
           4970       4.7637e+7 
           4990      4.60894e+7 
           5010      4.44194e+7 
           5030      4.51017e+7 
           5050      4.44305e+7 
           5070      4.46772e+7 
           5090      4.41145e+7 
           5110      4.37222e+7 
           5130      4.27564e+7 
           5150      4.19434e+7 
           5170      4.09543e+7 
           5190      4.05651e+7 
           5210      4.05582e+7 
           5230      3.98451e+7 
           5250      4.03485e+7 
           5270      3.84001e+7 
           5290      3.94552e+7 
           5310      3.85012e+7 
           5330      3.77288e+7 
           5350      3.85002e+7 
           5370      3.78808e+7 
           5390      3.73888e+7 
           5410      3.66959e+7 
           5430      3.64656e+7 
           5450      3.66044e+7 
           5470      3.61634e+7 
           5490      3.59579e+7 
           5510      3.54901e+7 
           5530      3.50516e+7 
           5550      3.50367e+7 
           5570      3.45232e+7 
           5590       3.4185e+7 
           5610      3.39824e+7 
           5630      3.37497e+7 
           5650      3.32126e+7 
           5670      3.28311e+7 
           5690      3.27461e+7 
           5710      3.24513e+7 
           5730      3.22974e+7 
           5750      3.18692e+7 
           5770      3.16102e+7 
           5790      3.12393e+7 
           5810      3.09811e+7 
           5830      3.06902e+7 
           5850      3.04081e+7 
           5870      3.01269e+7 
           5890      2.94448e+7 
           5910      2.95392e+7 
           5930      2.92653e+7 
           5950      2.89242e+7 
           5970      2.87265e+7 
           5990      2.83197e+7 
           6010      2.80335e+7 
           6030      2.78862e+7 
           6050      2.76054e+7 
           6070      2.74279e+7 
           6090      2.71149e+7 
           6110      2.68136e+7 
           6130      2.64504e+7 
           6150      2.58364e+7 
           6170      2.59522e+7 
           6190      2.59146e+7 
           6210       2.5702e+7 
           6230      2.53587e+7 
           6250      2.46691e+7 
           6270      2.50313e+7 
           6290      2.47991e+7 
           6310       2.4381e+7 
           6330      2.42874e+7 
           6350      2.38823e+7 
           6370      2.37066e+7 
           6390      2.36286e+7 
           6410      2.32851e+7 
           6430      2.31824e+7 
           6450      2.27075e+7 
           6470      2.28229e+7 
           6490      2.23291e+7 
           6510      2.22393e+7 
           6530      2.19416e+7 
           6550      1.97864e+7 
           6570      1.55719e+7 
           6590      2.09964e+7 
           6610      2.13085e+7 
           6630      2.12667e+7 
           6650      2.11185e+7 
           6670      2.09141e+7 
           6690        2.078e+7 
           6710      2.06086e+7 
           6730      2.04031e+7 
           6750      2.02105e+7 
           6770      2.01175e+7 
           6790      1.99265e+7 
           6810      1.97731e+7 
           6830      1.95476e+7 
           6850      1.94119e+7 
           6870      1.92783e+7 
           6890      1.91221e+7 
           6910       1.8954e+7 
           6930      1.87843e+7 
           6950       1.8639e+7 
           6970      1.84717e+7 
           6990      1.83391e+7 
           7010      1.80744e+7 
           7030      1.80045e+7 
           7050      1.78737e+7 
           7070      1.77433e+7 
           7090      1.76029e+7 
           7110      1.71641e+7 
           7130      1.72325e+7 
           7150        1.712e+7 
           7170      1.69983e+7 
           7190      1.68309e+7 
           7210      1.67109e+7 
           7230      1.65472e+7 
           7250      1.64231e+7 
           7270      1.63435e+7 
           7290      1.61561e+7 
           7310      1.60044e+7 
           7330      1.59144e+7 
           7350      1.58188e+7 
           7370      1.57255e+7 
           7390      1.55598e+7 
           7410      1.53874e+7 
           7430      1.52227e+7 
           7450      1.51418e+7 
           7470      1.49366e+7 
           7490      1.48872e+7 
           7510       1.4798e+7 
           7530      1.47288e+7 
           7550      1.46568e+7 
           7570      1.45143e+7 
           7590      1.44236e+7 
           7610       1.4316e+7 
           7630      1.42041e+7 
           7650      1.40579e+7 
           7670      1.39289e+7 
           7690      1.38521e+7 
           7710      1.37043e+7 
           7730      1.36644e+7 
           7750        1.355e+7 
           7770      1.31565e+7 
           7790      1.33684e+7 
           7810      1.32599e+7 
           7830      1.31191e+7 
           7850      1.29802e+7 
           7870      1.28845e+7 
           7890      1.27593e+7 
           7910      1.27009e+7 
           7930       1.2619e+7 
           7950      1.24757e+7 
           7970      1.24914e+7 
           7990      1.22508e+7 
           8010      1.22866e+7 
           8030       1.2181e+7 
           8050      1.21113e+7 
           8070      1.20102e+7 
           8090      1.19239e+7 
           8110      1.18554e+7 
           8130        1.178e+7 
           8150      1.16917e+7 
           8170      1.16085e+7 
           8190        1.138e+7 
           8210      1.13465e+7 
           8230      1.12636e+7 
           8250      1.12035e+7 
           8270      1.12491e+7 
           8290      1.11516e+7 
           8310      1.10581e+7 
           8330      1.08482e+7 
           8350      1.08714e+7 
           8370      1.06802e+7 
           8390      1.05897e+7 
           8410      1.04835e+7 
           8430      1.06035e+7 
           8450      1.03961e+7 
           8470      1.00078e+7 
           8490      1.08905e+7 
           8510      9.65751e+6 
           8530      1.10698e+7 
           8550       9.0448e+6 
           8570      1.13222e+7 
           8590      1.04021e+7 
           8610      1.00458e+7 
           8630      1.15745e+7 
           8650      1.12235e+7 
           8670      8.72499e+6 
           8690       1.1288e+7 
           8710      1.17452e+7 
           8730      1.13875e+7 
           8750      8.80729e+6 
           8770      1.09267e+7 
           8790       1.1527e+7 
           8810      1.14369e+7 
           8830      1.11407e+7 
           8850      1.03083e+7 
           8870      8.56006e+6 
           8890       1.0875e+7 
           8910      1.10089e+7 
           8930      1.09473e+7 
           8950       1.0978e+7 
           8970      1.08452e+7 
           8990      1.05607e+7 
           9010      8.45993e+6 
           9030      9.42552e+6 
           9050      1.04483e+7 
           9070      1.02305e+7 
           9090      1.00926e+7 
           9110      1.02762e+7 
           9130      1.02827e+7 
           9150      1.02536e+7 
           9170      1.01305e+7 
           9190      9.94993e+6 
           9210      9.49328e+6 
           9230      7.37558e+6 
           9250      9.13485e+6 
           9270      9.44356e+6 
           9290      9.71898e+6 
           9310      9.69161e+6 
           9330      9.61116e+6 
           9350      9.56664e+6 
           9370      9.51168e+6 
           9390      9.36994e+6 
           9410      9.09871e+6 
           9430      9.23597e+6 
           9450       9.2062e+6 
           9470      9.15097e+6 
           9490      9.08232e+6 
           9510      8.94461e+6 
           9530      8.44874e+6 
           9550      6.73385e+6 
           9570      8.45889e+6 
           9590       8.7239e+6 
           9610      8.64316e+6 
           9630      8.50655e+6 
           9650      8.59431e+6 
           9670      8.44962e+6 
           9690      8.43644e+6 
           9710      8.46326e+6 
           9730      8.39468e+6 
           9750      8.30241e+6 
           9770      8.29174e+6 
           9790      8.23274e+6 
           9810      8.17024e+6 
           9830      8.10428e+6 
           9850       8.0085e+6 
           9870      7.97143e+6 
           9890      7.88107e+6 
           9910      7.86885e+6 
           9930      7.81656e+6 
           9950      7.77299e+6 
           9970      7.74108e+6 
           9990      7.67161e+6 
          10025      7.16981e+6 
          10075      6.79374e+6 
          10125      7.26554e+6 
          10175      7.22379e+6 
          10225      7.12881e+6 
          10275       7.0207e+6 
          10325      6.88078e+6 
          10375      6.78662e+6 
          10425      6.68251e+6 
          10475      6.50831e+6 
          10525      6.43166e+6 
          10575      6.35043e+6 
          10625      6.25309e+6 
          10675      6.05316e+6 
          10725      6.02698e+6 
          10775      5.94781e+6 
          10825      5.85956e+6 
          10875       5.7507e+6 
          10925      5.02903e+6 
          10975      5.42807e+6 
          11025      5.53887e+6 
          11075      5.46993e+6 
          11125      5.37643e+6 
          11175      5.30067e+6 
          11225      5.22814e+6 
          11275      5.06156e+6 
          11325      4.99435e+6 
          11375      4.97645e+6 
          11425      4.88421e+6 
          11475      4.85433e+6 
          11525      4.78706e+6 
          11575      4.71233e+6 
          11625      4.59522e+6 
          11675      4.50398e+6 
          11725      4.51525e+6 
          11775      4.37292e+6 
          11825      4.34814e+6 
          11875      4.26378e+6 
          11925      4.26864e+6 
          11975      4.17106e+6 
          12025      4.13437e+6 
          12075      4.06687e+6 
          12125      4.01392e+6 
          12175      3.97034e+6 
          12225      3.91021e+6 
          12275      3.84941e+6 
          12325      3.80039e+6 
          12375      3.75399e+6 
          12425      3.71066e+6 
          12475      3.64806e+6 
          12525      3.60218e+6 
          12575      3.52999e+6 
          12625      3.49665e+6 
          12675      3.46419e+6 
          12725      3.41702e+6 
          12775        3.331e+6 
          12825      2.92922e+6 
          12875      3.25559e+6 
          12925      3.23676e+6 
          12975      3.19732e+6 
          13025      3.15816e+6 
          13075      3.11841e+6 
          13125      3.07501e+6 
          13175       3.0235e+6 
          13225      2.99745e+6 
          13275      2.95824e+6 
          13325      2.92144e+6 
          13375      2.88364e+6 
          13425      2.84548e+6 
          13475      2.80904e+6 
          13525      2.76587e+6 
          13575      2.73122e+6 
          13625      2.70289e+6 
          13675      2.66523e+6 
          13725      2.61225e+6 
          13775      2.59689e+6 
          13825      2.56632e+6 
          13875        2.541e+6 
          13925      2.50084e+6 
          13975      2.47506e+6 
          14025      2.44576e+6 
          14075      2.41758e+6 
          14125      2.38501e+6 
          14175      2.35715e+6 
          14225      2.32721e+6 
          14275      2.29836e+6 
          14325      2.27188e+6 
          14375      2.24662e+6 
          14425      2.18237e+6 
          14475       2.1907e+6 
          14525      2.14636e+6 
          14570      2.14057e+6 
          14620      2.11045e+6 
          14675      2.09098e+6 
          14725      2.06325e+6 
          14775      2.03171e+6 
          14825      2.01391e+6 
          14875      1.98269e+6 
          14925       1.9745e+6 
          14975      1.94672e+6 
          15025       1.9141e+6 
          15075      1.89147e+6 
          15125      1.87388e+6 
          15175      1.85223e+6 
          15225      1.84675e+6 
          15275      1.79577e+6 
          15325      1.77701e+6 
          15375      1.78922e+6 
          15425      1.71114e+6 
          15475      1.75547e+6 
          15525      1.74668e+6 
          15575      1.63671e+6 
          15625      1.73659e+6 
          15675      1.67217e+6 
          15725      1.58736e+6 
          15775      1.68328e+6 
          15825      1.67281e+6 
          15875      1.49081e+6 
          15925      1.62216e+6 
          15975      1.63579e+6 
          16050      1.59129e+6 
          16150      1.48902e+6 
          16250      1.55321e+6 
          16350      1.49115e+6 
          16450      1.39358e+6 
          16550      1.45381e+6 
          16650      1.42308e+6 
          16750      1.36573e+6 
          16850      1.27757e+6 
          16950       1.3329e+6 
          17050       1.3015e+6 
          17150      1.27781e+6 
          17250      1.24297e+6 
          17350      1.13147e+6 
          17450      1.18348e+6 
          17550      1.16855e+6 
          17650      1.14398e+6 
          17750       1.1236e+6 
          17850      1.09965e+6 
          17950      1.08153e+6 
          18050      1.05367e+6 
          18150          969515 
          18250      1.00221e+6 
          18350          995743 
          18450          976778 
          18550          954933 
          18650          935925 
          18750          854000 
          18850          896279 
          18950          880655 
          19050          869181 
          19150          852289 
          19250          835659 
          19350          817174 
          19450          749212 
          19550          786928 
          19650          774850 
          19750          758969 
          19850          746417 
          19950          732734 
          20050          719502 
          20150          706523 
          20250          693297 
          20350          680432 
          20450          668929 
          20550          656833 
          20650          644329 
          20750          633172 
          20850          622226 
          20950          611158 
          21050          600179 
          21150          588428 
          21250          578373 
          21350          568413 
          21450          559924 
          21550          549126 
          21650          505534 
          21750          528578 
          21850          522575 
          21950          514259 
          22050          504855 
          22150          495715 
          22250          488865 
          22350          480714 
          22450          472823 
          22550          463964 
          22650          457210 
          22750          449815 
          22850          442698 
          22950          435279 
          23050          428837 
          23150          421921 
          23250          415435 
          23350          408788 
          23450          402384 
          23550          396046 
          23650          389774 
          23750          383587 
          23850          377483 
          23950          371533 
          24050          365258 
          24150          359081 
          24250          355542 
          24350          347990 
          24450          342023 
          24550          339480 
          24650          332348 
          24750          327466 
          24850          325977 
          24950          311804 
          25050          317226 
          25150          312725 
          25250          296331 
          25350          303431 
          25450          300062 
          25550          294573 
          25650          276871 
          25750          286708 
          25850          283062 
          25950          279732 
          26050          273275 
          26150          256259 
          26250          249608 
          26350          262617 
          26450          260861 
          26550          257360 
          26650          252080 
          26750          234073 
          26850          245538 
          26950          243590 
          27050          240052 
          27150          236942 
          27250          233639 
          27350          230382 
          27450          226832 
          27550          211236 
          27650          216939 
          27750          217937 
          27850          215122 
          27950          212259 
          28050          209389 
          28150          206549 
          28250          203786 
          28350          201109 
          28450          198250 
          28550          195727 
          28650          191150 
          28750          178729 
          28850          187527 
          28950          185496 
          29050          183288 
          29150          180605 
          29250          178501 
          29350          176263 
          29450          173987 
          29550          171776 
          29650          169582 
          29750          167414 
          29850          165304 
          29950          163165 
          30050          161084 
          30150          159039 
          30250          156840 
          30350          147694 
          30450          149509 
          30550          151115 
          30650          149409 
          30750          147558 
          30850          145515 
          30950          143891 
          31050          142103 
          31150          140205 
          31250          138623 
          31350          136973 
          31450          135266 
          31550          133785 
          31650          132230 
          31750          130520 
          31850          129089 
          31950          127530 
          32100          125262 
          32300          122358 
          32500          119501 
          32700          116702 
          32900          109732 
          33100          110322 
          33300          108413 
          33500          106065 
          33700          103526 
          33900          101272 
          34100         99054.2 
          34300         96951.4 
          34500         94906.4 
          34700         92817.4 
          34900         90807.1 
          35100         88854.8 
          35300         86949.9 
          35500         85025.3 
          35700         83123.5 
          35900         81679.6 
          36100         79557.2 
          36300         78351.3 
          36500         76146.1 
          36700         75184.2 
          36900         72730.7 
          37100         72074.6 
          37300         69600.5 
          37500         66743.7 
          37700         67837.2 
          37900           66575 
          38100         64380.4 
          38300         63427.3 
          38500         62749.7 
          38700         61451.3 
          38900         60186.2 
          39100         57578.5 
          39300         58008.7 
          39500         56959.1 
          39700         55920.6 
          39900         54743.7 
          40100         53053.4 
          40300         51565.5 
          40500         50097.4 
          40700         50738.8 
          40900         49815.9 
          41100         48946.4 
          41300         48036.2 
          41500           47080 
          41700         44664.4 
          41900         45333.4 
          42100         44548.8 
          42300         43795.9 
          42500         43002.9 
          42700         42233.3 
          42900           41476 
          43100           40733 
          43300           40006 
          43500         39296.5 
          43700           37397 
          43900         37696.2 
          44100         37252.4 
          44300         36619.2 
          44500         35980.7 
          44700           35437 
          44900           34752 
          45100         34170.3 
          45300         33584.7 
          45500         33020.8 
          45700         32456.4 
          45900           31906 
          46100         31381.6 
          46300         30824.6 
          46500           29302 
          46700         28763.1 
          46900         29270.2 
          47100           28871 
          47300         28413.5 
          47500         27939.3 
          47700         27491.9 
          47900         27057.6 
          48100           26623 
          48300         26202.7 
          48500         25774.1 
          48700         25378.6 
          48900         24963.4 
          49100         24580.8 
          49300           24174 
          49500         23834.5 
          49700         23405.2 
          49900         23099.9 
          50100         22740.3 
          50300         22317.1 
          50500         22060.9 
          50700           21723 
          50900           21272 
          51100         21013.5 
          51300         20036.9 
          51500         20405.7 
          51700         19978.9 
          51900         19837.8 
          52100         19553.9 
          52300         19264.2 
          52500         18934.5 
          52700         18515.7 
          52900         18435.2 
          53100         18197.7 
          53300         17932.8 
          53500         17659.5 
          53700         17227.7 
          53900         17000.2 
          54100         16912.1 
          54300         16675.3 
          54500           16439 
          54700         16203.2 
          54900         15976.6 
          55100         15688.3 
          55300         15209.2 
          55500         15301.6 
          55700         15097.2 
          55900         14879.6 
          56100         14682.7 
          56300         14482.3 
          56500         14284.4 
          56700         14087.7 
          56900         13877.1 
          57100         13338.7 
          57300         13490.2 
          57500         13338.4 
          57700         13158.9 
          57900         12980.5 
          58100         12808.7 
          58300           12629 
          58500         12462.4 
          58700         12294.6 
          58900         12097.2 
          59100         11559.2 
          59300         11788.8 
          59500         11343.6 
          59700         11425.3 
          59900         11359.6 
          60100         11218.4 
          60300         11075.7 
          60500         10933.7 
          60700         10793.2 
          60900         10655.4 
          61100         10517.2 
          61300         10387.5 
          61500         10256.3 
          61700         10127.6 
          61900         9999.29 
          62100         9874.42 
          62300         9747.06 
          62500         9625.47 
          62700         9488.65 
          62900         9076.75 
          63100         9240.99 
          63300         9156.65 
          63500         9046.08 
          63700         8938.86 
          63900         8827.91 
          64200         8669.83 
          64600         8462.05 
          65000          8256.3 
          65400         8071.59 
          65800         7875.95 
          66200         7690.54 
          66600         7514.36 
          67000         7340.31 
          67400         7151.02 
          67800         6871.19 
          68200         6828.65 
          68600         6695.93 
          69000         6545.17 
          69400         6373.26 
          69800         6254.49 
          70200         6117.75 
          70600         5979.54 
          71000         5823.13 
          71400         5723.78 
          71800         5599.67 
          72200         5475.93 
          72600         5327.13 
          73000         5242.19 
          73400         5135.35 
          73800         5022.56 
          74200         4907.31 
          74600         4711.86 
          75000         4542.39 
          75400          4602.4 
          75800         4516.18 
          76200         4429.58 
          76600         4342.02 
          77000         4254.33 
          77400         4162.74 
          77800         4033.22 
          78200         3999.64 
          78600         3925.38 
          79000         3848.06 
          79400         3772.16 
          79800         3698.23 
          80200         3625.88 
          80600         3555.65 
          81000         3487.14 
          81400         3372.73 
          81800         3341.85 
          82200         3291.51 
          82600         3229.29 
          83000         3168.38 
          83400         3108.11 
          83800            3049 
          84200         2993.48 
          84600         2938.97 
          85000         2884.68 
          85400         2832.05 
          85800         2778.27 
          86200         2728.31 
          86600         2629.73 
          87000          2626.7 
          87400         2554.19 
          87800         2510.64 
          88200         2493.82 
          88600         2446.07 
          89000         2406.63 
          89400         2364.82 
          89800         2323.43 
          90200         2282.27 
          90600         2239.44 
          91000         2204.92 
          91400         2167.13 
          91800         2130.22 
          92200         2093.34 
          92600          2049.9 
          93000         2023.21 
          93400         1988.77 
          93800         1918.45 
          94200          1916.5 
          94600         1892.07 
          95000         1855.97 
          95400         1823.63 
          95800         1800.39 
          96200         1770.88 
          96600         1742.27 
          97000         1714.08 
          97400         1686.25 
          97800         1659.25 
          98200         1629.98 
          98600         1596.86 
          99000         1581.33 
          99400         1556.28 
          99800         1531.61 
         100200         1507.59 
         200000           96.81 
         400000         6.02908 
         600000         1.18084 
         800000        0.370666 
         1.0e+6        0.150763 
         1.2e+6        0.072264 
         1.4e+6       0.0387993 
         1.6e+6       0.0226361 
