# Kurucz ODFNEW /NOVER (2003)
# teff = 34000 K (value for the effective temperature for the model. Temperatures are given in K)
# logg = 4 log(cm/s2) (value for Log(G) for the model.)
# meta = -2.5  (value for the Metallicity for the model.)
# lh = 1.25  (l/Hp where l is the  mixing length of the convective element and Hp is the pressure scale height)
# vtur = 2 km/s (Microturbulence velocity)
# alpha = 0.4  (Alpha)
#
# column 1: WAVELENGTH (ANGSTROM), Wavelength in Angstrom
# column 2: FLUX (ERG/CM2/S/A), Flux in erg/cm2/s/A
          147.2      0.00131698 
            151      0.00344263 
          155.2       0.0094427 
          158.8         0.02152 
            162       0.0433675 
            166        0.100314 
          170.3        0.236647 
          173.4        0.427667 
          176.8        0.798528 
          180.2         1.45636 
          181.7         1.88497 
          186.1         3.91814 
            191         8.49456 
          193.9         13.1765 
          198.4         25.3749 
          201.8         40.7838 
            205         62.7715 
          210.5          127.65 
          216.2         255.911 
          219.8         389.252 
            223         558.197 
          226.8         844.741 
            230         76378.5 
            234          388295 
            240      1.19507e+6 
          246.5      4.18901e+6 
          252.4      8.68351e+6 
          256.8      4.99396e+6 
            260      2.39496e+7 
            264      5.09322e+7 
          268.5      9.36751e+7 
          273.5       1.3719e+8 
          278.5      1.56506e+8 
            284      2.24498e+8 
            290      2.34419e+8 
            296      1.31732e+8 
            301      2.89426e+7 
            308      8.24354e+7 
            318      3.10331e+8 
            328      3.90337e+8 
            338       4.4036e+8 
            348      5.04104e+8 
            357      5.44392e+8 
            366      6.22201e+8 
            375      6.68161e+8 
            385      7.53179e+8 
            395      8.56729e+8 
            405      9.64992e+8 
            414      1.08469e+9 
            422       1.1749e+9 
            430      1.27974e+9 
            441      1.46954e+9 
            451      1.64028e+9 
            460      1.79071e+9 
            470      2.01241e+9 
            480      2.22604e+9 
            490      2.41038e+9 
            500      2.69844e+9 
            506     1.04532e+10 
            512     2.36218e+10 
            520       2.309e+10 
            530     2.30624e+10 
            540     2.14397e+10 
            550     2.22501e+10 
            560     2.37306e+10 
            570     2.38908e+10 
            580     2.28143e+10 
            590     2.36763e+10 
            600     2.29732e+10 
            610      2.2866e+10 
            620      2.3871e+10 
            630     2.37713e+10 
            640     2.36937e+10 
            650      2.3515e+10 
            658     2.29328e+10 
            665     2.33138e+10 
            675     2.36997e+10 
            685      2.2845e+10 
            695      2.3604e+10 
            705      2.2689e+10 
            716      2.3572e+10 
            726     2.35182e+10 
            735     2.36613e+10 
            745     2.33141e+10 
            755     2.32015e+10 
            765     2.30515e+10 
            775     2.31498e+10 
            785     2.31463e+10 
            795     2.30958e+10 
            805     2.29587e+10 
            815     2.29597e+10 
            825     2.30867e+10 
            835     2.20135e+10 
            845     2.28441e+10 
            855     2.27375e+10 
            865     2.27893e+10 
            875      2.2697e+10 
            885     2.26064e+10 
            895     2.25156e+10 
            905     2.22995e+10 
            915     2.34634e+10 
            925     5.78639e+10 
            935        7.78e+10 
            945     9.71032e+10 
            955     1.02408e+11 
            965     1.12102e+11 
            975     8.70782e+10 
            985     1.06531e+11 
            995     1.00383e+11 
           1005     1.02733e+11 
           1015      1.0115e+11 
           1025     8.11996e+10 
           1035     9.63782e+10 
           1045     9.56015e+10 
           1055     9.35879e+10 
           1065     9.01547e+10 
           1075     8.83841e+10 
           1085     8.43015e+10 
           1095     8.58887e+10 
           1105     8.36378e+10 
           1115     8.15261e+10 
           1125       7.858e+10 
           1135     7.88011e+10 
           1145     7.70916e+10 
           1155     7.50282e+10 
           1165     7.38151e+10 
           1175     6.72103e+10 
           1185     7.04725e+10 
           1195     6.90843e+10 
           1205     6.69903e+10 
           1215     5.43929e+10 
           1225     6.48533e+10 
           1235     6.37777e+10 
           1245     6.20403e+10 
           1255      6.1486e+10 
           1265     6.02871e+10 
           1275     5.90948e+10 
           1285     5.79413e+10 
           1295     5.63401e+10 
           1305     5.54689e+10 
           1315     5.45587e+10 
           1325     5.34401e+10 
           1335     5.23064e+10 
           1345     5.14148e+10 
           1355     5.03879e+10 
           1365     4.93693e+10 
           1375     4.83409e+10 
           1385     4.74902e+10 
           1395     4.57761e+10 
           1405     4.48882e+10 
           1415     4.47979e+10 
           1425     4.38263e+10 
           1435     4.31225e+10 
           1442     4.25382e+10 
           1447     4.21385e+10 
           1455     4.14736e+10 
           1465     4.07215e+10 
           1475     3.99669e+10 
           1485     3.92749e+10 
           1495     3.85069e+10 
           1505     3.78255e+10 
           1512      3.7369e+10 
           1517     3.69905e+10 
           1525      3.6409e+10 
           1535     3.55365e+10 
           1545     3.42083e+10 
           1555     3.37386e+10 
           1565     3.36026e+10 
           1575     3.31484e+10 
           1585     3.25965e+10 
           1595     3.20187e+10 
           1605     3.12466e+10 
           1615     3.06947e+10 
           1625     3.00499e+10 
           1635     2.91916e+10 
           1645     2.76433e+10 
           1655     2.87255e+10 
           1665     2.82089e+10 
           1672     2.78075e+10 
           1677     2.77584e+10 
           1685     2.73509e+10 
           1695     2.68901e+10 
           1705     2.64071e+10 
           1715     2.57568e+10 
           1725     2.53691e+10 
           1735     2.51414e+10 
           1745     2.46969e+10 
           1755     2.42536e+10 
           1765     2.38901e+10 
           1775     2.35033e+10 
           1785     2.31153e+10 
           1795     2.27193e+10 
           1805     2.23561e+10 
           1815      2.1987e+10 
           1825       2.162e+10 
           1835     2.12854e+10 
           1845      2.0928e+10 
           1855     2.05749e+10 
           1865     2.02411e+10 
           1875     1.99219e+10 
           1885      1.9605e+10 
           1895     1.92979e+10 
           1905     1.90024e+10 
           1915     1.86946e+10 
           1925     1.83677e+10 
           1935     1.81139e+10 
           1945     1.78345e+10 
           1955     1.75431e+10 
           1967     1.72265e+10 
           1976     1.69889e+10 
           1984     1.67756e+10 
           1995      1.6488e+10 
           2005     1.62424e+10 
           2015     1.59943e+10 
           2025     1.57504e+10 
           2035     1.55105e+10 
           2045     1.52754e+10 
           2055     1.25204e+10 
           2065     1.21468e+10 
           2074     1.23455e+10 
           2078     1.25754e+10 
           2085     1.32962e+10 
           2095     1.40751e+10 
           2105     1.39732e+10 
           2115     1.38026e+10 
           2125     1.35996e+10 
           2135     1.33915e+10 
           2145     1.32129e+10 
           2155     1.31627e+10 
           2165      1.2777e+10 
           2175     1.28198e+10 
           2185     1.24148e+10 
           2195     1.24473e+10 
           2205     1.22727e+10 
           2215     1.18826e+10 
           2225     1.19214e+10 
           2235     1.17509e+10 
           2245     1.15821e+10 
           2255      1.1224e+10 
           2265     1.12566e+10 
           2275     1.10982e+10 
           2285     1.09377e+10 
           2295     1.06896e+10 
           2305     1.04602e+10 
           2315     1.04874e+10 
           2325     1.03423e+10 
           2335     1.01993e+10 
           2345     1.00584e+10 
           2355      9.92018e+9 
           2365      9.78393e+9 
           2375      9.64962e+9 
           2385      9.35826e+9 
           2395      9.38141e+9 
           2405      9.26188e+9 
           2415      9.13624e+9 
           2425      9.01364e+9 
           2435      8.89274e+9 
           2445      8.77414e+9 
           2455       8.6553e+9 
           2465      8.54182e+9 
           2475      8.42865e+9 
           2485      8.31764e+9 
           2495      7.98724e+9 
           2505      8.08989e+9 
           2513      7.70798e+9 
           2518      7.94419e+9 
           2525      7.88957e+9 
           2535      7.78758e+9 
           2545      7.68579e+9 
           2555       7.5865e+9 
           2565      7.48909e+9 
           2575      7.39297e+9 
           2585      7.29868e+9 
           2595      7.20449e+9 
           2605       7.1243e+9 
           2615      7.03356e+9 
           2625      6.94453e+9 
           2635      6.85503e+9 
           2645      6.76829e+9 
           2655      6.68052e+9 
           2665      6.59441e+9 
           2675      6.50887e+9 
           2685      6.43906e+9 
           2695      6.34623e+9 
           2705      6.28086e+9 
           2715      6.20299e+9 
           2725      6.11037e+9 
           2735      5.95446e+9 
           2745      5.97815e+9 
           2755      5.90505e+9 
           2765      5.81413e+9 
           2775        5.763e+9 
           2785      5.69352e+9 
           2795      5.62247e+9 
           2805      5.55708e+9 
           2815      5.49057e+9 
           2825      5.40409e+9 
           2835      5.35431e+9 
           2845      5.29719e+9 
           2855      5.23472e+9 
           2865      5.17254e+9 
           2875      5.11201e+9 
           2885      5.05219e+9 
           2895      4.99263e+9 
           2910       4.9057e+9 
           2930      4.79288e+9 
           2950      4.66837e+9 
           2970      4.57581e+9 
           2990       4.4714e+9 
           3010      4.37101e+9 
           3030      4.27205e+9 
           3050      4.17693e+9 
           3070      4.08511e+9 
           3090      3.99413e+9 
           3110      3.90709e+9 
           3130      3.82274e+9 
           3150      3.73954e+9 
           3170       3.6585e+9 
           3190      3.56442e+9 
           3210      3.47287e+9 
           3230      3.42844e+9 
           3250      3.35566e+9 
           3270      3.28508e+9 
           3290       3.2155e+9 
           3310      3.15021e+9 
           3330      3.08487e+9 
           3350      3.01857e+9 
           3370      2.95929e+9 
           3390      2.89894e+9 
           3410      2.84006e+9 
           3430       2.7785e+9 
           3450      2.71805e+9 
           3470       2.6676e+9 
           3490      2.61494e+9 
           3510      2.56578e+9 
           3530      2.51499e+9 
           3550      2.46512e+9 
           3570      2.42332e+9 
           3590      2.36831e+9 
           3610       2.3256e+9 
           3630       2.2772e+9 
           3640      2.24532e+9 
           3650      2.13692e+9 
           3670      2.10038e+9 
           3690      2.06303e+9 
           3710       2.0241e+9 
           3730      1.98442e+9 
           3750      2.00132e+9 
           3770      1.98521e+9 
           3790      2.00116e+9 
           3810      2.02357e+9 
           3830      1.87616e+9 
           3850      1.99216e+9 
           3870      1.97278e+9 
           3890      1.77718e+9 
           3910      1.91375e+9 
           3930      1.87007e+9 
           3950      1.84734e+9 
           3970      1.64695e+9 
           3990      1.77954e+9 
           4010      1.74981e+9 
           4030       1.6864e+9 
           4050      1.69427e+9 
           4070      1.66342e+9 
           4090      1.60143e+9 
           4110      1.48099e+9 
           4130      1.57142e+9 
           4150      1.54494e+9 
           4170      1.52341e+9 
           4190      1.49605e+9 
           4210      1.46263e+9 
           4230      1.44753e+9 
           4250      1.42288e+9 
           4270      1.39878e+9 
           4290      1.37527e+9 
           4310      1.35136e+9 
           4330      1.29169e+9 
           4350      1.21832e+9 
           4370       1.2846e+9 
           4390       1.2533e+9 
           4410      1.24377e+9 
           4430      1.22213e+9 
           4450      1.20363e+9 
           4470      1.16494e+9 
           4490      1.16488e+9 
           4510      1.14617e+9 
           4530      1.12751e+9 
           4550      1.10081e+9 
           4570      1.09208e+9 
           4590      1.07468e+9 
           4610      1.05773e+9 
           4630      1.04097e+9 
           4650      1.02352e+9 
           4670      1.00855e+9 
           4690      9.73025e+8 
           4710      9.72115e+8 
           4730      9.62581e+8 
           4750      9.47764e+8 
           4770      9.33243e+8 
           4790       9.1898e+8 
           4810      9.04987e+8 
           4830      8.90693e+8 
           4850       8.5833e+8 
           4870       8.0021e+8 
           4890      8.50332e+8 
           4910      8.38887e+8 
           4930      8.18175e+8 
           4950      8.14114e+8 
           4970      8.02115e+8 
           4990      7.90312e+8 
           5010      7.74228e+8 
           5030      7.67324e+8 
           5050      7.54449e+8 
           5070      7.45167e+8 
           5090      7.34393e+8 
           5110      7.23808e+8 
           5130      7.13408e+8 
           5150       7.0319e+8 
           5170      6.93166e+8 
           5190      6.83316e+8 
           5210      6.73639e+8 
           5230       6.6413e+8 
           5250      6.54788e+8 
           5270      6.45609e+8 
           5290       6.3659e+8 
           5310      6.27729e+8 
           5330      6.19022e+8 
           5350      6.10467e+8 
           5370      6.02048e+8 
           5390      5.93776e+8 
           5410      5.80847e+8 
           5430      5.77662e+8 
           5450      5.69816e+8 
           5470      5.62093e+8 
           5490      5.54505e+8 
           5510      5.47038e+8 
           5530        5.397e+8 
           5550      5.32478e+8 
           5570      5.25383e+8 
           5590      5.18375e+8 
           5610      5.11549e+8 
           5630      5.04795e+8 
           5650      4.98148e+8 
           5670      4.91616e+8 
           5690      4.82954e+8 
           5710      4.67109e+8 
           5730       4.6118e+8 
           5750      4.55334e+8 
           5770      4.49603e+8 
           5790      4.44019e+8 
           5810      4.38724e+8 
           5830      4.33724e+8 
           5850      4.29123e+8 
           5870      4.18354e+8 
           5890        4.201e+8 
           5910      4.15989e+8 
           5930      4.11881e+8 
           5950      4.07924e+8 
           5970      4.03938e+8 
           5990      4.00038e+8 
           6010      3.95544e+8 
           6030      3.90635e+8 
           6050      3.85802e+8 
           6070      3.81056e+8 
           6090      3.76373e+8 
           6110      3.71753e+8 
           6130      3.67216e+8 
           6150       3.6275e+8 
           6170      3.58274e+8 
           6190      3.54006e+8 
           6210      3.49737e+8 
           6230      3.45282e+8 
           6250      3.41388e+8 
           6270      3.37307e+8 
           6290       3.3328e+8 
           6310      3.28937e+8 
           6330      3.25414e+8 
           6350      3.21574e+8 
           6370      3.17784e+8 
           6390      3.14045e+8 
           6410      3.09879e+8 
           6430      3.06742e+8 
           6450      3.03167e+8 
           6470      2.99649e+8 
           6490      2.96177e+8 
           6510      2.92751e+8 
           6530      2.88328e+8 
           6550      2.82504e+8 
           6570      2.62249e+8 
           6590      2.79016e+8 
           6610      2.76373e+8 
           6630      2.73234e+8 
           6650      2.70204e+8 
           6670      2.65707e+8 
           6690      2.61907e+8 
           6710      2.61168e+8 
           6730      2.58254e+8 
           6750       2.5537e+8 
           6770      2.52532e+8 
           6790      2.49731e+8 
           6810      2.46966e+8 
           6830      2.44238e+8 
           6850      2.41545e+8 
           6870      2.38888e+8 
           6890      2.35495e+8 
           6910      2.33692e+8 
           6930      2.31145e+8 
           6950      2.28639e+8 
           6970      2.26158e+8 
           6990      2.23709e+8 
           7010      2.21299e+8 
           7030      2.18921e+8 
           7050      2.16574e+8 
           7070      2.12329e+8 
           7090      2.11979e+8 
           7110      2.09723e+8 
           7130      2.07495e+8 
           7150      2.05305e+8 
           7170      2.02593e+8 
           7190      2.00789e+8 
           7210      1.98887e+8 
           7230      1.96801e+8 
           7250      1.94749e+8 
           7270      1.92724e+8 
           7290      1.89825e+8 
           7310      1.88731e+8 
           7330      1.86791e+8 
           7350      1.84862e+8 
           7370      1.82966e+8 
           7390      1.81087e+8 
           7410      1.79232e+8 
           7430      1.77402e+8 
           7450      1.75609e+8 
           7470      1.73826e+8 
           7490       1.7206e+8 
           7510      1.70303e+8 
           7530      1.68609e+8 
           7550       1.6691e+8 
           7570      1.65241e+8 
           7590      1.62932e+8 
           7610      1.61953e+8 
           7630      1.60342e+8 
           7650      1.58745e+8 
           7670      1.57175e+8 
           7690       1.5562e+8 
           7710      1.54091e+8 
           7730       1.5257e+8 
           7750      1.51074e+8 
           7770      1.49599e+8 
           7790      1.48136e+8 
           7810      1.46662e+8 
           7830      1.45275e+8 
           7850      1.43924e+8 
           7870      1.42537e+8 
           7890      1.41149e+8 
           7910      1.39804e+8 
           7930      1.38459e+8 
           7950      1.37137e+8 
           7970      1.35797e+8 
           7990      1.34528e+8 
           8010      1.33253e+8 
           8030      1.31988e+8 
           8050      1.30717e+8 
           8070      1.29491e+8 
           8090       1.2819e+8 
           8110      1.26991e+8 
           8130      1.25877e+8 
           8150      1.24591e+8 
           8170      1.23535e+8 
           8190       1.2218e+8 
           8210      1.19736e+8 
           8230      1.18392e+8 
           8250      1.17648e+8 
           8270      1.16413e+8 
           8290      1.15534e+8 
           8310      1.14498e+8 
           8330      1.13439e+8 
           8350      1.12193e+8 
           8370       1.1133e+8 
           8390      1.10393e+8 
           8410      1.09427e+8 
           8430      1.08415e+8 
           8450      1.07179e+8 
           8470      1.06501e+8 
           8490      1.05539e+8 
           8510      1.04565e+8 
           8530      1.03781e+8 
           8550      1.02358e+8 
           8570      1.02501e+8 
           8590      1.00227e+8 
           8610      9.96656e+7 
           8630      1.00297e+8 
           8650      9.85798e+7 
           8670       9.5349e+7 
           8690      9.78639e+7 
           8710      9.75689e+7 
           8730      9.58075e+7 
           8750      9.07644e+7 
           8770      9.36327e+7 
           8790      9.45869e+7 
           8810      9.38959e+7 
           8830      9.29733e+7 
           8850      8.96435e+7 
           8870      8.55575e+7 
           8890      9.01686e+7 
           8910      9.00015e+7 
           8930      8.93107e+7 
           8950      8.86909e+7 
           8970       8.7837e+7 
           8990      8.62067e+7 
           9010      8.05341e+7 
           9030      8.25063e+7 
           9050      8.45844e+7 
           9070      8.37768e+7 
           9090      8.34268e+7 
           9110      8.28294e+7 
           9130      8.21731e+7 
           9150      8.14813e+7 
           9170      8.06961e+7 
           9190      7.99305e+7 
           9210      7.77938e+7 
           9230      7.21506e+7 
           9250      7.66249e+7 
           9270      7.72504e+7 
           9290      7.68439e+7 
           9310       7.6049e+7 
           9330      7.55805e+7 
           9350      7.44302e+7 
           9370      7.43402e+7 
           9390      7.37333e+7 
           9410      7.31309e+7 
           9430      7.25329e+7 
           9450      7.19436e+7 
           9470      7.11486e+7 
           9490      7.07779e+7 
           9510      6.96349e+7 
           9530      6.78289e+7 
           9550      6.31583e+7 
           9570      6.75633e+7 
           9590      6.78061e+7 
           9610      6.73325e+7 
           9630       6.6724e+7 
           9650      6.63507e+7 
           9670      6.58227e+7 
           9690      6.52744e+7 
           9710      6.46861e+7 
           9730      6.42653e+7 
           9750      6.37562e+7 
           9770      6.32073e+7 
           9790      6.27567e+7 
           9810      6.22623e+7 
           9830      6.17753e+7 
           9850      6.12917e+7 
           9870      6.08115e+7 
           9890      6.03386e+7 
           9910       5.9869e+7 
           9930      5.94026e+7 
           9950      5.89433e+7 
           9970      5.84835e+7 
           9990      5.80306e+7 
          10025       5.5973e+7 
          10075       5.4439e+7 
          10125      5.46854e+7 
          10175      5.40547e+7 
          10225      5.30265e+7 
          10275      5.20442e+7 
          10325      5.09618e+7 
          10375      5.01253e+7 
          10425      4.91707e+7 
          10475      4.82973e+7 
          10525      4.74144e+7 
          10575      4.65494e+7 
          10625      4.57052e+7 
          10675      4.48416e+7 
          10725      4.40741e+7 
          10775      4.32863e+7 
          10825      4.22605e+7 
          10875      4.17326e+7 
          10925      3.91673e+7 
          10975      3.98965e+7 
          11025      3.94952e+7 
          11075      3.88998e+7 
          11125      3.82313e+7 
          11175      3.75732e+7 
          11225      3.69193e+7 
          11275      3.62962e+7 
          11325      3.56768e+7 
          11375      3.50698e+7 
          11425      3.44778e+7 
          11475      3.38976e+7 
          11525       3.3329e+7 
          11575      3.27718e+7 
          11625      3.21364e+7 
          11675        3.166e+7 
          11725      3.11713e+7 
          11775      3.06599e+7 
          11825       3.0156e+7 
          11875      2.96648e+7 
          11925      2.91835e+7 
          11975      2.85672e+7 
          12025       2.8252e+7 
          12075      2.77989e+7 
          12125      2.73548e+7 
          12175      2.69197e+7 
          12225      2.64932e+7 
          12275      2.60753e+7 
          12325      2.56633e+7 
          12375       2.5262e+7 
          12425      2.48687e+7 
          12475      2.44834e+7 
          12525       2.4077e+7 
          12575      2.37317e+7 
          12625      2.33673e+7 
          12675      2.30098e+7 
          12725      2.26588e+7 
          12775      2.21129e+7 
          12825      2.09972e+7 
          12875      2.15958e+7 
          12925      2.13212e+7 
          12975      2.09314e+7 
          13025      2.06897e+7 
          13075      2.03826e+7 
          13125      2.00811e+7 
          13175      1.97853e+7 
          13225      1.94947e+7 
          13275      1.92096e+7 
          13325      1.89294e+7 
          13375      1.86545e+7 
          13425      1.83768e+7 
          13475      1.81195e+7 
          13525      1.78591e+7 
          13575      1.76035e+7 
          13625      1.73523e+7 
          13675      1.71056e+7 
          13725      1.68632e+7 
          13775      1.66253e+7 
          13825      1.63913e+7 
          13875      1.61617e+7 
          13925      1.59358e+7 
          13975       1.5714e+7 
          14025       1.5496e+7 
          14075      1.52819e+7 
          14125      1.50714e+7 
          14175      1.48644e+7 
          14225       1.4661e+7 
          14275      1.44613e+7 
          14325      1.42647e+7 
          14375      1.40715e+7 
          14425      1.38816e+7 
          14475      1.36947e+7 
          14525      1.35111e+7 
          14570      1.33485e+7 
          14620      1.31717e+7 
          14675      1.29799e+7 
          14725      1.28083e+7 
          14775      1.26172e+7 
          14825      1.24745e+7 
          14875      1.23116e+7 
          14925      1.21513e+7 
          14975      1.19933e+7 
          15025       1.1838e+7 
          15075      1.16736e+7 
          15125      1.15345e+7 
          15175      1.13858e+7 
          15225      1.12404e+7 
          15275      1.10951e+7 
          15325      1.09524e+7 
          15375      1.08156e+7 
          15425      1.06709e+7 
          15475      1.05434e+7 
          15525      1.04087e+7 
          15575       1.0261e+7 
          15625      1.01627e+7 
          15675      1.00103e+7 
          15725      9.86891e+6 
          15775      9.79494e+6 
          15825      9.66996e+6 
          15875      9.45846e+6 
          15925      9.41476e+6 
          15975      9.33244e+6 
          16050      9.13955e+6 
          16150      8.86032e+6 
          16250      8.74733e+6 
          16350      8.49338e+6 
          16450      8.21711e+6 
          16550       8.1408e+6 
          16650      7.95036e+6 
          16750      7.71754e+6 
          16850      7.45862e+6 
          16950      7.41126e+6 
          17050      7.22078e+6 
          17150      7.07726e+6 
          17250      6.91593e+6 
          17350      6.60554e+6 
          17450      6.59735e+6 
          17550      6.46355e+6 
          17650      6.32074e+6 
          17750      6.18168e+6 
          17850      6.04652e+6 
          17950      5.91491e+6 
          18050      5.78688e+6 
          18150      5.53345e+6 
          18250      5.51969e+6 
          18350      5.42322e+6 
          18450      5.30837e+6 
          18550      5.19589e+6 
          18650      5.05378e+6 
          18750      4.86254e+6 
          18850      4.87735e+6 
          18950      4.77764e+6 
          19050         4.67e+6 
          19150      4.58386e+6 
          19250      4.49081e+6 
          19350      4.39642e+6 
          19450      4.19707e+6 
          19550      4.21851e+6 
          19650      4.14105e+6 
          19750      4.05904e+6 
          19850      3.97895e+6 
          19950      3.90092e+6 
          20050      3.82472e+6 
          20150      3.75038e+6 
          20250      3.67788e+6 
          20350      3.60707e+6 
          20450      3.53738e+6 
          20550      3.46735e+6 
          20650       3.4047e+6 
          20750      3.34037e+6 
          20850      3.27764e+6 
          20950       3.2163e+6 
          21050       3.1564e+6 
          21150      3.09192e+6 
          21250      3.04078e+6 
          21350      2.98492e+6 
          21450      2.92997e+6 
          21550      2.87502e+6 
          21650       2.7487e+6 
          21750      2.76903e+6 
          21850      2.72339e+6 
          21950      2.67548e+6 
          22050      2.62795e+6 
          22150      2.58139e+6 
          22250      2.53572e+6 
          22350      2.49128e+6 
          22450      2.44776e+6 
          22550      2.40513e+6 
          22650      2.36345e+6 
          22750       2.3227e+6 
          22850      2.28726e+6 
          22950      2.24806e+6 
          23050      2.20917e+6 
          23150      2.17227e+6 
          23250      2.13558e+6 
          23350      2.09963e+6 
          23450      2.06443e+6 
          23550      2.02996e+6 
          23650      1.99626e+6 
          23750      1.96318e+6 
          23850      1.93086e+6 
          23950      1.89914e+6 
          24050      1.86807e+6 
          24150      1.83765e+6 
          24250      1.80785e+6 
          24350      1.77867e+6 
          24450      1.74903e+6 
          24550      1.72187e+6 
          24650      1.69311e+6 
          24750      1.66476e+6 
          24850       1.6412e+6 
          24950      1.61131e+6 
          25050      1.58994e+6 
          25150      1.56505e+6 
          25250      1.53572e+6 
          25350      1.51578e+6 
          25450       1.4933e+6 
          25550      1.46894e+6 
          25650      1.44096e+6 
          25750      1.42502e+6 
          25850      1.40386e+6 
          25950       1.3826e+6 
          26050      1.35841e+6 
          26150      1.32881e+6 
          26250      1.28547e+6 
          26350      1.29841e+6 
          26450      1.28193e+6 
          26550       1.2623e+6 
          26650      1.24229e+6 
          26750      1.21227e+6 
          26850      1.20577e+6 
          26950       1.1903e+6 
          27050      1.17297e+6 
          27150      1.15591e+6 
          27250      1.13923e+6 
          27350       1.1228e+6 
          27450      1.10624e+6 
          27550      1.07643e+6 
          27650      1.06945e+6 
          27750      1.05999e+6 
          27850      1.04501e+6 
          27950      1.03031e+6 
          28050       1.0158e+6 
          28150       1.0016e+6 
          28250          987586 
          28350          973882 
          28450          960392 
          28550          946928 
          28650          930278 
          28750          904903 
          28850          907738 
          28950          896264 
          29050          884122 
          29150          872170 
          29250          860404 
          29350          848822 
          29450          837464 
          29550          826283 
          29650          815276 
          29750          804441 
          29850          793818 
          29950          783360 
          30050          773065 
          30150          762931 
          30250          752707 
          30350          731232 
          30450          726803 
          30550          724071 
          30650          714742 
          30750          705599 
          30850          696559 
          30950          687660 
          31050          678940 
          31150          670317 
          31250          661829 
          31350          653512 
          31450          645287 
          31550          637229 
          31650          629260 
          31750          621453 
          31850          613731 
          31950          606131 
          32100          594996 
          32300          580500 
          32500          566423 
          32700          552786 
          32900          532198 
          33100          525443 
          33300          514665 
          33500          502630 
          33700          490910 
          33900          479496 
          34100          468413 
          34300          457683 
          34500          447233 
          34700          437055 
          34900          427204 
          35100          417610 
          35300          408296 
          35500          399224 
          35700          390418 
          35900          381842 
          36100          373518 
          36300          365382 
          36500          357515 
          36700          349825 
          36900          342335 
          37100          334823 
          37300          325745 
          37500          317645 
          37700          314363 
          37900          307828 
          38100          301257 
          38300          295114 
          38500          289184 
          38700          283285 
          38900          277541 
          39100          271358 
          39300          266481 
          39500          261157 
          39700          255975 
          39900          250907 
          40100          245505 
          40300          240221 
          40500          233284 
          40700          231838 
          40900          227370 
          41100          222999 
          41300          218653 
          41500          214562 
          41700          209129 
          41900          206455 
          42100          202656 
          42300          198872 
          42500          195134 
          42700          191560 
          42900          187899 
          43100          184581 
          43300          181212 
          43500          177915 
          43700          173357 
          43900          171197 
          44100          168476 
          44300          165470 
          44500          162529 
          44700          159720 
          44900          156906 
          45100          154153 
          45300          151462 
          45500          148828 
          45700          146251 
          45900          143730 
          46100          141243 
          46300          138844 
          46500          134180 
          46700          132530 
          46900          131670 
          47100          129690 
          47300          127521 
          47500          125396 
          47700          123313 
          47900          121276 
          48100          119279 
          48300          117325 
          48500          115409 
          48700          113532 
          48900          111693 
          49100          109891 
          49300          108126 
          49500          106396 
          49700          104700 
          49900          103037 
          50100          101409 
          50300         99810.4 
          50500         98244.4 
          50700         96708.7 
          50900         95202.8 
          51100         93626.5 
          51300         91024.1 
          51500         90818.5 
          51700           89466 
          51900         88099.5 
          52100         86759.6 
          52300         85444.5 
          52500         84153.7 
          52700         82886.7 
          52900           81646 
          53100         80426.8 
          53300         79230.3 
          53500         78055.9 
          53700         76902.1 
          53900           75771 
          54100         74660.9 
          54300         73570.1 
          54500         72499.7 
          54700           71448 
          54900         70415.9 
          55100         69400.6 
          55300         68377.2 
          55500         67429.1 
          55700         66468.5 
          55900         65524.8 
          56100         64598.7 
          56300         63687.8 
          56500         62792.8 
          56700         61913.5 
          56900         61049.6 
          57100         60085.4 
          57300         59366.1 
          57500         58548.2 
          57700         57742.4 
          57900         56950.9 
          58100         56173.3 
          58300         55407.3 
          58500         54669.1 
          58700         53928.8 
          58900         53125.5 
          59100         51639.4 
          59300         51749.2 
          59500         50911.3 
          59700         50342.4 
          59900         49744.3 
          60100         49087.3 
          60300         48441.1 
          60500         47805.3 
          60700           47179 
          60900         46563.9 
          61100         45958.8 
          61300         45362.6 
          61500         44777.2 
          61700         44200.4 
          61900         43633.1 
          62100         43075.1 
          62300         42525.2 
          62500         41984.4 
          62700         41436.2 
          62900         40643.7 
          63100         40372.3 
          63300           39906 
          63500         39406.5 
          63700         38914.4 
          63900         38430.3 
          64200         37718.3 
          64600         36794.9 
          65000         35898.5 
          65400           35030 
          65800         34186.9 
          66200         33369.3 
          66600         32575.5 
          67000         31805.9 
          67400         31045.5 
          67800         30162.3 
          68200         29628.1 
          68600         28944.2 
          69000         28279.6 
          69400         27633.9 
          69800         27006.5 
          70200         26397.6 
          70600         25804.6 
          71000         25228.4 
          71400         24668.7 
          71800         24124.2 
          72200         23593.8 
          72600         23078.7 
          73000         22577.6 
          73400         22089.6 
          73800         21614.9 
          74200         21138.2 
          74600         20464.7 
          75000         19943.6 
          75400         19823.3 
          75800         19423.8 
          76200           19020 
          76600           18626 
          77000         18242.4 
          77400         17868.2 
          77800         17496.9 
          78200         17148.4 
          78600         16802.3 
          79000         16464.8 
          79400         16135.6 
          79800         15814.5 
          80200         15501.3 
          80600         15195.9 
          81000         14898.1 
          81400         14591.7 
          81800         14321.5 
          82200         14047.5 
          82600         13777.1 
          83000         13513.4 
          83400         13256.2 
          83800           13005 
          84200         12759.5 
          84600         12519.6 
          85000         12285.8 
          85400         12057.3 
          85800         11834.1 
          86200         11615.6 
          86600         11370.9 
          87000         11193.9 
          87400         10933.3 
          87800         10734.7 
          88200         10596.9 
          88600         10406.9 
          89000         10221.3 
          89400         10039.5 
          89800         9861.54 
          90200         9687.68 
          90600         9517.42 
          91000         9351.13 
          91400         9188.29 
          91800         9029.27 
          92200         8873.54 
          92600         8721.04 
          93000         8571.69 
          93400         8425.88 
          93800          8243.7 
          94200         8134.78 
          94600         8005.94 
          95000         7871.87 
          95400          7740.6 
          95800         7612.06 
          96200         7486.19 
          96600         7362.96 
          97000          7241.9 
          97400         7123.77 
          97800         7007.72 
          98200          6894.1 
          98600         6782.47 
          99000         6673.58 
          99400          6566.6 
          99800         6461.87 
         100200         6359.35 
         200000         396.856 
         400000          24.372 
         600000         4.75778 
         800000         1.49191 
         1.0e+6        0.606685 
         1.2e+6        0.290814 
         1.4e+6        0.156168 
         1.6e+6       0.0911332 
