# Kurucz ODFNEW /NOVER (2003)
# teff = 9250 K (value for the effective temperature for the model. Temperatures are given in K)
# logg = 5 log(cm/s2) (value for Log(G) for the model.)
# meta = 0.2  (value for the Metallicity for the model.)
# lh = 1.25  (l/Hp where l is the  mixing length of the convective element and Hp is the pressure scale height)
# vtur = 2 km/s (Microturbulence velocity)
# alpha = 0  (Alpha)
#
# column 1: WAVELENGTH (ANGSTROM), Wavelength in Angstrom
# column 2: FLUX (ERG/CM2/S/A), Flux in erg/cm2/s/A
            290     2.85714e-23 
            296     1.96732e-22 
            301     7.50914e-22 
            308     4.44622e-21 
            318     4.89967e-20 
            328     4.65204e-19 
            338     3.85752e-18 
            348     2.82314e-17 
            357     1.53596e-16 
            366     7.66727e-16 
            375     3.53409e-15 
            385     1.77028e-14 
            395     8.14692e-14 
            405     3.46722e-13 
            414      1.1995e-12 
            422     3.45137e-12 
            430     9.53233e-12 
            441     3.61851e-11 
            451     1.14687e-10 
            460      3.0968e-10 
            470     8.91053e-10 
            480      2.44809e-9 
            490      6.44017e-9 
            500      1.62657e-8 
            506      2.65174e-8 
            512      4.62907e-8 
            520       9.2732e-8 
            530      2.10158e-7 
            540      4.61274e-7 
            550      9.82299e-7 
            560      2.03273e-6 
            570      4.09428e-6 
            580      7.91154e-6 
            590      1.53993e-5 
            600      2.88313e-5 
            610      5.28079e-5 
            620      9.47282e-5 
            630     0.000166591 
            640     0.000287486 
            650     0.000487278 
            658      0.00073404 
            665      0.00104144 
            675      0.00169362 
            685      0.00271236 
            695      0.00428084 
            705       0.0066627 
            716       0.0106731 
            726        0.016162 
            735       0.0232359 
            745       0.0343942 
            755       0.0503394 
            765       0.0728836 
            775        0.104434 
            785        0.148161 
            795        0.204773 
            805        0.285181 
            815        0.399918 
            825        0.538439 
            835       0.0327941 
            845       0.0422318 
            855       0.0539668 
            865       0.0685059 
            875       0.0859866 
            885        0.108176 
            895        0.134729 
            905        0.165535 
            915         22.1986 
            925         108.564 
            935         151.821 
            945         205.402 
            955         277.446 
            965         348.943 
            975         373.204 
            985         488.159 
            995         554.539 
           1005         702.117 
           1015         830.196 
           1025         838.818 
           1035         1127.81 
           1045         1336.05 
           1055         1558.87 
           1065         1771.34 
           1075         2106.65 
           1085         2448.91 
           1095         2755.69 
           1105         5768.69 
           1115         14790.7 
           1125         19579.4 
           1135         25771.6 
           1145         30198.1 
           1155         32148.5 
           1165         40919.9 
           1175           46505 
           1185         47885.8 
           1195         30625.9 
           1205         32016.3 
           1215         7743.47 
           1225         34431.3 
           1235         66749.1 
           1245          106107 
           1255          214163 
           1265          224921 
           1275          367825 
           1285          832091 
           1295      1.18797e+6 
           1305          759067 
           1315      1.64879e+6 
           1325      2.12773e+6 
           1335      2.32499e+6 
           1345      3.23287e+6 
           1355      2.93931e+6 
           1365      2.95807e+6 
           1375      3.10031e+6 
           1385       2.3041e+6 
           1395      2.58035e+6 
           1405      3.46858e+6 
           1415      4.25344e+6 
           1425      5.04736e+6 
           1435      4.20998e+6 
           1442      5.67459e+6 
           1447      5.87061e+6 
           1455      6.38333e+6 
           1465      6.08532e+6 
           1475      6.48464e+6 
           1485      6.99569e+6 
           1495      8.04523e+6 
           1505      8.40472e+6 
           1512      7.28644e+6 
           1517      8.28799e+6 
           1525      8.90009e+6 
           1535      1.34454e+7 
           1545      2.31875e+7 
           1555       1.4252e+7 
           1565      1.29956e+7 
           1575      2.41562e+7 
           1585      3.56421e+7 
           1595      4.15154e+7 
           1605      4.42814e+7 
           1615      4.36249e+7 
           1625      3.39761e+7 
           1635      4.00754e+7 
           1645      6.40337e+7 
           1655      3.87839e+7 
           1665      6.21241e+7 
           1672       3.6242e+7 
           1677      6.34176e+7 
           1685      7.72188e+7 
           1695      5.27876e+7 
           1705      5.76766e+7 
           1715      6.64189e+7 
           1725      6.58765e+7 
           1735      7.69272e+7 
           1745      7.35315e+7 
           1755      8.65064e+7 
           1765      6.19158e+7 
           1775      8.11673e+7 
           1785      8.13884e+7 
           1795      9.45967e+7 
           1805      8.27561e+7 
           1815      8.35941e+7 
           1825      7.70816e+7 
           1835      7.36045e+7 
           1845      6.40878e+7 
           1855      7.23477e+7 
           1865      7.76751e+7 
           1875      7.83094e+7 
           1885      7.85812e+7 
           1895      8.08583e+7 
           1905      7.38619e+7 
           1915      8.14043e+7 
           1925      8.11829e+7 
           1935      6.85065e+7 
           1945      8.39574e+7 
           1955      8.31934e+7 
           1967      8.88064e+7 
           1976      8.62867e+7 
           1984      8.24616e+7 
           1995      7.98642e+7 
           2005      7.50062e+7 
           2015      7.37078e+7 
           2025      6.96953e+7 
           2035      7.64544e+7 
           2045      8.21854e+7 
           2055      7.77692e+7 
           2065      7.55592e+7 
           2074      8.29002e+7 
           2078      8.57893e+7 
           2085      8.30027e+7 
           2095       7.8966e+7 
           2105      7.38159e+7 
           2115      7.46507e+7 
           2125      7.73235e+7 
           2135      6.27945e+7 
           2145      7.30627e+7 
           2155      7.27472e+7 
           2165      6.71851e+7 
           2175      6.61109e+7 
           2185      6.91322e+7 
           2195      7.36057e+7 
           2205      6.99139e+7 
           2215      6.25829e+7 
           2225      6.21373e+7 
           2235      7.15263e+7 
           2245       6.3199e+7 
           2255      6.01801e+7 
           2265      5.99862e+7 
           2275      6.41913e+7 
           2285      6.74714e+7 
           2295      6.20138e+7 
           2305      6.19973e+7 
           2315      6.00288e+7 
           2325       5.8793e+7 
           2335      5.43623e+7 
           2345       4.7934e+7 
           2355      5.93696e+7 
           2365      4.93709e+7 
           2375      5.37902e+7 
           2385      4.49395e+7 
           2395      5.04924e+7 
           2405       4.8152e+7 
           2415      4.91396e+7 
           2425      5.51677e+7 
           2435      5.23455e+7 
           2445      5.65722e+7 
           2455      5.49771e+7 
           2465      5.52233e+7 
           2475      5.16113e+7 
           2485      5.36071e+7 
           2495      5.07938e+7 
           2505      5.96023e+7 
           2513      5.08568e+7 
           2518      5.15927e+7 
           2525      4.73551e+7 
           2535      4.62418e+7 
           2545      4.43052e+7 
           2555      4.81477e+7 
           2565      4.85872e+7 
           2575        5.462e+7 
           2585      5.53597e+7 
           2595      5.39811e+7 
           2605      5.13357e+7 
           2615      4.96855e+7 
           2625      5.57334e+7 
           2635      5.57615e+7 
           2645      6.41935e+7 
           2655      6.40422e+7 
           2665      5.59719e+7 
           2675      5.98503e+7 
           2685       5.9677e+7 
           2695      5.57805e+7 
           2705       5.7871e+7 
           2715      5.37351e+7 
           2725      5.45844e+7 
           2735      5.94338e+7 
           2745      4.81387e+7 
           2755      4.98085e+7 
           2765      5.18437e+7 
           2775      5.66858e+7 
           2785      5.31466e+7 
           2795      3.33365e+7 
           2805      4.00678e+7 
           2815      5.84618e+7 
           2825      6.06119e+7 
           2835       5.7832e+7 
           2845      5.50617e+7 
           2855      5.19867e+7 
           2865      5.76277e+7 
           2875      5.59514e+7 
           2885      5.68632e+7 
           2895      5.41336e+7 
           2910      6.12378e+7 
           2930      5.81008e+7 
           2950      5.78135e+7 
           2970      5.91986e+7 
           2990      5.93068e+7 
           3010      5.99891e+7 
           3030      5.91875e+7 
           3050       5.8758e+7 
           3070      5.86025e+7 
           3090      5.90695e+7 
           3110      5.74242e+7 
           3130      5.72272e+7 
           3150      5.82265e+7 
           3170      5.77115e+7 
           3190      5.47948e+7 
           3210      5.60116e+7 
           3230      5.41393e+7 
           3250       5.5344e+7 
           3270      5.58916e+7 
           3290      5.61469e+7 
           3310      5.64436e+7 
           3330      5.50949e+7 
           3350      5.42041e+7 
           3370      5.38213e+7 
           3390      5.35192e+7 
           3410      5.39851e+7 
           3430      5.38313e+7 
           3450      5.33039e+7 
           3470      5.26255e+7 
           3490      5.24076e+7 
           3510      5.30138e+7 
           3530      5.26809e+7 
           3550      5.30007e+7 
           3570      5.14035e+7 
           3590      5.09756e+7 
           3610       5.0817e+7 
           3630      5.08533e+7 
           3640      5.03439e+7 
           3650      5.15389e+7 
           3670      5.13563e+7 
           3690      5.01011e+7 
           3710      4.88699e+7 
           3730      4.60538e+7 
           3750      5.14602e+7 
           3770      5.33012e+7 
           3790       6.3989e+7 
           3810      7.46784e+7 
           3830       5.9652e+7 
           3850      8.36493e+7 
           3870      9.65412e+7 
           3890      5.35663e+7 
           3910       9.7947e+7 
           3930      9.99407e+7 
           3950      9.81585e+7 
           3970      5.11735e+7 
           3990      9.44989e+7 
           4010      1.17104e+8 
           4030      1.20312e+8 
           4050      1.18006e+8 
           4070       1.0674e+8 
           4090      7.51337e+7 
           4110      5.71737e+7 
           4130      9.83981e+7 
           4150      1.11106e+8 
           4170       1.1347e+8 
           4190      1.12619e+8 
           4210      1.12313e+8 
           4230      1.09063e+8 
           4250      1.08486e+8 
           4270      1.03447e+8 
           4290      1.02122e+8 
           4310      8.94768e+7 
           4330      6.25026e+7 
           4350      5.33185e+7 
           4370       8.6938e+7 
           4390      9.50752e+7 
           4410      9.63476e+7 
           4430      9.52089e+7 
           4450      9.72429e+7 
           4470      9.63464e+7 
           4490      9.40006e+7 
           4510      9.54599e+7 
           4530      9.31575e+7 
           4550      9.12267e+7 
           4570      9.22482e+7 
           4590      8.99404e+7 
           4610      9.04416e+7 
           4630      8.79625e+7 
           4650      8.80751e+7 
           4670      8.71393e+7 
           4690      8.36488e+7 
           4710      8.02092e+7 
           4730      8.34759e+7 
           4750      8.25073e+7 
           4770       8.0835e+7 
           4790      7.90022e+7 
           4810      7.54823e+7 
           4830      6.83619e+7 
           4850      4.98313e+7 
           4870      4.04592e+7 
           4890      6.29403e+7 
           4910      7.02388e+7 
           4930       7.1265e+7 
           4950      7.23754e+7 
           4970      7.27122e+7 
           4990      7.12061e+7 
           5010      6.93224e+7 
           5030      6.98801e+7 
           5050      6.84561e+7 
           5070      6.89738e+7 
           5090      6.81522e+7 
           5110      6.76183e+7 
           5130      6.65467e+7 
           5150      6.53263e+7 
           5170      6.36055e+7 
           5190      6.31442e+7 
           5210      6.32224e+7 
           5230      6.20567e+7 
           5250      6.25402e+7 
           5270      5.99055e+7 
           5290      6.10366e+7 
           5310      5.99149e+7 
           5330      5.83496e+7 
           5350      5.91053e+7 
           5370      5.82151e+7 
           5390      5.76413e+7 
           5410      5.64436e+7 
           5430      5.64131e+7 
           5450      5.60886e+7 
           5470       5.5469e+7 
           5490      5.49818e+7 
           5510      5.45127e+7 
           5530      5.36965e+7 
           5550      5.34081e+7 
           5570      5.26937e+7 
           5590      5.20666e+7 
           5610      5.17319e+7 
           5630      5.13816e+7 
           5650      5.07825e+7 
           5670      5.01179e+7 
           5690      4.97545e+7 
           5710      4.92598e+7 
           5730       4.8982e+7 
           5750      4.82818e+7 
           5770      4.78786e+7 
           5790      4.73675e+7 
           5810      4.69381e+7 
           5830      4.65169e+7 
           5850      4.60034e+7 
           5870      4.55232e+7 
           5890      4.45967e+7 
           5910      4.46437e+7 
           5930       4.4222e+7 
           5950      4.37156e+7 
           5970      4.33386e+7 
           5990      4.28051e+7 
           6010      4.22787e+7 
           6030      4.20153e+7 
           6050      4.16165e+7 
           6070      4.13069e+7 
           6090      4.08715e+7 
           6110      4.04177e+7 
           6130      3.98666e+7 
           6150      3.90181e+7 
           6170      3.89942e+7 
           6190      3.89609e+7 
           6210      3.85833e+7 
           6230      3.81224e+7 
           6250      3.74111e+7 
           6270      3.75207e+7 
           6290       3.7172e+7 
           6310      3.66708e+7 
           6330       3.6385e+7 
           6350      3.56451e+7 
           6370      3.54374e+7 
           6390      3.52962e+7 
           6410      3.47984e+7 
           6430      3.45404e+7 
           6450      3.37949e+7 
           6470      3.36394e+7 
           6490      3.29146e+7 
           6510      3.20966e+7 
           6530      3.01951e+7 
           6550       2.5149e+7 
           6570      2.03451e+7 
           6590      2.78998e+7 
           6610      3.02266e+7 
           6630      3.08681e+7 
           6650      3.09528e+7 
           6670      3.08216e+7 
           6690      3.06923e+7 
           6710      3.04753e+7 
           6730      3.02013e+7 
           6750      2.98936e+7 
           6770      2.97814e+7 
           6790      2.95196e+7 
           6810      2.92717e+7 
           6830      2.89689e+7 
           6850      2.87349e+7 
           6870      2.85112e+7 
           6890      2.82673e+7 
           6910       2.8014e+7 
           6930      2.77537e+7 
           6950      2.75232e+7 
           6970      2.72748e+7 
           6990      2.70603e+7 
           7010      2.66823e+7 
           7030       2.6536e+7 
           7050      2.63341e+7 
           7070      2.61333e+7 
           7090      2.59141e+7 
           7110       2.5273e+7 
           7130      2.53678e+7 
           7150      2.51715e+7 
           7170      2.49822e+7 
           7190      2.47618e+7 
           7210      2.45819e+7 
           7230      2.43682e+7 
           7250      2.40963e+7 
           7270      2.39889e+7 
           7290      2.37164e+7 
           7310      2.35607e+7 
           7330      2.33643e+7 
           7350      2.32066e+7 
           7370       2.3015e+7 
           7390      2.27823e+7 
           7410      2.25366e+7 
           7430      2.22735e+7 
           7450      2.21629e+7 
           7470      2.18682e+7 
           7490       2.1767e+7 
           7510      2.16626e+7 
           7530      2.15078e+7 
           7550      2.13722e+7 
           7570      2.11871e+7 
           7590      2.10219e+7 
           7610      2.08511e+7 
           7630      2.06779e+7 
           7650      2.04933e+7 
           7670      2.02745e+7 
           7690      2.01328e+7 
           7710      1.99842e+7 
           7730      1.98582e+7 
           7750      1.96812e+7 
           7770      1.90895e+7 
           7790      1.93995e+7 
           7810      1.92373e+7 
           7830      1.90316e+7 
           7850      1.88363e+7 
           7870       1.8647e+7 
           7890      1.84582e+7 
           7910      1.83752e+7 
           7930      1.82515e+7 
           7950       1.8034e+7 
           7970      1.80593e+7 
           7990      1.77058e+7 
           8010      1.77543e+7 
           8030      1.75935e+7 
           8050      1.74824e+7 
           8070      1.73351e+7 
           8090      1.72023e+7 
           8110      1.70929e+7 
           8130      1.69758e+7 
           8150       1.6845e+7 
           8170      1.67186e+7 
           8190         1.64e+7 
           8210      1.63158e+7 
           8230      1.61737e+7 
           8250      1.60976e+7 
           8270      1.61487e+7 
           8290      1.60139e+7 
           8310      1.58943e+7 
           8330      1.56639e+7 
           8350      1.56787e+7 
           8370      1.55909e+7 
           8390      1.54562e+7 
           8410      1.53593e+7 
           8430      1.52187e+7 
           8450      1.48861e+7 
           8470      1.49535e+7 
           8490      1.48575e+7 
           8510      1.44428e+7 
           8530      1.46501e+7 
           8550      1.37087e+7 
           8570      1.45373e+7 
           8590      1.39816e+7 
           8610      1.37998e+7 
           8630      1.43217e+7 
           8650       1.3823e+7 
           8670      1.23129e+7 
           8690      1.37375e+7 
           8710      1.41874e+7 
           8730      1.35743e+7 
           8750      1.14841e+7 
           8770      1.29673e+7 
           8790      1.39796e+7 
           8810      1.40667e+7 
           8830      1.35256e+7 
           8850      1.19922e+7 
           8870      1.05477e+7 
           8890      1.28107e+7 
           8910      1.35994e+7 
           8930      1.38107e+7 
           8950      1.38675e+7 
           8970      1.34256e+7 
           8990      1.24504e+7 
           9010      1.00461e+7 
           9030      1.08116e+7 
           9050      1.25172e+7 
           9070      1.28953e+7 
           9090      1.29517e+7 
           9110      1.32848e+7 
           9130      1.33035e+7 
           9150      1.31824e+7 
           9170      1.28378e+7 
           9190      1.22137e+7 
           9210      1.09909e+7 
           9230      8.74908e+6 
           9250      1.05332e+7 
           9270      1.15571e+7 
           9290      1.22918e+7 
           9310      1.24807e+7 
           9330      1.25043e+7 
           9350      1.25017e+7 
           9370      1.24527e+7 
           9390      1.22869e+7 
           9410      1.18799e+7 
           9430      1.20651e+7 
           9450      1.19563e+7 
           9470      1.17731e+7 
           9490      1.14445e+7 
           9510      1.08466e+7 
           9530      9.63509e+6 
           9550      7.86484e+6 
           9570      9.73282e+6 
           9590      1.06578e+7 
           9610      1.09639e+7 
           9630      1.09683e+7 
           9650      1.11685e+7 
           9670       1.1049e+7 
           9690      1.10524e+7 
           9710      1.11128e+7 
           9730      1.10341e+7 
           9750      1.09318e+7 
           9770      1.09096e+7 
           9790      1.08344e+7 
           9810      1.07566e+7 
           9830      1.06556e+7 
           9850      1.05444e+7 
           9870      1.04623e+7 
           9890      1.03049e+7 
           9910      1.02813e+7 
           9930      1.01964e+7 
           9950      1.00832e+7 
           9970      9.93738e+6 
           9990      9.68058e+6 
          10025      8.45593e+6 
          10075      8.01109e+6 
          10125      9.26576e+6 
          10175      9.40817e+6 
          10225      9.34485e+6 
          10275      9.21523e+6 
          10325      9.06506e+6 
          10375      8.92645e+6 
          10425      8.78106e+6 
          10475      8.55701e+6 
          10525      8.45345e+6 
          10575      8.33328e+6 
          10625      8.20764e+6 
          10675      7.91275e+6 
          10725      7.87517e+6 
          10775      7.74968e+6 
          10825      7.55898e+6 
          10875      7.19912e+6 
          10925      5.88062e+6 
          10975      6.44706e+6 
          11025      7.02904e+6 
          11075      7.07752e+6 
          11125      7.00004e+6 
          11175      6.91371e+6 
          11225      6.82744e+6 
          11275      6.61055e+6 
          11325      6.52382e+6 
          11375      6.49629e+6 
          11425      6.37837e+6 
          11475      6.33435e+6 
          11525      6.24717e+6 
          11575      6.15001e+6 
          11625      5.99798e+6 
          11675      5.87126e+6 
          11725      5.88542e+6 
          11775      5.68773e+6 
          11825      5.66371e+6 
          11875        5.552e+6 
          11925      5.55588e+6 
          11975      5.42735e+6 
          12025      5.37554e+6 
          12075      5.28564e+6 
          12125       5.2142e+6 
          12175      5.15825e+6 
          12225      5.07858e+6 
          12275      4.99604e+6 
          12325      4.93029e+6 
          12375      4.86937e+6 
          12425      4.81293e+6 
          12475      4.72674e+6 
          12525      4.66194e+6 
          12575       4.5599e+6 
          12625      4.50447e+6 
          12675      4.43852e+6 
          12725      4.31414e+6 
          12775      4.01128e+6 
          12825      3.38112e+6 
          12875       3.9608e+6 
          12925      4.09709e+6 
          12975      4.09534e+6 
          13025      4.06151e+6 
          13075      4.01751e+6 
          13125      3.96574e+6 
          13175      3.90249e+6 
          13225      3.86981e+6 
          13275      3.81784e+6 
          13325       3.7693e+6 
          13375      3.71906e+6 
          13425      3.66987e+6 
          13475      3.62153e+6 
          13525      3.56535e+6 
          13575      3.51992e+6 
          13625      3.48114e+6 
          13675      3.43237e+6 
          13725       3.3682e+6 
          13775       3.3434e+6 
          13825      3.30231e+6 
          13875      3.26818e+6 
          13925      3.21464e+6 
          13975      3.18087e+6 
          14025      3.14253e+6 
          14075      3.10541e+6 
          14125      3.06269e+6 
          14175      3.02631e+6 
          14225      2.98683e+6 
          14275      2.94838e+6 
          14325      2.91443e+6 
          14375      2.88107e+6 
          14425      2.79975e+6 
          14475      2.80813e+6 
          14525      2.75187e+6 
          14570      2.74253e+6 
          14620      2.70301e+6 
          14675      2.67543e+6 
          14725       2.6401e+6 
          14775      2.59879e+6 
          14825      2.57546e+6 
          14875        2.534e+6 
          14925      2.52567e+6 
          14975      2.49052e+6 
          15025      2.45445e+6 
          15075      2.42643e+6 
          15125      2.40827e+6 
          15175      2.38048e+6 
          15225      2.35187e+6 
          15275      2.32504e+6 
          15325      2.29722e+6 
          15375      2.27114e+6 
          15425      2.23459e+6 
          15475      2.21499e+6 
          15525      2.18996e+6 
          15575      2.15651e+6 
          15625      2.14705e+6 
          15675      2.10409e+6 
          15725      2.07092e+6 
          15775      2.06584e+6 
          15825      2.04483e+6 
          15875      1.95962e+6 
          15925      1.98284e+6 
          15975      1.99037e+6 
          16050      1.92662e+6 
          16150      1.84723e+6 
          16250      1.88862e+6 
          16350      1.78442e+6 
          16450      1.69025e+6 
          16550      1.77621e+6 
          16650      1.74298e+6 
          16750      1.61467e+6 
          16850      1.51741e+6 
          16950      1.62951e+6 
          17050      1.60851e+6 
          17150       1.5761e+6 
          17250      1.50635e+6 
          17350      1.31558e+6 
          17450      1.41164e+6 
          17550      1.43731e+6 
          17650      1.41575e+6 
          17750      1.39207e+6 
          17850      1.36126e+6 
          17950      1.33316e+6 
          18050      1.27911e+6 
          18150      1.12173e+6 
          18250      1.18042e+6 
          18350      1.21816e+6 
          18450      1.20223e+6 
          18550      1.17233e+6 
          18650      1.12719e+6 
          18750          979054 
          18850      1.07424e+6 
          18950      1.08035e+6 
          19050      1.07018e+6 
          19150      1.04896e+6 
          19250      1.02325e+6 
          19350          976681 
          19450          854422 
          19550          939797 
          19650          948462 
          19750          934303 
          19850          920668 
          19950          904126 
          20050          887642 
          20150          871561 
          20250          854889 
          20350          838712 
          20450          824503 
          20550          809424 
          20650          793537 
          20750          779747 
          20850          766115 
          20950          752193 
          21050          738618 
          21150          723742 
          21250          710264 
          21350          696593 
          21450          682359 
          21550          655452 
          21650          576496 
          21750          624269 
          21850          634768 
          21950          628911 
          22050          618795 
          22150          608606 
          22250          599921 
          22350          589791 
          22450          579974 
          22550          569173 
          22650          560619 
          22750          551407 
          22850          542269 
          22950          533191 
          23050          525143 
          23150          516510 
          23250          508488 
          23350          500238 
          23450          492377 
          23550          484604 
          23650          476999 
          23750          469323 
          23850          461912 
          23950          454806 
          24050          447527 
          24150          440650 
          24250          433923 
          24350          427075 
          24450          420583 
          24550          413882 
          24650          407617 
          24750          401353 
          24850          394774 
          24950          388354 
          25050          383668 
          25150          377633 
          25250          370671 
          25350          366252 
          25450          361454 
          25550          354556 
          25650          346809 
          25750          344286 
          25850          339941 
          25950          334680 
          26050          325082 
          26150          311070 
          26250          282576 
          26350          304380 
          26450          309756 
          26550          306844 
          26650          299597 
          26750          287448 
          26850          291576 
          26950          291403 
          27050          288259 
          27150          284698 
          27250          280639 
          27350          275916 
          27450          269024 
          27550          253043 
          27650          254833 
          27750          259555 
          27850          258083 
          27950          255295 
          28050          252079 
          28150          248728 
          28250          245318 
          28350          241818 
          28450          237682 
          28550          232692 
          28650          222456 
          28750          210109 
          28850          220559 
          28950          221497 
          29050          219975 
          29150          217213 
          29250          215053 
          29350          212418 
          29450          209648 
          29550          206981 
          29650          204305 
          29750          201653 
          29850          199036 
          29950          196079 
          30050          193141 
          30150          189798 
          30250          184717 
          30350          171236 
          30450          172266 
          30550          178539 
          30650          178451 
          30750          176898 
          30850          174811 
          30950          173097 
          31050          170940 
          31150          168626 
          31250          166715 
          31350          164706 
          31450          162647 
          31550          160834 
          31650          158955 
          31750          156879 
          31850          155137 
          31950          153253 
          32100          150493 
          32300          146974 
          32500          143273 
          32700          138841 
          32900          126874 
          33100          129034 
          33300          129619 
          33500          127173 
          33700          124182 
          33900          121505 
          34100          118833 
          34300          116286 
          34500          113818 
          34700          111296 
          34900          108883 
          35100          106514 
          35300          104204 
          35500          101963 
          35700         99750.6 
          35900         97633.8 
          36100         95540.3 
          36300         93544.1 
          36500         91540.5 
          36700         89591.7 
          36900         87488.8 
          37100         85398.5 
          37300         80363.9 
          37500         77984.7 
          37700         80247.4 
          37900         79061.7 
          38100         77343.7 
          38300         75883.2 
          38500         74573.2 
          38700         73034.7 
          38900         71429.2 
          39100         69731.9 
          39300         68806.9 
          39500         67575.9 
          39700         66301.5 
          39900         64810.3 
          40100         63029.2 
          40300         61407.7 
          40500           57245 
          40700         59437.9 
          40900         58954.8 
          41100         58001.1 
          41300         56881.9 
          41500         55486.2 
          41700         53373.7 
          41900         53382.6 
          42100         52759.7 
          42300         51969.3 
          42500         51105.9 
          42700         50188.2 
          42900         49283.2 
          43100         48372.6 
          43300         47388.3 
          43500         46276.6 
          43700         44074.6 
          43900         44000.4 
          44100         43991.6 
          44300           43409 
          44500         42711.5 
          44700         42024.7 
          44900         41228.9 
          45100         40532.5 
          45300         39832.1 
          45500         39151.5 
          45700         38459.6 
          45900         37767.5 
          46100         37048.8 
          46300         36056.3 
          46500         33300.6 
          46700         33257.9 
          46900           34047 
          47100           34020 
          47300         33594.8 
          47500         33077.1 
          47700         32563.5 
          47900         32057.3 
          48100         31545.4 
          48300         31040.9 
          48500         30548.4 
          48700         30062.9 
          48900         29585.9 
          49100         29112.5 
          49300         28658.2 
          49500         28208.8 
          49700         27767.1 
          49900         27331.7 
          50100         26905.3 
          50300         26481.8 
          50500         26067.1 
          50700         25640.6 
          50900         25160.3 
          51100         24408.3 
          51300         23005.8 
          51500         23770.6 
          51700         23688.6 
          51900         23404.2 
          52100         23077.8 
          52300         22741.9 
          52500         22400.8 
          52700         22068.3 
          52900         21756.4 
          53100         21444.5 
          53300         21131.3 
          53500           20817 
          53700         20493.7 
          53900           20198 
          54100         19929.2 
          54300         19648.5 
          54500         19371.4 
          54700         19091.5 
          54900         18812.7 
          55100           18520 
          55300           18236 
          55500         18016.7 
          55700         17779.5 
          55900         17553.6 
          56100         17322.2 
          56300         17086.4 
          56500         16839.4 
          56700         16577.8 
          56900         16317.2 
          57100         16030.9 
          57300         15864.2 
          57500         15686.8 
          57700         15493.3 
          57900         15302.2 
          58100         15095.5 
          58300         14861.3 
          58500         14648.7 
          58700         14398.1 
          58900         13970.4 
          59100         13155.5 
          59300         13649.7 
          59500         13512.4 
          59700         13416.7 
          59900         13331.4 
          60100         13188.6 
          60300         13030.8 
          60500         12868.7 
          60700         12705.3 
          60900         12542.7 
          61100           12380 
          61300         12228.2 
          61500         12072.1 
          61700         11918.7 
          61900         11766.1 
          62100         11615.2 
          62300         11458.3 
          62500         11295.4 
          62700         11084.5 
          62900         10782.7 
          63100         10784.5 
          63300         10735.2 
          63500         10629.4 
          63700         10509.9 
          63900         10385.1 
          64200         10201.5 
          64600          9969.9 
          65000         9729.87 
          65400         9501.12 
          65800         9273.71 
          66200         9053.66 
          66600         8831.43 
          67000         8610.48 
          67400         8343.55 
          67800         8005.35 
          68200         8007.21 
          68600         7851.18 
          69000         7687.07 
          69400         7514.39 
          69800         7347.56 
          70200         7184.48 
          70600         7026.06 
          71000         6872.75 
          71400         6721.18 
          71800         6574.81 
          72200         6427.87 
          72600         6283.83 
          73000         6150.75 
          73400         6015.16 
          73800         5878.75 
          74200         5716.11 
          74600         5356.51 
          75000         5202.42 
          75400         5324.29 
          75800         5279.85 
          76200         5184.41 
          76600         5081.99 
          77000         4979.77 
          77400         4876.11 
          77800         4770.27 
          78200         4682.97 
          78600         4597.19 
          79000         4511.52 
          79400         4422.19 
          79800          4335.2 
          80200         4250.48 
          80600         4166.47 
          81000         4077.07 
          81400         3984.85 
          81800         3913.21 
          82200         3849.79 
          82600         3783.66 
          83000          3711.9 
          83400         3641.06 
          83800         3572.37 
          84200         3506.31 
          84600         3442.18 
          85000         3378.88 
          85400         3316.42 
          85800         3250.67 
          86200         3182.39 
          86600         3100.72 
          87000         3055.79 
          87400         2937.34 
          87800         2885.57 
          88200         2905.07 
          88600         2862.29 
          89000         2816.55 
          89400         2767.46 
          89800         2718.66 
          90200         2671.77 
          90600         2625.29 
          91000          2579.6 
          91400          2535.2 
          91800         2492.06 
          92200         2449.25 
          92600         2404.02 
          93000         2361.08 
          93400         2315.38 
          93800         2245.92 
          94200         2225.66 
          94600         2204.52 
          95000         2170.84 
          95400         2137.65 
          95800         2105.01 
          96200          2070.2 
          96600         2036.82 
          97000         2003.72 
          97400         1971.14 
          97800         1939.57 
          98200         1908.02 
          98600         1877.22 
          99000         1848.09 
          99400         1818.68 
          99800         1789.95 
         100200         1761.77 
         200000          112.36 
         400000         6.96832 
         600000          1.3625 
         800000        0.427264 
         1.0e+6        0.173676 
         1.2e+6       0.0832101 
         1.4e+6       0.0446617 
         1.6e+6       0.0260503 
