# Kurucz ODFNEW /NOVER (2003)
# teff = 5000 K (value for the effective temperature for the model. Temperatures are given in K)
# logg = 5 log(cm/s2) (value for Log(G) for the model.)
# meta = -1  (value for the Metallicity for the model.)
# lh = 1.25  (l/Hp where l is the  mixing length of the convective element and Hp is the pressure scale height)
# vtur = 2 km/s (Microturbulence velocity)
# alpha = 0.4  (Alpha)
#
# column 1: WAVELENGTH (ANGSTROM), Wavelength in Angstrom
# column 2: FLUX (ERG/CM2/S/A), Flux in erg/cm2/s/A
          147.2    2.10325e-110 
            151    2.45904e-107 
          155.2    4.02113e-104 
          158.8    1.66393e-101 
            162     2.80638e-99 
            166     1.28649e-96 
          170.3     6.74037e-94 
          173.4     5.05713e-92 
          176.8     4.82822e-90 
          180.2     3.87031e-88 
          181.7     2.53892e-87 
          186.1     5.29591e-85 
            191     1.50863e-82 
          193.9     3.72379e-81 
          198.4      4.4638e-79 
          201.8     1.44038e-77 
            205     3.40782e-76 
          210.5     6.20482e-74 
          216.2     1.02705e-71 
          219.8     2.25194e-70 
            223     3.21041e-69 
          226.8     6.82765e-68 
            230     8.28093e-67 
            234      1.6952e-65 
            240     1.29501e-63 
          246.5     1.11365e-61 
          252.4     5.18261e-60 
          256.8     8.07715e-59 
            260     5.60692e-58 
            264     5.90478e-57 
          268.5     7.64618e-56 
          273.5     1.18888e-54 
          278.5     1.67308e-53 
            284      2.7442e-52 
            290     5.12325e-51 
            296     8.45208e-50 
            301     8.01685e-49 
            308     1.64732e-47 
            318      9.7416e-46 
            328     4.45734e-44 
            338     1.61288e-42 
            348     4.71783e-41 
            357     8.32004e-40 
            366     1.26963e-38 
            375     1.68989e-37 
            385     2.58837e-36 
            395     3.43179e-35 
            405     3.98468e-34 
            414     3.25942e-33 
            422     1.95066e-32 
            430     1.08911e-31 
            441     1.04197e-30 
            451      7.3423e-30 
            460     3.94533e-29 
            470     2.36185e-28 
            480     1.30685e-27 
            490     6.72323e-27 
            500     3.22556e-26 
            506     1.06813e-25 
            512     2.90569e-25 
            520     9.14168e-25 
            530     3.66148e-24 
            540     1.36894e-23 
            550     4.91965e-23 
            560     1.67534e-22 
            570     5.45034e-22 
            580     1.67994e-21 
            590     5.07659e-21 
            600     1.45983e-20 
            610     4.04541e-20 
            620     1.08217e-19 
            630      2.7997e-19 
            640     7.02008e-19 
            650     1.70763e-18 
            658      3.4052e-18 
            665     6.13697e-18 
            675     1.39199e-17 
            685     3.07726e-17 
            695      6.6361e-17 
            705     1.39648e-16 
            716     3.09008e-16 
            726       6.214e-16 
            735     1.14513e-15 
            745     2.21677e-15 
            755     4.21072e-15 
            765      7.8542e-15 
            775     1.43918e-14 
            785     2.59384e-14 
            795     4.58578e-14 
            805     8.02089e-14 
            815     1.38027e-13 
            825     2.34005e-13 
            835     3.91283e-13 
            845     6.45535e-13 
            855     1.05141e-12 
            865     1.69105e-12 
            875     2.68613e-12 
            885     4.22172e-12 
            895     6.55799e-12 
            905     1.00766e-11 
            915      4.66083e-8 
            925      2.45532e-7 
            935      3.70315e-7 
            945      4.92898e-7 
            955      7.49968e-7 
            965      1.22142e-6 
            975      1.35533e-6 
            985      2.39455e-6 
            995      3.51255e-6 
           1005      4.42814e-6 
           1015      5.65227e-6 
           1025      6.91658e-6 
           1035      1.25751e-5 
           1045      1.75375e-5 
           1055       2.0437e-5 
           1065      3.37295e-5 
           1075      4.38172e-5 
           1085      6.56542e-5 
           1095      8.08302e-5 
           1105     0.000104862 
           1115     0.000135183 
           1125     0.000199514 
           1135     0.000285381 
           1145     0.000382469 
           1155     0.000484854 
           1165     0.000600863 
           1175     0.000801825 
           1185     0.000962679 
           1195      0.00102493 
           1205     0.000972345 
           1215     0.000600302 
           1225       0.0014541 
           1235      0.00278788 
           1245      0.00397139 
           1255      0.00498016 
           1265      0.00631498 
           1275       0.0077062 
           1285      0.00944661 
           1295       0.0112368 
           1305       0.0139195 
           1315       0.0170238 
           1325       0.0199239 
           1335       0.0231505 
           1345       0.0279159 
           1355       0.0342048 
           1365       0.0396681 
           1375        0.046432 
           1385       0.0534763 
           1395       0.0625816 
           1405       0.0765224 
           1415       0.0904915 
           1425        0.105847 
           1435        0.126129 
           1442        0.148991 
           1447        0.149871 
           1455        0.174454 
           1465        0.209128 
           1475        0.229003 
           1485          0.2698 
           1495        0.336541 
           1505        0.399661 
           1512         0.38806 
           1517        0.468585 
           1525        0.699151 
           1535         2.52829 
           1545         2.53339 
           1555         3.96169 
           1565         3.99967 
           1575         6.44774 
           1585         7.61309 
           1595         8.69194 
           1605         9.98455 
           1615         12.0287 
           1625         13.3834 
           1635         17.4129 
           1645         25.0413 
           1655         20.4428 
           1665         30.5966 
           1672         25.3872 
           1677         34.5407 
           1685         53.5234 
           1695         74.0903 
           1705         93.0126 
           1715         92.0938 
           1725         120.553 
           1735         137.853 
           1745         180.903 
           1755         220.605 
           1765         218.765 
           1775         235.858 
           1785         324.028 
           1795         338.645 
           1805         397.841 
           1815         393.721 
           1825         454.207 
           1835         523.168 
           1845         423.751 
           1855         543.106 
           1865         690.796 
           1875         735.301 
           1885         818.606 
           1895         1028.96 
           1905         1001.89 
           1915         1262.13 
           1925         1320.72 
           1935         1098.73 
           1945         1577.11 
           1955         1792.07 
           1967         2211.15 
           1976         2186.91 
           1984         2282.05 
           1995         2534.58 
           2005         2601.76 
           2015          3050.6 
           2025         2221.81 
           2035         3428.13 
           2045         4040.13 
           2055         4219.29 
           2065         4363.61 
           2074         4450.89 
           2078         5523.45 
           2085         5402.46 
           2095         7514.37 
           2105         10896.3 
           2115           14505 
           2125         9831.99 
           2135         15878.4 
           2145         19006.7 
           2155         17786.7 
           2165         13766.4 
           2175         14285.2 
           2185         20269.4 
           2195         23667.8 
           2205           21350 
           2215         13954.3 
           2225         24900.6 
           2235         43361.5 
           2245         44471.8 
           2255         30818.3 
           2265         19929.8 
           2275         21477.2 
           2285         37244.2 
           2295           31058 
           2305         30089.3 
           2315         43035.6 
           2325         36996.8 
           2335         45844.8 
           2345         30423.2 
           2355         42069.1 
           2365           31400 
           2375         37024.9 
           2385           29455 
           2395         35831.2 
           2405         42919.2 
           2415         37022.3 
           2425         68547.2 
           2435         66994.2 
           2445         94226.1 
           2455           98248 
           2465         69465.4 
           2475         62361.6 
           2485         23132.5 
           2495         34280.1 
           2505         46137.9 
           2513         27023.6 
           2518         20401.8 
           2525         22488.1 
           2535         34438.5 
           2545         43010.5 
           2555         97246.4 
           2565           94829 
           2575          176319 
           2585          183352 
           2595          161410 
           2605          138783 
           2615          126562 
           2625          187260 
           2635          365334 
           2645          435009 
           2655          673824 
           2665          453191 
           2675          435768 
           2685          564998 
           2695          342961 
           2705          469312 
           2715          295420 
           2725          172946 
           2735          245849 
           2745          184379 
           2755          246194 
           2765          312664 
           2775          231195 
           2785          115736 
           2795         65305.3 
           2805         77509.9 
           2815          160414 
           2825          175085 
           2835          119883 
           2845         79948.9 
           2855         51404.4 
           2865          101560 
           2875          158333 
           2885          226022 
           2895          412288 
           2910          664474 
           2930          709585 
           2950          645537 
           2970          613169 
           2990          640686 
           3010          602968 
           3030          744809 
           3050          795252 
           3070          821379 
           3090          639186 
           3110          934881 
           3130          843526 
           3150          877725 
           3170      1.04435e+6 
           3190          942703 
           3210       1.0172e+6 
           3230          915671 
           3250      1.39482e+6 
           3270      1.74038e+6 
           3290      1.75283e+6 
           3310       1.5362e+6 
           3330      1.49134e+6 
           3350      1.42383e+6 
           3370          909904 
           3390      1.20728e+6 
           3410      1.30506e+6 
           3430      1.56063e+6 
           3450      1.42656e+6 
           3470      1.56628e+6 
           3490      1.85289e+6 
           3510      2.05016e+6 
           3530      1.87456e+6 
           3550       2.3494e+6 
           3570      1.55697e+6 
           3590      1.50641e+6 
           3610      1.82943e+6 
           3630      1.89312e+6 
           3640      1.90173e+6 
           3650      2.17798e+6 
           3670       2.4872e+6 
           3690      2.20812e+6 
           3710      2.16229e+6 
           3730      1.22778e+6 
           3750      1.46338e+6 
           3770      2.21059e+6 
           3790      2.34549e+6 
           3810      2.24082e+6 
           3830          948289 
           3850      1.84332e+6 
           3870      1.88489e+6 
           3890      1.96569e+6 
           3910      2.03738e+6 
           3930          914352 
           3950      1.77076e+6 
           3970      1.18445e+6 
           3990      2.77387e+6 
           4010      3.18672e+6 
           4030      3.07769e+6 
           4050      3.00557e+6 
           4070       2.8426e+6 
           4090      3.36505e+6 
           4110      3.09286e+6 
           4130      3.16435e+6 
           4150      2.96746e+6 
           4170      3.14553e+6 
           4190       3.0409e+6 
           4210      2.98976e+6 
           4230      2.58446e+6 
           4250      2.94668e+6 
           4270      2.73834e+6 
           4290       2.5311e+6 
           4310      2.22962e+6 
           4330      3.26699e+6 
           4350      3.29376e+6 
           4370      3.43767e+6 
           4390      3.11007e+6 
           4410      3.32775e+6 
           4430      3.59704e+6 
           4450       3.5195e+6 
           4470      3.77995e+6 
           4490      3.89154e+6 
           4510      4.14678e+6 
           4530      3.75336e+6 
           4550       3.9843e+6 
           4570      4.11166e+6 
           4590      4.02459e+6 
           4610      4.09823e+6 
           4630      4.13215e+6 
           4650      4.06775e+6 
           4670       4.2325e+6 
           4690      4.18124e+6 
           4710      4.04765e+6 
           4730      4.15359e+6 
           4750      4.14056e+6 
           4770      4.08455e+6 
           4790      4.12276e+6 
           4810      4.23412e+6 
           4830      4.20348e+6 
           4850       4.1596e+6 
           4870      3.86548e+6 
           4890       4.0693e+6 
           4910      4.10435e+6 
           4930      3.95161e+6 
           4950      4.01045e+6 
           4970      4.08546e+6 
           4990      3.82507e+6 
           5010       3.6319e+6 
           5030      3.81198e+6 
           5050      3.70532e+6 
           5070      3.75895e+6 
           5090      3.66622e+6 
           5110      3.64782e+6 
           5130      3.57448e+6 
           5150      3.39223e+6 
           5170      2.73912e+6 
           5190      2.93413e+6 
           5210      3.52496e+6 
           5230      3.96261e+6 
           5250      4.13791e+6 
           5270      3.66422e+6 
           5290      4.09953e+6 
           5310      4.24828e+6 
           5330      3.89421e+6 
           5350      4.11958e+6 
           5370      4.08516e+6 
           5390      4.05827e+6 
           5410      3.97812e+6 
           5430      4.01825e+6 
           5450      4.05096e+6 
           5470      4.09656e+6 
           5490      4.12026e+6 
           5510      4.05789e+6 
           5530      4.12826e+6 
           5550      4.19665e+6 
           5570      4.07403e+6 
           5590      3.94185e+6 
           5610      4.05074e+6 
           5630      4.16226e+6 
           5650      4.17285e+6 
           5670      4.09893e+6 
           5690       4.1358e+6 
           5710      4.04355e+6 
           5730      4.18428e+6 
           5750       4.1387e+6 
           5770      4.14672e+6 
           5790       4.0952e+6 
           5810      4.13022e+6 
           5830      4.15158e+6 
           5850      4.07525e+6 
           5870      4.07661e+6 
           5890      3.64099e+6 
           5910      4.05537e+6 
           5930      4.06031e+6 
           5950      4.05647e+6 
           5970      4.05703e+6 
           5990      4.04941e+6 
           6010       4.0104e+6 
           6030       4.0111e+6 
           6050      4.04709e+6 
           6070      4.00953e+6 
           6090      3.98679e+6 
           6110      3.94943e+6 
           6130      3.81623e+6 
           6150      3.92402e+6 
           6170      3.70407e+6 
           6190       3.9246e+6 
           6210      3.92837e+6 
           6230      3.86631e+6 
           6250      3.80476e+6 
           6270      3.87492e+6 
           6290      3.89583e+6 
           6310      3.82718e+6 
           6330      3.82898e+6 
           6350      3.85741e+6 
           6370      3.85049e+6 
           6390      3.83519e+6 
           6410       3.7759e+6 
           6430      3.78544e+6 
           6450       3.7112e+6 
           6470      3.70818e+6 
           6490      3.68607e+6 
           6510      3.76151e+6 
           6530      3.78736e+6 
           6550      3.71711e+6 
           6570      3.50434e+6 
           6590      3.71723e+6 
           6610      3.74081e+6 
           6630      3.73311e+6 
           6650      3.71844e+6 
           6670      3.67915e+6 
           6690      3.70853e+6 
           6710      3.66085e+6 
           6730      3.68629e+6 
           6750      3.65373e+6 
           6770      3.65428e+6 
           6790      3.64529e+6 
           6810      3.62675e+6 
           6830      3.63284e+6 
           6850      3.59712e+6 
           6870      3.59289e+6 
           6890      3.59389e+6 
           6910      3.57951e+6 
           6930      3.56743e+6 
           6950      3.55067e+6 
           6970      3.55064e+6 
           6990      3.53073e+6 
           7010      3.50295e+6 
           7030      3.50934e+6 
           7050      3.50379e+6 
           7070      3.48459e+6 
           7090      3.47568e+6 
           7110      3.47463e+6 
           7130      3.43798e+6 
           7150      3.39047e+6 
           7170      3.42222e+6 
           7190      3.37056e+6 
           7210      3.36008e+6 
           7230      3.39564e+6 
           7250      3.37535e+6 
           7270      3.37805e+6 
           7290      3.34146e+6 
           7310       3.3526e+6 
           7330       3.3121e+6 
           7350      3.32367e+6 
           7370      3.32861e+6 
           7390      3.29186e+6 
           7410      3.25552e+6 
           7430      3.27091e+6 
           7450      3.26287e+6 
           7470      3.26919e+6 
           7490      3.24457e+6 
           7510      3.23613e+6 
           7530      3.23929e+6 
           7550      3.23319e+6 
           7570      3.21534e+6 
           7590      3.19933e+6 
           7610      3.19125e+6 
           7630      3.18904e+6 
           7650      3.16936e+6 
           7670      3.10662e+6 
           7690      3.15017e+6 
           7710      3.12124e+6 
           7730      3.12888e+6 
           7750      3.09456e+6 
           7770      3.12183e+6 
           7790      3.10545e+6 
           7810      3.09667e+6 
           7830      3.07036e+6 
           7850      3.06623e+6 
           7870      3.07122e+6 
           7890      3.05876e+6 
           7910      3.03964e+6 
           7930      3.00138e+6 
           7950      2.99113e+6 
           7970      3.01622e+6 
           7990      3.00386e+6 
           8010      2.97948e+6 
           8030       2.9778e+6 
           8050      2.95163e+6 
           8070      2.96126e+6 
           8090      2.93518e+6 
           8110      2.93739e+6 
           8130      2.93606e+6 
           8150      2.92417e+6 
           8170      2.91286e+6 
           8190       2.8435e+6 
           8210      2.85827e+6 
           8230      2.85002e+6 
           8250      2.86566e+6 
           8270      2.86586e+6 
           8290      2.85293e+6 
           8310      2.82683e+6 
           8330      2.78884e+6 
           8350      2.80878e+6 
           8370      2.80258e+6 
           8390      2.73052e+6 
           8410      2.78381e+6 
           8430      2.73367e+6 
           8450      2.76543e+6 
           8470      2.73564e+6 
           8490      2.69365e+6 
           8510      2.59486e+6 
           8530       2.6612e+6 
           8550      2.31688e+6 
           8570      2.70433e+6 
           8590      2.68997e+6 
           8610      2.67774e+6 
           8630      2.67738e+6 
           8650      2.63928e+6 
           8670      2.32251e+6 
           8690      2.58691e+6 
           8710      2.63796e+6 
           8730      2.62015e+6 
           8750      2.60907e+6 
           8770      2.61741e+6 
           8790      2.60357e+6 
           8810      2.51531e+6 
           8830       2.5622e+6 
           8850      2.57348e+6 
           8870      2.55174e+6 
           8890      2.56911e+6 
           8910      2.56096e+6 
           8930       2.5401e+6 
           8950      2.52852e+6 
           8970      2.52751e+6 
           8990      2.52234e+6 
           9010      2.46285e+6 
           9030      2.49907e+6 
           9050      2.50092e+6 
           9070      2.48839e+6 
           9090      2.44882e+6 
           9110      2.45465e+6 
           9130      2.45765e+6 
           9150      2.45132e+6 
           9170       2.4414e+6 
           9190      2.43703e+6 
           9210      2.41296e+6 
           9230      2.40353e+6 
           9250      2.37611e+6 
           9270      2.39506e+6 
           9290      2.38782e+6 
           9310      2.38579e+6 
           9330      2.37578e+6 
           9350      2.36533e+6 
           9370      2.35065e+6 
           9390      2.35142e+6 
           9410      2.29595e+6 
           9430      2.32693e+6 
           9450      2.30904e+6 
           9470      2.31916e+6 
           9490      2.31262e+6 
           9510      2.30215e+6 
           9530      2.29279e+6 
           9550      2.26849e+6 
           9570      2.27362e+6 
           9590      2.27288e+6 
           9610      2.25616e+6 
           9630      2.25229e+6 
           9650      2.21946e+6 
           9670        2.221e+6 
           9690      2.22793e+6 
           9710      2.21297e+6 
           9730      2.20344e+6 
           9750       2.1933e+6 
           9770      2.19369e+6 
           9790      2.17121e+6 
           9810      2.18636e+6 
           9830      2.17518e+6 
           9850      2.17276e+6 
           9870      2.16068e+6 
           9890       2.1531e+6 
           9910      2.14595e+6 
           9930      2.14305e+6 
           9950      2.13558e+6 
           9970      2.12903e+6 
           9990      2.11935e+6 
          10025      2.10622e+6 
          10075      2.08337e+6 
          10125      2.07111e+6 
          10175      2.04855e+6 
          10225      2.03346e+6 
          10275        2.019e+6 
          10325      1.99165e+6 
          10375      1.97554e+6 
          10425      1.96898e+6 
          10475      1.94607e+6 
          10525      1.93606e+6 
          10575      1.90816e+6 
          10625      1.89278e+6 
          10675      1.87013e+6 
          10725      1.86587e+6 
          10775       1.8386e+6 
          10825      1.80349e+6 
          10875      1.80408e+6 
          10925      1.80042e+6 
          10975      1.77076e+6 
          11025      1.77144e+6 
          11075      1.76503e+6 
          11125      1.74741e+6 
          11175      1.73132e+6 
          11225      1.72281e+6 
          11275      1.69562e+6 
          11325      1.69299e+6 
          11375      1.67482e+6 
          11425      1.65381e+6 
          11475      1.65617e+6 
          11525       1.6439e+6 
          11575      1.62667e+6 
          11625      1.60141e+6 
          11675      1.59853e+6 
          11725      1.59466e+6 
          11775      1.57283e+6 
          11825      1.54035e+6 
          11875      1.53996e+6 
          11925      1.54702e+6 
          11975      1.49333e+6 
          12025      1.50446e+6 
          12075      1.48562e+6 
          12125      1.49292e+6 
          12175      1.49014e+6 
          12225      1.47916e+6 
          12275      1.46146e+6 
          12325      1.45736e+6 
          12375      1.44526e+6 
          12425      1.43241e+6 
          12475      1.42642e+6 
          12525       1.4152e+6 
          12575      1.40585e+6 
          12625      1.39493e+6 
          12675      1.38413e+6 
          12725      1.37628e+6 
          12775      1.36769e+6 
          12825      1.33486e+6 
          12875      1.34687e+6 
          12925      1.33442e+6 
          12975      1.33042e+6 
          13025      1.32007e+6 
          13075       1.3129e+6 
          13125      1.29205e+6 
          13175      1.28504e+6 
          13225      1.28695e+6 
          13275      1.27204e+6 
          13325      1.26501e+6 
          13375      1.26031e+6 
          13425      1.25424e+6 
          13475      1.24613e+6 
          13525      1.23863e+6 
          13575      1.22711e+6 
          13625      1.21889e+6 
          13675      1.21398e+6 
          13725      1.20837e+6 
          13775      1.19991e+6 
          13825      1.19359e+6 
          13875      1.18422e+6 
          13925      1.17589e+6 
          13975      1.16915e+6 
          14025      1.16029e+6 
          14075      1.15767e+6 
          14125      1.14715e+6 
          14175      1.14487e+6 
          14225      1.13067e+6 
          14275      1.11513e+6 
          14325      1.12386e+6 
          14375      1.11923e+6 
          14425      1.10272e+6 
          14475      1.10666e+6 
          14525      1.09387e+6 
          14570      1.08844e+6 
          14620      1.08482e+6 
          14675      1.07904e+6 
          14725      1.06973e+6 
          14775        1.066e+6 
          14825      1.06081e+6 
          14875      1.01792e+6 
          14925      1.05304e+6 
          14975       1.0454e+6 
          15025          979360 
          15075      1.01104e+6 
          15125      1.02905e+6 
          15175      1.02539e+6 
          15225      1.01453e+6 
          15275      1.00937e+6 
          15325      1.00641e+6 
          15375          998261 
          15425          995141 
          15475          992936 
          15525          983065 
          15575          976826 
          15625          974550 
          15675          965767 
          15725          951271 
          15775          915336 
          15825          945259 
          15875          920508 
          15925          935772 
          15975          925184 
          16050          919249 
          16150          903119 
          16250          893222 
          16350          877242 
          16450          861152 
          16550          850487 
          16650          832026 
          16750          810117 
          16850          795222 
          16950          785526 
          17050          767422 
          17150          743167 
          17250          735639 
          17350          714105 
          17450          706353 
          17550          696198 
          17650          681704 
          17750          669274 
          17850          657232 
          17950          645498 
          18050          631508 
          18150          615260 
          18250          606206 
          18350          596238 
          18450          581137 
          18550          573695 
          18650          562837 
          18750          537593 
          18850          541786 
          18950          526305 
          19050          522808 
          19150          512586 
          19250          504193 
          19350          491872 
          19450          475236 
          19550          475463 
          19650          468723 
          19750          454398 
          19850          449439 
          19950          442172 
          20050          437594 
          20150          430515 
          20250          421818 
          20350          413170 
          20450          408508 
          20550          400894 
          20650          390792 
          20750          387192 
          20850          380575 
          20950          372290 
          21050          368259 
          21150          361762 
          21250          355929 
          21350          349486 
          21450          344532 
          21550          338763 
          21650          328624 
          21750          326174 
          21850          320670 
          21950          317091 
          22050          309456 
          22150          307136 
          22250          301361 
          22350          296807 
          22450          292278 
          22550          287291 
          22650          282263 
          22750          278739 
          22850          272805 
          22950          267271 
          23050          264752 
          23150          260796 
          23250          253540 
          23350          251166 
          23450          248727 
          23550          241490 
          23650          240341 
          23750          236679 
          23850          230201 
          23950          229386 
          24050          226460 
          24150          220836 
          24250          218992 
          24350          216104 
          24450          212179 
          24550          207804 
          24650          206921 
          24750          203087 
          24850          196710 
          24950          197896 
          25050          195160 
          25150          191670 
          25250          188742 
          25350          186558 
          25450          183496 
          25550          181168 
          25650          178446 
          25750          176739 
          25850          172674 
          25950          171693 
          26050          169350 
          26150          167077 
          26250          162072 
          26350          161539 
          26450          159242 
          26550          156458 
          26650          154363 
          26750          153616 
          26850          151774 
          26950          149592 
          27050          147623 
          27150          145607 
          27250          143784 
          27350          141798 
          27450          139987 
          27550          138010 
          27650          136239 
          27750          134481 
          27850          132677 
          27950          130596 
          28050          128810 
          28150          127397 
          28250          125864 
          28350          124336 
          28450          122569 
          28550          121028 
          28650          119446 
          28750          117823 
          28850          116506 
          28950          115019 
          29050          113416 
          29150          112169 
          29250          110144 
          29350          109023 
          29450          107572 
          29550          106504 
          29650          104814 
          29750          103795 
          29850          102632 
          29950          101225 
          30050         99655.7 
          30150           98859 
          30250         97605.4 
          30350         96243.4 
          30450           94629 
          30550         94115.5 
          30650         92840.7 
          30750         91811.5 
          30850         90409.8 
          30950         89287.7 
          31050         88533.7 
          31150         86611.2 
          31250         86416.5 
          31350         84827.3 
          31450         84315.4 
          31550         82975.6 
          31650         82429.6 
          31750         81126.3 
          31850         80194.3 
          31950         79386.8 
          32100         78105.5 
          32300         75989.4 
          32500         74561.2 
          32700         72834.6 
          32900         70778.8 
          33100         69448.1 
          33300         67590.4 
          33500         66382.9 
          33700         65020.1 
          33900         63075.1 
          34100         62065.2 
          34300         60898.4 
          34500           59248 
          34700         58210.4 
          34900         57016.2 
          35100         55622.2 
          35300         54404.1 
          35500         53419.2 
          35700         52095.2 
          35900         51031.1 
          36100         50169.5 
          36300         48994.9 
          36500         47970.3 
          36700           46909 
          36900         45948.1 
          37100         45038.1 
          37300         44155.6 
          37500         43246.5 
          37700         42396.6 
          37900         41664.5 
          38100         40735.1 
          38300         39989.7 
          38500           39189 
          38700           38463 
          38900         37642.8 
          39100         36967.9 
          39300         36236.5 
          39500           35559 
          39700           34910 
          39900         34118.4 
          40100         33570.4 
          40300         32941.1 
          40500         32200.9 
          40700         31648.6 
          40900         31146.2 
          41100         30529.4 
          41300         30009.1 
          41500           29434 
          41700         28892.4 
          41900         28381.2 
          42100           27670 
          42300         27392.1 
          42500         26876.3 
          42700           26402 
          42900         25624.2 
          43100         24865.7 
          43300         24592.3 
          43500         23783.4 
          43700         23248.6 
          43900         22925.8 
          44100         22175.9 
          44300         21870.6 
          44500         21524.1 
          44700         20909.6 
          44900         20714.4 
          45100         20292.2 
          45300         19825.2 
          45500         19607.6 
          45700         19371.4 
          45900         18856.1 
          46100         18675.1 
          46300         18357.7 
          46500         18142.6 
          46700         17897.7 
          46900         17608.4 
          47100         17352.2 
          47300         17183.8 
          47500         16842.4 
          47700         16592.2 
          47900         16373.5 
          48100           16036 
          48300           15908 
          48500         15647.3 
          48700         15365.2 
          48900         15142.5 
          49100           14945 
          49300         14690.7 
          49500         14463.9 
          49700         14249.5 
          49900         14076.5 
          50100         13794.4 
          50300         13660.1 
          50500         13391.9 
          50700           13226 
          50900         13072.8 
          51100         12831.1 
          51300         12678.9 
          51500         12469.3 
          51700         12346.2 
          51900         12121.4 
          52100         11952.5 
          52300         11772.5 
          52500         11631.2 
          52700         11491.3 
          52900         11268.2 
          53100         11146.7 
          53300         10975.4 
          53500         10846.8 
          53700         10695.7 
          53900         10552.8 
          54100         10409.3 
          54300         10228.9 
          54500         10125.2 
          54700         9985.42 
          54900         9836.06 
          55100         9722.22 
          55300         9617.77 
          55500         9442.67 
          55700          9358.1 
          55900         9205.42 
          56100         9089.98 
          56300         8964.42 
          56500          8868.5 
          56700         8752.61 
          56900         8615.44 
          57100         8524.57 
          57300         8411.24 
          57500         8300.52 
          57700         8192.05 
          57900         8094.98 
          58100         7982.65 
          58300          7881.2 
          58500          7786.9 
          58700         7679.37 
          58900         7579.96 
          59100         7489.81 
          59300         7393.62 
          59500         7296.01 
          59700         7211.37 
          59900         7119.41 
          60100         7029.03 
          60300         6940.73 
          60500         6850.45 
          60700         6764.69 
          60900         6675.63 
          61100         6588.21 
          61300         6515.01 
          61500         6435.95 
          61700         6356.69 
          61900          6279.4 
          62100          6201.8 
          62300         6116.23 
          62500         6041.27 
          62700          5972.8 
          62900         5902.12 
          63100         5828.24 
          63300         5761.48 
          63500         5689.74 
          63700         5619.99 
          63900          5552.3 
          64200         5454.46 
          64600         5323.21 
          65000         5194.05 
          65400         5076.36 
          65800         4958.19 
          66200         4841.97 
          66600         4730.56 
          67000         4621.38 
          67400         4514.19 
          67800         4412.98 
          68200         4312.93 
          68600         4216.03 
          69000         4121.23 
          69400         4028.42 
          69800         3940.39 
          70200         3851.28 
          70600         3769.06 
          71000         3687.03 
          71400         3607.04 
          71800         3528.96 
          72200          3453.4 
          72600         3379.64 
          73000         3308.21 
          73400         3238.05 
          73800         3170.26 
          74200         3103.88 
          74600         3038.05 
          75000         2976.46 
          75400         2915.41 
          75800         2855.81 
          76200         2797.49 
          76600         2740.93 
          77000         2685.27 
          77400         2631.68 
          77800         2579.17 
          78200         2527.78 
          78600         2477.78 
          79000         2429.09 
          79400         2381.55 
          79800          2335.2 
          80200         2289.88 
          80600         2245.52 
          81000         2202.96 
          81400         2160.38 
          81800         2119.77 
          82200         2079.84 
          82600         2040.69 
          83000         2002.48 
          83400          1964.9 
          83800         1928.48 
          84200         1892.94 
          84600         1858.02 
          85000         1824.05 
          85400         1790.83 
          85800         1758.31 
          86200         1726.57 
          86600         1695.53 
          87000         1665.19 
          87400         1635.49 
          87800          1606.5 
          88200         1577.96 
          88600         1549.83 
          89000         1522.85 
          89400         1496.57 
          89800         1470.42 
          90200         1445.28 
          90600         1420.48 
          91000         1395.96 
          91400         1371.46 
          91800         1348.67 
          92200         1325.78 
          92600         1303.28 
          93000         1282.07 
          93400         1259.84 
          93800         1238.63 
          94200         1219.18 
          94600         1197.78 
          95000         1179.36 
          95400          1160.1 
          95800         1139.67 
          96200         1122.68 
          96600         1102.63 
          97000         1086.47 
          97400         1068.78 
          97800         1050.09 
          98200         1035.35 
          98600         1018.79 
          99000         1001.96 
          99400         985.676 
          99800         971.852 
         100200         956.679 
         200000         62.4401 
         400000         3.95896 
         600000        0.782634 
         800000         0.24707 
         1.0e+6        0.100881 
         1.2e+6       0.0484856 
         1.4e+6       0.0260847 
         1.6e+6       0.0152399 
