# Kurucz ODFNEW /NOVER (2003)
# teff = 20000 K (value for the effective temperature for the model. Temperatures are given in K)
# logg = 3 log(cm/s2) (value for Log(G) for the model.)
# meta = 0.5  (value for the Metallicity for the model.)
# lh = 1.25  (l/Hp where l is the  mixing length of the convective element and Hp is the pressure scale height)
# vtur = 2 km/s (Microturbulence velocity)
# alpha = 0  (Alpha)
#
# column 1: WAVELENGTH (ANGSTROM), Wavelength in Angstrom
# column 2: FLUX (ERG/CM2/S/A), Flux in erg/cm2/s/A
          147.2     5.93369e-21 
            151     3.66205e-20 
          155.2     2.47774e-19 
          158.8     1.18193e-18 
            162     4.48934e-18 
            166     2.22311e-17 
          170.3     1.14297e-16 
          173.4     3.56863e-16 
          176.8     1.18793e-15 
          180.2     3.79061e-15 
          181.7     6.23503e-15 
          186.1     2.57725e-14 
            191     1.16547e-13 
          193.9     2.74983e-13 
          198.4      9.9421e-13 
          201.8     2.53273e-12 
            205     5.94529e-12 
          210.5     2.43389e-11 
          216.2     9.75544e-11 
          219.8     2.26254e-10 
            223     4.67561e-10 
          226.8      1.07918e-9 
            230      2.04103e-8 
            234       5.4091e-8 
            240      1.67043e-7 
          246.5      5.30898e-7 
          252.4      1.45551e-6 
          256.8      2.90324e-6 
            260      5.10602e-6 
            264      9.40742e-6 
          268.5      1.83117e-5 
          273.5      3.72347e-5 
          278.5      7.46588e-5 
            284     0.000161223 
            290     0.000345064 
            296     0.000717762 
            301      0.00128723 
            308      0.00291173 
            318      0.00869066 
            328       0.0231488 
            338        0.060946 
            348        0.147697 
            357        0.443802 
            366        0.925624 
            375         1.74301 
            385         3.48708 
            395         6.89087 
            405          12.763 
            414         21.9277 
            422         34.5793 
            430         54.6268 
            441          97.318 
            451         157.981 
            460          240.21 
            470         382.818 
            480         589.441 
            490          901.64 
            500         1343.12 
            506         6779.15 
            512          191523 
            520          238744 
            530          325967 
            540          368965 
            550          627899 
            560          774998 
            570       1.0327e+6 
            580          983842 
            590      1.45161e+6 
            600      1.87057e+6 
            610      2.41062e+6 
            620      2.73903e+6 
            630      3.09081e+6 
            640      2.98505e+6 
            650       2.2766e+6 
            658      3.92745e+6 
            665      4.73364e+6 
            675      5.10864e+6 
            685      5.31793e+6 
            695      7.35707e+6 
            705       7.7616e+6 
            716      9.01083e+6 
            726      9.58985e+6 
            735       1.0346e+7 
            745      1.23365e+7 
            755      1.37381e+7 
            765      1.53054e+7 
            775      1.69364e+7 
            785      1.85747e+7 
            795       1.9799e+7 
            805      2.10722e+7 
            815      2.24243e+7 
            825      2.52293e+7 
            835      2.21118e+7 
            845      2.71014e+7 
            855      2.82713e+7 
            865      3.11992e+7 
            875      3.42288e+7 
            885      3.84283e+7 
            895      4.12325e+7 
            905      3.92932e+7 
            915      8.91803e+7 
            925      1.37769e+9 
            935      2.80552e+9 
            945      4.38859e+9 
            955       5.7429e+9 
            965      4.46586e+9 
            975      6.15092e+8 
            985      2.44542e+9 
            995        4.115e+9 
           1005      6.48891e+9 
           1015      6.72626e+9 
           1025      4.89457e+9 
           1035      4.05734e+9 
           1045      9.19275e+9 
           1055      8.46421e+9 
           1065      5.73086e+9 
           1075      7.83728e+9 
           1085      6.18397e+9 
           1095      8.18859e+9 
           1105      6.62919e+9 
           1115       5.5481e+9 
           1125      4.26551e+9 
           1135      7.48122e+9 
           1145      6.67066e+9 
           1155      7.15575e+9 
           1165      6.97708e+9 
           1175      3.38794e+9 
           1185      6.80365e+9 
           1195      5.01928e+9 
           1205      1.55323e+9 
           1215      3.20095e+9 
           1225      6.15621e+9 
           1235      7.84371e+9 
           1245      7.53301e+9 
           1255      7.46606e+9 
           1265      7.34354e+9 
           1275      7.73447e+9 
           1285      7.82537e+9 
           1295      3.57719e+9 
           1305      4.02495e+9 
           1315      7.45126e+9 
           1325       6.8315e+9 
           1335      5.89437e+9 
           1345      7.18317e+9 
           1355       6.8746e+9 
           1365      5.79543e+9 
           1375      5.72659e+9 
           1385      5.44996e+9 
           1395      3.48557e+9 
           1405      4.02546e+9 
           1415      4.63013e+9 
           1425      4.93586e+9 
           1435      5.17558e+9 
           1442       5.4012e+9 
           1447      5.26534e+9 
           1455      5.06523e+9 
           1465      4.47956e+9 
           1475      4.77971e+9 
           1485      4.76544e+9 
           1495      4.64274e+9 
           1505      4.07894e+9 
           1512      3.48791e+9 
           1517      3.71706e+9 
           1525      3.94674e+9 
           1535      3.20221e+9 
           1545      3.13343e+9 
           1555      3.11274e+9 
           1565      3.38918e+9 
           1575      3.66535e+9 
           1585      3.84718e+9 
           1595      3.73364e+9 
           1605      3.91964e+9 
           1615       3.9351e+9 
           1625      3.74315e+9 
           1635      4.18116e+9 
           1645      4.15902e+9 
           1655      3.99338e+9 
           1665      4.30499e+9 
           1672      4.04815e+9 
           1677      4.38747e+9 
           1685      4.42977e+9 
           1695      4.04787e+9 
           1705      3.97552e+9 
           1715      3.61971e+9 
           1725      3.64509e+9 
           1735      3.95123e+9 
           1745      3.75947e+9 
           1755      3.88848e+9 
           1765      3.75553e+9 
           1775      3.49392e+9 
           1785      3.67303e+9 
           1795      3.94768e+9 
           1805      4.07103e+9 
           1815      3.31703e+9 
           1825      3.62859e+9 
           1835      3.45724e+9 
           1845      3.05698e+9 
           1855      2.87477e+9 
           1865      3.00313e+9 
           1875      3.52723e+9 
           1885      2.96742e+9 
           1895      2.69395e+9 
           1905      3.17161e+9 
           1915      2.73371e+9 
           1925       2.6391e+9 
           1935      2.94856e+9 
           1945       2.9941e+9 
           1955      2.62329e+9 
           1967      3.05466e+9 
           1976      3.16805e+9 
           1984      2.92482e+9 
           1995      2.82924e+9 
           2005      3.12243e+9 
           2015       2.9914e+9 
           2025      3.17296e+9 
           2035      2.79252e+9 
           2045      2.96373e+9 
           2055      2.81667e+9 
           2065      2.74422e+9 
           2074      3.06789e+9 
           2078      2.56909e+9 
           2085      2.87052e+9 
           2095       2.6758e+9 
           2105      2.79489e+9 
           2115      2.85165e+9 
           2125      2.86558e+9 
           2135      2.79343e+9 
           2145      2.65027e+9 
           2155      2.81507e+9 
           2165      2.84193e+9 
           2175      2.82422e+9 
           2185      2.64211e+9 
           2195      2.76103e+9 
           2205      2.76378e+9 
           2215      2.66033e+9 
           2225       2.5762e+9 
           2235       2.6026e+9 
           2245      2.63709e+9 
           2255      2.49381e+9 
           2265      2.60306e+9 
           2275      2.57812e+9 
           2285      2.61318e+9 
           2295      2.29878e+9 
           2305      2.49365e+9 
           2315      2.36397e+9 
           2325      2.32353e+9 
           2335      2.20203e+9 
           2345      2.23844e+9 
           2355       2.2675e+9 
           2365      2.23011e+9 
           2375      2.21084e+9 
           2385      2.17074e+9 
           2395        2.205e+9 
           2405      2.10392e+9 
           2415      2.15145e+9 
           2425      2.16052e+9 
           2435      2.05824e+9 
           2445      2.12664e+9 
           2455       2.1361e+9 
           2465      2.07318e+9 
           2475      2.02115e+9 
           2485      2.01859e+9 
           2495      1.71709e+9 
           2505      1.96193e+9 
           2513      1.84977e+9 
           2518      1.97072e+9 
           2525      1.90237e+9 
           2535      1.88739e+9 
           2545      1.78232e+9 
           2555      1.87481e+9 
           2565      1.84682e+9 
           2575      1.89972e+9 
           2585      1.86797e+9 
           2595      1.85377e+9 
           2605      1.84134e+9 
           2615      1.81158e+9 
           2625      1.80704e+9 
           2635      1.80594e+9 
           2645      1.80847e+9 
           2655      1.81828e+9 
           2665      1.70456e+9 
           2675      1.75065e+9 
           2685       1.7321e+9 
           2695      1.66262e+9 
           2705      1.61689e+9 
           2715      1.62687e+9 
           2725      1.63758e+9 
           2735      1.64195e+9 
           2745      1.56586e+9 
           2755      1.56657e+9 
           2765      1.56906e+9 
           2775      1.59999e+9 
           2785      1.57395e+9 
           2795      1.50638e+9 
           2805      1.53818e+9 
           2815      1.54229e+9 
           2825       1.5329e+9 
           2835      1.43671e+9 
           2845      1.45134e+9 
           2855      1.43527e+9 
           2865      1.46575e+9 
           2875      1.44728e+9 
           2885      1.43446e+9 
           2895      1.40227e+9 
           2910      1.39172e+9 
           2930      1.37463e+9 
           2950      1.32956e+9 
           2970      1.31722e+9 
           2990      1.29384e+9 
           3010      1.24332e+9 
           3030      1.25753e+9 
           3050      1.23696e+9 
           3070       1.2201e+9 
           3090      1.17141e+9 
           3110      1.16827e+9 
           3130      1.14435e+9 
           3150      1.12971e+9 
           3170      1.09485e+9 
           3190      1.07524e+9 
           3210      1.06393e+9 
           3230      1.04209e+9 
           3250      1.02948e+9 
           3270      1.00703e+9 
           3290      9.88244e+8 
           3310      9.72693e+8 
           3330      9.52381e+8 
           3350       9.3735e+8 
           3370      9.19325e+8 
           3390      9.07755e+8 
           3410      8.92894e+8 
           3430      8.72105e+8 
           3450      8.54965e+8 
           3470      8.41414e+8 
           3490      8.25767e+8 
           3510      8.13325e+8 
           3530      8.05466e+8 
           3550      7.91543e+8 
           3570      7.80305e+8 
           3590      7.55148e+8 
           3610      7.41456e+8 
           3630      7.36654e+8 
           3640       7.3682e+8 
           3650      7.24502e+8 
           3670      7.17159e+8 
           3690       6.9239e+8 
           3710      6.87463e+8 
           3730      6.89019e+8 
           3750      7.58897e+8 
           3770      7.53358e+8 
           3790      7.66252e+8 
           3810      7.93421e+8 
           3830      7.07852e+8 
           3850      7.83577e+8 
           3870      7.63224e+8 
           3890      6.80284e+8 
           3910      7.64099e+8 
           3930       7.3056e+8 
           3950      7.30786e+8 
           3970      6.30651e+8 
           3990      7.07026e+8 
           4010       6.9985e+8 
           4030      6.68797e+8 
           4050      6.74633e+8 
           4070      6.44117e+8 
           4090      6.23262e+8 
           4110      5.70376e+8 
           4130      6.16349e+8 
           4150      6.11648e+8 
           4170       6.0937e+8 
           4190       6.0612e+8 
           4210      6.01331e+8 
           4230      5.87468e+8 
           4250       5.7192e+8 
           4270      5.54508e+8 
           4290      5.51131e+8 
           4310      5.34143e+8 
           4330       5.0772e+8 
           4350      4.72243e+8 
           4370       5.0774e+8 
           4390      5.10572e+8 
           4410      5.04518e+8 
           4430      4.98015e+8 
           4450      4.93663e+8 
           4470      4.77791e+8 
           4490      4.78664e+8 
           4510      4.76447e+8 
           4530      4.67219e+8 
           4550      4.62866e+8 
           4570      4.55198e+8 
           4590      4.48272e+8 
           4610      4.36218e+8 
           4630      4.30279e+8 
           4650      4.18815e+8 
           4670      4.19554e+8 
           4690      4.17679e+8 
           4710      4.00214e+8 
           4730      3.99817e+8 
           4750      3.94337e+8 
           4770      3.97097e+8 
           4790      3.88747e+8 
           4810      3.79903e+8 
           4830      3.75665e+8 
           4850      3.63524e+8 
           4870      3.28728e+8 
           4890      3.61729e+8 
           4910      3.57038e+8 
           4930       3.4601e+8 
           4950      3.45879e+8 
           4970      3.44184e+8 
           4990      3.37754e+8 
           5010      3.20519e+8 
           5030      3.26954e+8 
           5050      3.18209e+8 
           5070      3.19118e+8 
           5090      3.14158e+8 
           5110      3.08082e+8 
           5130      2.99257e+8 
           5150       2.9796e+8 
           5170      2.97858e+8 
           5190      2.94085e+8 
           5210      2.87098e+8 
           5230      2.85568e+8 
           5250       2.8248e+8 
           5270      2.77465e+8 
           5290      2.75492e+8 
           5310      2.71096e+8 
           5330       2.6754e+8 
           5350      2.63293e+8 
           5370      2.61492e+8 
           5390       2.5783e+8 
           5410      2.54885e+8 
           5430      2.50391e+8 
           5450      2.47403e+8 
           5470      2.43985e+8 
           5490      2.41411e+8 
           5510      2.39178e+8 
           5530      2.35135e+8 
           5550      2.33517e+8 
           5570      2.30046e+8 
           5590      2.27824e+8 
           5610      2.24395e+8 
           5630      2.22387e+8 
           5650      2.16378e+8 
           5670      2.13015e+8 
           5690      2.10694e+8 
           5710       2.1011e+8 
           5730      2.07934e+8 
           5750      2.04747e+8 
           5770      2.03647e+8 
           5790      2.00849e+8 
           5810      1.98509e+8 
           5830       1.9542e+8 
           5850      1.93525e+8 
           5870      1.86698e+8 
           5890      1.86323e+8 
           5910      1.85646e+8 
           5930        1.831e+8 
           5950      1.80232e+8 
           5970      1.80485e+8 
           5990      1.76857e+8 
           6010      1.76015e+8 
           6030      1.73264e+8 
           6050      1.71472e+8 
           6070      1.70017e+8 
           6090      1.67907e+8 
           6110      1.66093e+8 
           6130      1.64429e+8 
           6150      1.60802e+8 
           6170      1.59781e+8 
           6190      1.58553e+8 
           6210      1.56967e+8 
           6230      1.55272e+8 
           6250      1.52553e+8 
           6270      1.51294e+8 
           6290        1.498e+8 
           6310      1.47821e+8 
           6330      1.46662e+8 
           6350      1.43918e+8 
           6370      1.42904e+8 
           6390      1.41467e+8 
           6410      1.40017e+8 
           6430      1.38819e+8 
           6450      1.37063e+8 
           6470       1.3502e+8 
           6490      1.33599e+8 
           6510      1.32406e+8 
           6530      1.30686e+8 
           6550      1.27466e+8 
           6570      1.13538e+8 
           6590      1.24813e+8 
           6610       1.2524e+8 
           6630      1.24134e+8 
           6650      1.22784e+8 
           6670      1.20617e+8 
           6690      1.19417e+8 
           6710      1.19058e+8 
           6730      1.17395e+8 
           6750      1.16626e+8 
           6770      1.15412e+8 
           6790      1.12437e+8 
           6810      1.12541e+8 
           6830      1.11455e+8 
           6850      1.10532e+8 
           6870      1.09386e+8 
           6890      1.08117e+8 
           6910      1.06909e+8 
           6930      1.05861e+8 
           6950      1.04933e+8 
           6970      1.03889e+8 
           6990      1.02741e+8 
           7010      1.01672e+8 
           7030      1.00637e+8 
           7050      9.94986e+7 
           7070      9.68638e+7 
           7090      9.75921e+7 
           7110      9.45399e+7 
           7130      9.38027e+7 
           7150      9.45388e+7 
           7170      9.37117e+7 
           7190      9.28486e+7 
           7210      9.19066e+7 
           7230      8.89989e+7 
           7250      8.98273e+7 
           7270      8.91342e+7 
           7290      8.75612e+7 
           7310      8.73718e+7 
           7330      8.64539e+7 
           7350      8.57191e+7 
           7370      8.48799e+7 
           7390      8.40486e+7 
           7410       8.3225e+7 
           7430      8.22658e+7 
           7450      8.15532e+7 
           7470      8.03069e+7 
           7490      7.99189e+7 
           7510      7.91197e+7 
           7530       7.8288e+7 
           7550      7.77086e+7 
           7570      7.69895e+7 
           7590       7.6192e+7 
           7610      7.54342e+7 
           7630      7.47546e+7 
           7650      7.40681e+7 
           7670      7.33813e+7 
           7690      7.26625e+7 
           7710      7.19691e+7 
           7730      7.12567e+7 
           7750      7.06511e+7 
           7770      6.92457e+7 
           7790      6.93438e+7 
           7810      6.86494e+7 
           7830      6.80657e+7 
           7850      6.72669e+7 
           7870      6.66335e+7 
           7890      6.57333e+7 
           7910      6.53832e+7 
           7930      6.47663e+7 
           7950      6.39699e+7 
           7970      6.35663e+7 
           7990      6.27409e+7 
           8010      6.24221e+7 
           8030      6.18837e+7 
           8050      6.13731e+7 
           8070      6.08726e+7 
           8090      6.02267e+7 
           8110      5.95061e+7 
           8130       5.9265e+7 
           8150      5.86455e+7 
           8170      5.82741e+7 
           8190      5.74843e+7 
           8210      5.68246e+7 
           8230      5.61761e+7 
           8250      5.61088e+7 
           8270      5.50693e+7 
           8290       5.5015e+7 
           8310      5.45541e+7 
           8330      5.41394e+7 
           8350       5.3394e+7 
           8370      5.29063e+7 
           8390      5.26046e+7 
           8410      5.20623e+7 
           8430      5.15987e+7 
           8450      5.05881e+7 
           8470      5.02786e+7 
           8490      5.05777e+7 
           8510      4.90601e+7 
           8530      5.01009e+7 
           8550      4.74343e+7 
           8570      5.00559e+7 
           8590      4.73908e+7 
           8610      4.69666e+7 
           8630      4.93168e+7 
           8650      4.79712e+7 
           8670        4.385e+7 
           8690      4.81612e+7 
           8710      4.82079e+7 
           8730        4.693e+7 
           8750       4.2142e+7 
           8770      4.58955e+7 
           8790      4.66484e+7 
           8810      4.63407e+7 
           8830      4.57865e+7 
           8850      4.37145e+7 
           8870      4.02333e+7 
           8890      4.46129e+7 
           8910      4.44209e+7 
           8930      4.39647e+7 
           8950      4.38342e+7 
           8970      4.34568e+7 
           8990       4.2523e+7 
           9010      3.82887e+7 
           9030      4.05255e+7 
           9050      4.19114e+7 
           9070      4.12935e+7 
           9090      4.11457e+7 
           9110      4.09812e+7 
           9130      4.06784e+7 
           9150      4.03631e+7 
           9170      3.99144e+7 
           9190      3.96124e+7 
           9210      3.83502e+7 
           9230      3.40433e+7 
           9250      3.77832e+7 
           9270       3.7851e+7 
           9290      3.80885e+7 
           9310      3.76512e+7 
           9330      3.73726e+7 
           9350         3.72e+7 
           9370      3.69281e+7 
           9390      3.66364e+7 
           9410      3.61774e+7 
           9430      3.60572e+7 
           9450       3.5763e+7 
           9470      3.53092e+7 
           9490      3.51789e+7 
           9510      3.45713e+7 
           9530      3.36174e+7 
           9550      3.02648e+7 
           9570      3.36986e+7 
           9590      3.38248e+7 
           9610      3.34292e+7 
           9630      3.30013e+7 
           9650      3.31041e+7 
           9670      3.28211e+7 
           9690      3.25453e+7 
           9710      3.22112e+7 
           9730      3.20853e+7 
           9750      3.18095e+7 
           9770      3.16041e+7 
           9790      3.13493e+7 
           9810      3.10763e+7 
           9830      3.08572e+7 
           9850      3.06307e+7 
           9870      3.03594e+7 
           9890       3.0073e+7 
           9910      2.97028e+7 
           9930      2.97231e+7 
           9950      2.94835e+7 
           9970       2.9222e+7 
           9990      2.90489e+7 
          10025      2.78714e+7 
          10075      2.69044e+7 
          10125      2.74666e+7 
          10175      2.71096e+7 
          10225      2.66166e+7 
          10275      2.61399e+7 
          10325        2.557e+7 
          10375      2.52061e+7 
          10425      2.47587e+7 
          10475      2.43111e+7 
          10525      2.38531e+7 
          10575      2.34526e+7 
          10625      2.30438e+7 
          10675      2.25656e+7 
          10725      2.22414e+7 
          10775      2.18495e+7 
          10825      2.12039e+7 
          10875      2.10957e+7 
          10925      1.94252e+7 
          10975      2.01753e+7 
          11025       1.9923e+7 
          11075       1.9699e+7 
          11125      1.93665e+7 
          11175      1.90391e+7 
          11225      1.87123e+7 
          11275      1.83437e+7 
          11325       1.8044e+7 
          11375      1.78019e+7 
          11425      1.74897e+7 
          11475      1.72243e+7 
          11525      1.69422e+7 
          11575      1.66474e+7 
          11625      1.63796e+7 
          11675      1.61169e+7 
          11725      1.58698e+7 
          11775      1.55892e+7 
          11825      1.53671e+7 
          11875      1.51231e+7 
          11925      1.48882e+7 
          11975      1.45445e+7 
          12025      1.44214e+7 
          12075      1.41973e+7 
          12125      1.39734e+7 
          12175      1.37569e+7 
          12225      1.35451e+7 
          12275      1.33359e+7 
          12325      1.31297e+7 
          12375      1.29299e+7 
          12425      1.27355e+7 
          12475      1.25189e+7 
          12525      1.23202e+7 
          12575       1.2149e+7 
          12625      1.19755e+7 
          12675      1.18031e+7 
          12725      1.16291e+7 
          12775      1.13069e+7 
          12825      1.06159e+7 
          12875      1.10988e+7 
          12925      1.09569e+7 
          12975      1.07317e+7 
          13025      1.06379e+7 
          13075      1.04866e+7 
          13125      1.03356e+7 
          13175      1.01778e+7 
          13225      1.00398e+7 
          13275      9.89637e+6 
          13325      9.75095e+6 
          13375      9.61353e+6 
          13425      9.46659e+6 
          13475      9.34543e+6 
          13525      9.21015e+6 
          13575      9.08416e+6 
          13625      8.95409e+6 
          13675      8.82931e+6 
          13725       8.7063e+6 
          13775      8.59258e+6 
          13825      8.47436e+6 
          13875      8.35665e+6 
          13925      8.23049e+6 
          13975      8.12387e+6 
          14025      8.01912e+6 
          14075      7.91242e+6 
          14125      7.80364e+6 
          14175      7.70031e+6 
          14225      7.59842e+6 
          14275       7.4963e+6 
          14325      7.39614e+6 
          14375      7.29683e+6 
          14425       7.1998e+6 
          14475      7.10502e+6 
          14525      7.01119e+6 
          14570      6.93192e+6 
          14620      6.84088e+6 
          14675      6.74492e+6 
          14725      6.65731e+6 
          14775      6.56936e+6 
          14825      6.48844e+6 
          14875      6.40522e+6 
          14925      6.32399e+6 
          14975      6.24252e+6 
          15025      6.16132e+6 
          15075      6.07029e+6 
          15125       6.0042e+6 
          15175      5.92708e+6 
          15225      5.85863e+6 
          15275      5.77012e+6 
          15325      5.69676e+6 
          15375      5.64368e+6 
          15425      5.53653e+6 
          15475      5.50899e+6 
          15525      5.44543e+6 
          15575      5.30228e+6 
          15625      5.33876e+6 
          15675      5.22595e+6 
          15725      5.09694e+6 
          15775      5.15581e+6 
          15825      5.09275e+6 
          15875      4.84112e+6 
          15925      4.95263e+6 
          15975      4.92478e+6 
          16050      4.81978e+6 
          16150      4.61107e+6 
          16250      4.62297e+6 
          16350      4.48768e+6 
          16450      4.29142e+6 
          16550      4.30821e+6 
          16650      4.20919e+6 
          16750      4.08254e+6 
          16850      3.90605e+6 
          16950      3.92632e+6 
          17050      3.81858e+6 
          17150      3.75304e+6 
          17250      3.67028e+6 
          17350      3.46778e+6 
          17450      3.50374e+6 
          17550      3.43335e+6 
          17650      3.35912e+6 
          17750      3.28503e+6 
          17850      3.20883e+6 
          17950      3.14722e+6 
          18050      3.07544e+6 
          18150      2.91745e+6 
          18250      2.93488e+6 
          18350      2.88844e+6 
          18450      2.82766e+6 
          18550      2.76354e+6 
          18650      2.69456e+6 
          18750      2.56677e+6 
          18850      2.60216e+6 
          18950      2.54603e+6 
          19050       2.4902e+6 
          19150      2.44864e+6 
          19250      2.39968e+6 
          19350      2.35049e+6 
          19450      2.22113e+6 
          19550      2.25514e+6 
          19650      2.21566e+6 
          19750      2.17232e+6 
          19850      2.13012e+6 
          19950      2.08894e+6 
          20050      2.04876e+6 
          20150      2.00945e+6 
          20250      1.97119e+6 
          20350      1.93376e+6 
          20450      1.89643e+6 
          20550      1.85661e+6 
          20650      1.82674e+6 
          20750      1.79264e+6 
          20850      1.75945e+6 
          20950      1.72673e+6 
          21050      1.69506e+6 
          21150      1.65684e+6 
          21250      1.63385e+6 
          21350      1.60387e+6 
          21450      1.57454e+6 
          21550      1.54633e+6 
          21650      1.46208e+6 
          21750      1.49031e+6 
          21850      1.46487e+6 
          21950      1.43974e+6 
          22050      1.41478e+6 
          22150      1.39006e+6 
          22250      1.36496e+6 
          22350      1.34214e+6 
          22450      1.31899e+6 
          22550      1.29628e+6 
          22650      1.27414e+6 
          22750      1.25241e+6 
          22850      1.23115e+6 
          22950      1.21044e+6 
          23050      1.18982e+6 
          23150      1.17021e+6 
          23250      1.15076e+6 
          23350      1.13166e+6 
          23450      1.11299e+6 
          23550      1.09452e+6 
          23650       1.0766e+6 
          23750        1.059e+6 
          23850      1.04179e+6 
          23950       1.0247e+6 
          24050      1.00786e+6 
          24150          991267 
          24250          976317 
          24350          959928 
          24450          944088 
          24550          930537 
          24650          914570 
          24750          898708 
          24850          888622 
          24950          868138 
          25050          861401 
          25150          848311 
          25250          825651 
          25350          822081 
          25450          810631 
          25550          797200 
          25650          772386 
          25750          774240 
          25850          764089 
          25950          752673 
          26050          738023 
          26150          710077 
          26250          690790 
          26350          707206 
          26450          698369 
          26550          687399 
          26650          676627 
          26750          646991 
          26850          656761 
          26950          648887 
          27050          639516 
          27150          630316 
          27250          621285 
          27350          612419 
          27450          603565 
          27550          577005 
          27650          582004 
          27750          578502 
          27850          570372 
          27950          562392 
          28050          554271 
          28150          546822 
          28250          539228 
          28350          531728 
          28450          524552 
          28550          517048 
          28650          508121 
          28750          485450 
          28850          496167 
          28950          489643 
          29050          483198 
          29150          476696 
          29250          470360 
          29350          464055 
          29450          457868 
          29550          451841 
          29650          445884 
          29750          439997 
          29850          434221 
          29950          428555 
          30050          422954 
          30150          417169 
          30250          412027 
          30350          394847 
          30450          396455 
          30550          396225 
          30650          391286 
          30750          385936 
          30850          381122 
          30950          376563 
          31050          371805 
          31150          366999 
          31250          362285 
          31350          357973 
          31450          353510 
          31550          349130 
          31650          344780 
          31750          340538 
          31850          336345 
          31950          332210 
          32100          326136 
          32300          318250 
          32500          310596 
          32700          303169 
          32900          289081 
          33100          287905 
          33300          281851 
          33500          275367 
          33700          268977 
          33900          262784 
          34100          256765 
          34300          250911 
          34500          245234 
          34700          239693 
          34900          234313 
          35100          229100 
          35300          224020 
          35500          219052 
          35700          214201 
          35900          209672 
          36100          204913 
          36300          200731 
          36500          196092 
          36700          192282 
          36900          187633 
          37100          183929 
          37300          178678 
          37500          173133 
          37700          173101 
          37900          169658 
          38100          165242 
          38300          162088 
          38500          159430 
          38700          156184 
          38900          152882 
          39100          148207 
          39300          146951 
          39500          143982 
          39700          141175 
          39900          138393 
          40100          134837 
          40300          131296 
          40500          127600 
          40700          127920 
          40900          125468 
          41100          123065 
          41300          120604 
          41500          118405 
          41700          113862 
          41900          113956 
          42100          111875 
          42300          109794 
          42500          107695 
          42700          105769 
          42900          103614 
          43100          101927 
          43300          100071 
          43500         98257.2 
          43700           94537 
          43900         94449.7 
          44100         93056.4 
          44300         91400.3 
          44500         89779.6 
          44700         88329.5 
          44900         86776.3 
          45100         85258.2 
          45300         83750.7 
          45500         82313.6 
          45700         80889.4 
          45900         79499.4 
          46100           78102 
          46300         76706.5 
          46500         73342.2 
          46700         72233.4 
          46900         72685.7 
          47100         71753.9 
          47300         70555.6 
          47500         69361.6 
          47700         68228.2 
          47900         67106.3 
          48100         66003.9 
          48300         64923.9 
          48500         63865.8 
          48700         62829.3 
          48900         61812.2 
          49100         60817.5 
          49300         59836.8 
          49500         58885.3 
          49700         57913.6 
          49900         57029.6 
          50100           56125 
          50300         55180.7 
          50500         54381.1 
          50700         53532.3 
          50900         52583.1 
          51100           51790 
          51300         49669.2 
          51500         50234.4 
          51700         49367.3 
          51900         48772.1 
          52100         48030.6 
          52300         47303.1 
          52500         46541.5 
          52700         45729.1 
          52900         45202.3 
          53100         44528.4 
          53300         43867.3 
          53500         43217.4 
          53700         42432.3 
          53900         41818.5 
          54100         41338.7 
          54300         40735.7 
          54500           40143 
          54700         39561.7 
          54900         38990.2 
          55100         38370.2 
          55300         37568.4 
          55500         37337.2 
          55700         36806.1 
          55900           36284 
          56100         35770.7 
          56300         35267.5 
          56500         34771.6 
          56700         34285.3 
          56900         33793.4 
          57100         32908.8 
          57300         32842.4 
          57500         32421.8 
          57700         31975.6 
          57900         31534.9 
          58100         31107.2 
          58300         30682.4 
          58500         30294.7 
          58700         29885.2 
          58900         29404.6 
          59100         28207.2 
          59300         28620.4 
          59500         27831.3 
          59700         27774.1 
          59900         27564.8 
          60100         27202.3 
          60300         26843.9 
          60500         26491.7 
          60700         26145.7 
          60900         25804.6 
          61100         25468.4 
          61300         25138.1 
          61500         24813.5 
          61700         24494.6 
          61900         24179.2 
          62100         23870.3 
          62300         23565.9 
          62500         23265.8 
          62700         22932.7 
          62900         22123.4 
          63100         22328.8 
          63300         22112.7 
          63500         21835.3 
          63700         21563.8 
          63900         21296.2 
          64200         20901.1 
          64600         20389.4 
          65000         19892.2 
          65400         19410.9 
          65800         18943.3 
          66200         18488.1 
          66600         18050.2 
          67000         17622.9 
          67400         17190.5 
          67800         16547.3 
          68200         16409.7 
          68600         16035.6 
          69000         15668.2 
          69400         15299.6 
          69800         14962.3 
          70200         14624.1 
          70600         14295.6 
          71000         13957.1 
          71400         13664.5 
          71800         13363.6 
          72200         13069.9 
          72600         12756.9 
          73000         12503.7 
          73400         12234.9 
          73800         11971.9 
          74200           11692 
          74600         11251.5 
          75000         10862.5 
          75400         10966.9 
          75800         10757.7 
          76200         10533.5 
          76600         10315.3 
          77000         10102.2 
          77400         9894.34 
          77800         9632.28 
          78200         9496.41 
          78600         9304.26 
          79000         9117.32 
          79400         8934.86 
          79800         8756.77 
          80200         8583.54 
          80600         8413.89 
          81000         8248.89 
          81400         8027.58 
          81800         7913.79 
          82200          7777.3 
          82600         7627.62 
          83000         7481.54 
          83400         7338.46 
          83800         7199.36 
          84200         7063.11 
          84600         6930.68 
          85000         6800.94 
          85400         6673.85 
          85800         6550.36 
          86200         6429.37 
          86600         6227.45 
          87000         6190.73 
          87400         6019.77 
          87800         5910.31 
          88200         5864.57 
          88600         5759.43 
          89000         5656.41 
          89400         5555.47 
          89800         5457.04 
          90200         5360.59 
          90600         5266.09 
          91000         5173.94 
          91400         5084.11 
          91800         4995.65 
          92200         4909.41 
          92600         4820.51 
          93000         4742.11 
          93400         4661.42 
          93800         4509.14 
          94200         4492.15 
          94600         4428.56 
          95000         4351.28 
          95400          4277.2 
          95800         4210.36 
          96200         4140.41 
          96600         4072.28 
          97000         4005.13 
          97400         3939.62 
          97800         3875.36 
          98200         3809.94 
          98600         3742.47 
          99000         3690.26 
          99400         3631.04 
          99800         3572.98 
         100200         3516.06 
         200000         217.797 
         400000         13.2948 
         600000         2.58865 
         800000        0.810851 
         1.0e+6        0.329555 
         1.2e+6        0.157925 
         1.4e+6       0.0847814 
         1.6e+6       0.0494649 
