# Kurucz ODFNEW /NOVER (2003)
# teff = 9500 K (value for the effective temperature for the model. Temperatures are given in K)
# logg = 3 log(cm/s2) (value for Log(G) for the model.)
# meta = -2  (value for the Metallicity for the model.)
# lh = 1.25  (l/Hp where l is the  mixing length of the convective element and Hp is the pressure scale height)
# vtur = 2 km/s (Microturbulence velocity)
# alpha = 0  (Alpha)
#
# column 1: WAVELENGTH (ANGSTROM), Wavelength in Angstrom
# column 2: FLUX (ERG/CM2/S/A), Flux in erg/cm2/s/A
          256.8     6.95632e-23 
            260     2.07719e-22 
            264     7.04043e-22 
          268.5     2.60854e-21 
          273.5     1.05954e-20 
          278.5     4.09106e-20 
            284      1.7076e-19 
            290     7.61701e-19 
            296     3.18876e-18 
            301     1.00714e-17 
            308     4.72222e-17 
            318     3.80291e-16 
            328     2.68887e-15 
            338     1.68658e-14 
            348     9.49881e-14 
            357     4.12972e-13 
            366     1.66828e-12 
            375     6.28432e-12 
            385     2.54516e-11 
            395      9.5756e-11 
            405     3.36823e-10 
            414      9.9018e-10 
            422      2.47995e-9 
            430      5.99487e-9 
            441      1.91143e-8 
            451      5.20992e-8 
            460      1.23559e-7 
            470      3.09791e-7 
            480      7.46232e-7 
            490      1.73192e-6 
            500       3.8782e-6 
            506      9.03023e-6 
            512      1.61459e-5 
            520      2.88705e-5 
            530      5.86781e-5 
            540     0.000114078 
            550     0.000219574 
            560     0.000409045 
            570     0.000744484 
            580      0.00131273 
            590      0.00231081 
            600      0.00395043 
            610      0.00662623 
            620       0.0109167 
            630       0.0176823 
            640       0.0281811 
            650       0.0442303 
            658       0.0627589 
            665       0.0846034 
            675        0.128127 
            685         0.19151 
            695        0.282688 
            705        0.412282 
            716        0.616201 
            726        0.877789 
            735         1.19611 
            745         1.67097 
            755         2.31189 
            765         3.16904 
            775         4.30549 
            785         5.79958 
            795         7.74709 
            805         10.2678 
            815         13.5049 
            825         17.6325 
            835         22.8574 
            845         29.4387 
            855         37.6619 
            865         47.8781 
            875         60.4932 
            885          75.988 
            895         94.9084 
            905         117.863 
            915         347.024 
            925         1514.31 
            935         2437.47 
            945         4482.24 
            955         8279.15 
            965           11247 
            975         6569.41 
            985          367564 
            995      3.61731e+6 
           1005      2.01191e+6 
           1015         37745.2 
           1025         11119.5 
           1035         39458.6 
           1045      2.93397e+6 
           1055      1.67375e+7 
           1065       2.7346e+7 
           1075      3.79036e+7 
           1085       4.2834e+7 
           1095      4.24165e+7 
           1105      5.26176e+7 
           1115      6.76414e+7 
           1125      6.62776e+7 
           1135      6.61208e+7 
           1145      5.69796e+7 
           1155       4.4207e+7 
           1165      3.29063e+7 
           1175      1.63405e+7 
           1185      1.63907e+7 
           1195          108131 
           1205         76927.2 
           1215         33966.8 
           1225         85306.2 
           1235          149146 
           1245      1.46886e+6 
           1255       1.0902e+7 
           1265      2.29059e+7 
           1275      3.87453e+7 
           1285      5.57442e+7 
           1295      6.36656e+7 
           1305      6.26715e+7 
           1315      7.70528e+7 
           1325      8.36084e+7 
           1335      8.71251e+7 
           1345      9.50515e+7 
           1355      9.28289e+7 
           1365       9.1312e+7 
           1375      9.31031e+7 
           1385      9.39808e+7 
           1395      9.34532e+7 
           1405      9.93397e+7 
           1415      1.00701e+8 
           1425      1.02636e+8 
           1435      9.82737e+7 
           1442      1.04487e+8 
           1447       1.0497e+8 
           1455      1.05727e+8 
           1465        1.032e+8 
           1475      1.02993e+8 
           1485      1.03131e+8 
           1495      1.03418e+8 
           1505      1.04374e+8 
           1512      1.03325e+8 
           1517      1.04708e+8 
           1525       1.0208e+8 
           1535      1.01056e+8 
           1545       1.0284e+8 
           1555      9.81543e+7 
           1565      9.18742e+7 
           1575      9.45854e+7 
           1585      9.77309e+7 
           1595      9.97509e+7 
           1605      9.56863e+7 
           1615      9.59147e+7 
           1625      9.09301e+7 
           1635      9.23001e+7 
           1645      9.26278e+7 
           1655      8.58919e+7 
           1665      9.26595e+7 
           1672      8.67927e+7 
           1677      8.85988e+7 
           1685      9.11616e+7 
           1695      8.81379e+7 
           1705      8.71369e+7 
           1715      8.81692e+7 
           1725      8.66638e+7 
           1735        8.866e+7 
           1745      8.67621e+7 
           1755      8.84231e+7 
           1765       8.4166e+7 
           1775      8.75345e+7 
           1785      8.58187e+7 
           1795      8.72773e+7 
           1805      8.56284e+7 
           1815      8.48441e+7 
           1825      8.33061e+7 
           1835      8.30002e+7 
           1845      8.13128e+7 
           1855      8.16351e+7 
           1865      8.12266e+7 
           1875      8.18563e+7 
           1885      8.15807e+7 
           1895      8.08866e+7 
           1905      7.99556e+7 
           1915      7.93302e+7 
           1925      7.96061e+7 
           1935      7.82441e+7 
           1945      7.96703e+7 
           1955      7.90269e+7 
           1967       7.8792e+7 
           1976      7.76378e+7 
           1984       7.7504e+7 
           1995      7.66403e+7 
           2005      7.54738e+7 
           2015      7.35259e+7 
           2025      7.38562e+7 
           2035      7.44012e+7 
           2045       7.4041e+7 
           2055      7.20858e+7 
           2065      7.20059e+7 
           2074      7.30482e+7 
           2078      7.31485e+7 
           2085      7.29666e+7 
           2095      7.21172e+7 
           2105      7.19795e+7 
           2115      7.13518e+7 
           2125      7.09972e+7 
           2135      6.88716e+7 
           2145      7.04442e+7 
           2155      6.96946e+7 
           2165      6.80178e+7 
           2175      6.77896e+7 
           2185      6.77079e+7 
           2195      6.91191e+7 
           2205      6.74537e+7 
           2215      6.55568e+7 
           2225      6.48365e+7 
           2235      6.71725e+7 
           2245      6.54616e+7 
           2255      6.39459e+7 
           2265      6.33942e+7 
           2275      6.51165e+7 
           2285      6.52044e+7 
           2295      6.37912e+7 
           2305      6.37735e+7 
           2315      6.31837e+7 
           2325      6.33383e+7 
           2335      6.22214e+7 
           2345      5.93386e+7 
           2355      6.16017e+7 
           2365      5.93542e+7 
           2375      6.06527e+7 
           2385      5.74324e+7 
           2395      5.98377e+7 
           2405      5.90181e+7 
           2415      5.91847e+7 
           2425      6.00384e+7 
           2435      5.87241e+7 
           2445      5.94169e+7 
           2455      5.91995e+7 
           2465      5.80394e+7 
           2475      5.74704e+7 
           2485      5.85072e+7 
           2495      5.74406e+7 
           2505      5.88458e+7 
           2513      5.77243e+7 
           2518      5.78357e+7 
           2525      5.61547e+7 
           2535      5.55179e+7 
           2545      5.55919e+7 
           2555       5.7024e+7 
           2565      5.64491e+7 
           2575      5.73336e+7 
           2585      5.74941e+7 
           2595      5.69679e+7 
           2605      5.61373e+7 
           2615      5.57748e+7 
           2625      5.57607e+7 
           2635      5.60003e+7 
           2645       5.7947e+7 
           2655      5.75754e+7 
           2665      5.63379e+7 
           2675      5.67282e+7 
           2685      5.69492e+7 
           2695      5.62317e+7 
           2705      5.61514e+7 
           2715      5.52939e+7 
           2725      5.51983e+7 
           2735      5.57875e+7 
           2745      5.33119e+7 
           2755      5.33276e+7 
           2765      5.41597e+7 
           2775      5.51986e+7 
           2785      5.49341e+7 
           2795      5.19424e+7 
           2805      5.35693e+7 
           2815      5.50435e+7 
           2825      5.47065e+7 
           2835      5.39556e+7 
           2845       5.3563e+7 
           2855       5.2962e+7 
           2865      5.32308e+7 
           2875      5.31119e+7 
           2885      5.33961e+7 
           2895      5.34414e+7 
           2910      5.36971e+7 
           2930      5.27691e+7 
           2950      5.24672e+7 
           2970      5.24207e+7 
           2990      5.20884e+7 
           3010      5.21968e+7 
           3030      5.19614e+7 
           3050      5.16062e+7 
           3070      5.11878e+7 
           3090      5.10718e+7 
           3110      5.07286e+7 
           3130      5.03131e+7 
           3150      5.01129e+7 
           3170      4.98987e+7 
           3190      4.92527e+7 
           3210      4.92478e+7 
           3230      4.88312e+7 
           3250      4.87778e+7 
           3270      4.86374e+7 
           3290      4.84133e+7 
           3310      4.81876e+7 
           3330       4.7828e+7 
           3350      4.73996e+7 
           3370      4.71836e+7 
           3390       4.6976e+7 
           3410      4.68672e+7 
           3430      4.65912e+7 
           3450       4.6385e+7 
           3470      4.61021e+7 
           3490      4.58629e+7 
           3510      4.56506e+7 
           3530      4.54219e+7 
           3550      4.51776e+7 
           3570      4.49123e+7 
           3590      4.46705e+7 
           3610      4.44284e+7 
           3630      4.41832e+7 
           3640      4.40573e+7 
           3650      4.44723e+7 
           3670      4.39889e+7 
           3690      4.26252e+7 
           3710      4.86811e+7 
           3730      5.58396e+7 
           3750      8.06797e+7 
           3770      8.66672e+7 
           3790      1.04387e+8 
           3810      1.18899e+8 
           3830      9.50652e+7 
           3850      1.28013e+8 
           3870      1.38596e+8 
           3890      8.28366e+7 
           3910      1.35713e+8 
           3930      1.37067e+8 
           3950      1.32913e+8 
           3970      7.86043e+7 
           3990      1.27377e+8 
           4010      1.32014e+8 
           4030      1.30377e+8 
           4050      1.28934e+8 
           4070      1.25999e+8 
           4090      1.06149e+8 
           4110      8.18086e+7 
           4130      1.19869e+8 
           4150      1.20394e+8 
           4170      1.19207e+8 
           4190      1.17797e+8 
           4210       1.1624e+8 
           4230      1.14651e+8 
           4250      1.13147e+8 
           4270      1.11532e+8 
           4290      1.09735e+8 
           4310      1.06944e+8 
           4330      8.64459e+7 
           4350      7.35401e+7 
           4370      1.02412e+8 
           4390      1.02562e+8 
           4410       1.0174e+8 
           4430      1.00597e+8 
           4450      9.93451e+7 
           4470      9.78566e+7 
           4490      9.64187e+7 
           4510      9.55673e+7 
           4530      9.43636e+7 
           4550      9.30682e+7 
           4570      9.20444e+7 
           4590      9.08506e+7 
           4610      8.98123e+7 
           4630      8.86356e+7 
           4650       8.7603e+7 
           4670      8.65209e+7 
           4690      8.54522e+7 
           4710      8.43052e+7 
           4730      8.33884e+7 
           4750      8.23771e+7 
           4770      8.13781e+7 
           4790      8.02386e+7 
           4810       7.9006e+7 
           4830       7.7037e+7 
           4850      6.42534e+7 
           4870      5.20628e+7 
           4890      7.35432e+7 
           4910      7.43033e+7 
           4930      7.36319e+7 
           4950      7.30504e+7 
           4970      7.22089e+7 
           4990      7.13604e+7 
           5010      7.04481e+7 
           5030      6.97088e+7 
           5050      6.88609e+7 
           5070      6.81105e+7 
           5090      6.73306e+7 
           5110       6.6555e+7 
           5130      6.57951e+7 
           5150       6.5045e+7 
           5170      6.42158e+7 
           5190        6.354e+7 
           5210      6.28616e+7 
           5230      6.21297e+7 
           5250       6.1459e+7 
           5270      6.07465e+7 
           5290      6.00942e+7 
           5310      5.94059e+7 
           5330      5.87646e+7 
           5350      5.81234e+7 
           5370      5.74783e+7 
           5390       5.6849e+7 
           5410      5.62248e+7 
           5430      5.56107e+7 
           5450      5.50105e+7 
           5470      5.44113e+7 
           5490      5.38256e+7 
           5510      5.32433e+7 
           5530      5.26691e+7 
           5550      5.21092e+7 
           5570      5.15511e+7 
           5590       5.1002e+7 
           5610      5.04607e+7 
           5630      4.99257e+7 
           5650      4.93982e+7 
           5670      4.88781e+7 
           5690      4.83652e+7 
           5710      4.78594e+7 
           5730      4.73595e+7 
           5750      4.68666e+7 
           5770      4.63793e+7 
           5790      4.58999e+7 
           5810      4.54259e+7 
           5830      4.49585e+7 
           5850      4.44964e+7 
           5870      4.39871e+7 
           5890      4.35846e+7 
           5910      4.31488e+7 
           5930      4.27104e+7 
           5950      4.22769e+7 
           5970      4.18514e+7 
           5990      4.14286e+7 
           6010      4.10156e+7 
           6030      4.06052e+7 
           6050      4.02003e+7 
           6070      3.97998e+7 
           6090      3.94047e+7 
           6110       3.9015e+7 
           6130      3.86305e+7 
           6150      3.82422e+7 
           6170      3.78749e+7 
           6190      3.75047e+7 
           6210      3.71385e+7 
           6230      3.67771e+7 
           6250      3.64158e+7 
           6270      3.60679e+7 
           6290      3.57189e+7 
           6310      3.53746e+7 
           6330      3.50358e+7 
           6350      3.46827e+7 
           6370      3.43604e+7 
           6390      3.40414e+7 
           6410      3.37165e+7 
           6430      3.33977e+7 
           6450      3.30768e+7 
           6470      3.27674e+7 
           6490      3.23743e+7 
           6510      3.19766e+7 
           6530      3.13313e+7 
           6550      2.81328e+7 
           6570      2.26998e+7 
           6590      2.99332e+7 
           6610      3.04292e+7 
           6630      3.02973e+7 
           6650      3.00932e+7 
           6670      2.98427e+7 
           6690      2.95703e+7 
           6710      2.93039e+7 
           6730       2.9036e+7 
           6750      2.87724e+7 
           6770      2.85114e+7 
           6790       2.8253e+7 
           6810      2.79979e+7 
           6830      2.77454e+7 
           6850      2.74961e+7 
           6870        2.725e+7 
           6890      2.70056e+7 
           6910       2.6765e+7 
           6930       2.6526e+7 
           6950      2.62909e+7 
           6970      2.60581e+7 
           6990      2.58274e+7 
           7010      2.55998e+7 
           7030      2.53743e+7 
           7050      2.51517e+7 
           7070      2.49297e+7 
           7090      2.47143e+7 
           7110      2.44972e+7 
           7130      2.42859e+7 
           7150       2.4075e+7 
           7170      2.38669e+7 
           7190      2.36614e+7 
           7210      2.34571e+7 
           7230      2.32555e+7 
           7250      2.30564e+7 
           7270      2.28598e+7 
           7290      2.26644e+7 
           7310      2.24715e+7 
           7330       2.2281e+7 
           7350      2.20923e+7 
           7370      2.19052e+7 
           7390      2.17206e+7 
           7410      2.15376e+7 
           7430       2.1357e+7 
           7450       2.1178e+7 
           7470          2.1e+7 
           7490      2.08255e+7 
           7510      2.06526e+7 
           7530      2.04813e+7 
           7550      2.03121e+7 
           7570      2.01438e+7 
           7590      1.99776e+7 
           7610      1.98135e+7 
           7630      1.96509e+7 
           7650      1.94897e+7 
           7670      1.93306e+7 
           7690      1.91728e+7 
           7710      1.90171e+7 
           7730      1.88627e+7 
           7750      1.87096e+7 
           7770       1.8508e+7 
           7790      1.84087e+7 
           7810      1.82608e+7 
           7830      1.81142e+7 
           7850      1.79688e+7 
           7870      1.78229e+7 
           7890      1.76775e+7 
           7910      1.75419e+7 
           7930      1.74026e+7 
           7950      1.72639e+7 
           7970      1.71275e+7 
           7990      1.69882e+7 
           8010      1.68589e+7 
           8030      1.67259e+7 
           8050      1.65946e+7 
           8070      1.64645e+7 
           8090       1.6336e+7 
           8110      1.62085e+7 
           8130      1.60827e+7 
           8150      1.59574e+7 
           8170      1.58342e+7 
           8190      1.57103e+7 
           8210      1.56786e+7 
           8230      1.55669e+7 
           8250      1.54588e+7 
           8270      1.53533e+7 
           8290      1.52442e+7 
           8310      1.51311e+7 
           8330      1.50043e+7 
           8350      1.48703e+7 
           8370      1.46961e+7 
           8390       1.4541e+7 
           8410      1.43537e+7 
           8430      1.43254e+7 
           8450      1.42683e+7 
           8470      1.36228e+7 
           8490      1.44394e+7 
           8510      1.32594e+7 
           8530      1.45797e+7 
           8550      1.26027e+7 
           8570      1.48184e+7 
           8590      1.35175e+7 
           8610      1.30894e+7 
           8630      1.51012e+7 
           8650      1.44861e+7 
           8670      1.16649e+7 
           8690      1.49512e+7 
           8710      1.53872e+7 
           8730       1.4816e+7 
           8750      1.12936e+7 
           8770      1.40292e+7 
           8790      1.50879e+7 
           8810      1.50913e+7 
           8830      1.48186e+7 
           8850      1.33111e+7 
           8870      1.09853e+7 
           8890      1.41292e+7 
           8910      1.45181e+7 
           8930      1.44891e+7 
           8950      1.43868e+7 
           8970      1.42089e+7 
           8990      1.37244e+7 
           9010      1.08401e+7 
           9030      1.19814e+7 
           9050      1.35963e+7 
           9070      1.37141e+7 
           9090      1.36543e+7 
           9110      1.35826e+7 
           9130      1.34861e+7 
           9150      1.33768e+7 
           9170      1.32451e+7 
           9190       1.3034e+7 
           9210      1.23055e+7 
           9230       9.4628e+6 
           9250      1.18568e+7 
           9270      1.25943e+7 
           9290      1.26646e+7 
           9310      1.26094e+7 
           9330      1.25471e+7 
           9350      1.24603e+7 
           9370       1.2369e+7 
           9390      1.22771e+7 
           9410      1.21781e+7 
           9430      1.20998e+7 
           9450      1.20056e+7 
           9470      1.18899e+7 
           9490      1.17666e+7 
           9510      1.15514e+7 
           9530       1.0719e+7 
           9550      8.51418e+6 
           9570      1.07809e+7 
           9590      1.12571e+7 
           9610      1.12771e+7 
           9630      1.12235e+7 
           9650      1.11762e+7 
           9670      1.10937e+7 
           9690      1.10187e+7 
           9710       1.0941e+7 
           9730      1.08634e+7 
           9750      1.07868e+7 
           9770      1.07107e+7 
           9790      1.06355e+7 
           9810      1.05605e+7 
           9830      1.04864e+7 
           9850      1.04132e+7 
           9870      1.03405e+7 
           9890      1.02667e+7 
           9910      1.01969e+7 
           9930       1.0125e+7 
           9950       1.0052e+7 
           9970      9.95785e+6 
           9990      9.86064e+6 
          10025      9.10105e+6 
          10075      8.65353e+6 
          10125      9.42488e+6 
          10175      9.30628e+6 
          10225      9.14955e+6 
          10275      8.99578e+6 
          10325      8.84561e+6 
          10375      8.69826e+6 
          10425      8.55436e+6 
          10475       8.4128e+6 
          10525      8.27457e+6 
          10575      8.13924e+6 
          10625      8.00675e+6 
          10675      7.86977e+6 
          10725      7.74776e+6 
          10775      7.62443e+6 
          10825      7.49404e+6 
          10875      7.32845e+6 
          10925       6.3244e+6 
          10975      6.83927e+6 
          11025      7.01107e+6 
          11075      6.92671e+6 
          11125      6.81863e+6 
          11175      6.71219e+6 
          11225      6.60798e+6 
          11275      6.50387e+6 
          11325      6.40427e+6 
          11375      6.30733e+6 
          11425      6.21097e+6 
          11475      6.11662e+6 
          11525      6.02396e+6 
          11575      5.93294e+6 
          11625      5.84327e+6 
          11675      5.75518e+6 
          11725      5.67003e+6 
          11775       5.5834e+6 
          11825      5.50233e+6 
          11875      5.42136e+6 
          11925      5.34209e+6 
          11975      5.26342e+6 
          12025      5.18691e+6 
          12075      5.11149e+6 
          12125      5.03764e+6 
          12175      4.96484e+6 
          12225      4.89355e+6 
          12275      4.82327e+6 
          12325      4.75445e+6 
          12375      4.68684e+6 
          12425       4.6204e+6 
          12475      4.55487e+6 
          12525      4.49096e+6 
          12575      4.42768e+6 
          12625      4.36597e+6 
          12675      4.30533e+6 
          12725      4.23364e+6 
          12775      4.10453e+6 
          12825      3.58657e+6 
          12875      4.01693e+6 
          12925      4.00892e+6 
          12975      3.96197e+6 
          13025      3.90829e+6 
          13075      3.85532e+6 
          13125      3.80326e+6 
          13175      3.75187e+6 
          13225       3.7018e+6 
          13275      3.65238e+6 
          13325       3.6038e+6 
          13375      3.55585e+6 
          13425      3.50892e+6 
          13475       3.4626e+6 
          13525      3.41707e+6 
          13575      3.37252e+6 
          13625      3.32833e+6 
          13675       3.2851e+6 
          13725      3.24241e+6 
          13775      3.20065e+6 
          13825      3.15941e+6 
          13875      3.11887e+6 
          13925      3.07903e+6 
          13975      3.03987e+6 
          14025      3.00119e+6 
          14075      2.96317e+6 
          14125      2.92561e+6 
          14175      2.88888e+6 
          14225       2.8526e+6 
          14275      2.81693e+6 
          14325       2.7817e+6 
          14375      2.74725e+6 
          14425      2.71267e+6 
          14475      2.67958e+6 
          14525      2.64652e+6 
          14570      2.61742e+6 
          14620      2.59091e+6 
          14675      2.55718e+6 
          14725      2.52681e+6 
          14775      2.49697e+6 
          14825      2.46764e+6 
          14875      2.43831e+6 
          14925      2.40949e+6 
          14975      2.38032e+6 
          15025      2.35048e+6 
          15075      2.32099e+6 
          15125      2.29118e+6 
          15175      2.26253e+6 
          15225      2.24201e+6 
          15275      2.19893e+6 
          15325      2.17146e+6 
          15375      2.16532e+6 
          15425      2.10127e+6 
          15475      2.11934e+6 
          15525       2.0993e+6 
          15575      1.99856e+6 
          15625      2.08501e+6 
          15675      2.00504e+6 
          15725      1.92527e+6 
          15775      2.02844e+6 
          15825      2.00271e+6 
          15875      1.80161e+6 
          15925      1.93188e+6 
          15975      1.95775e+6 
          16050      1.90001e+6 
          16150      1.77848e+6 
          16250      1.85752e+6 
          16350      1.77624e+6 
          16450      1.66408e+6 
          16550      1.74059e+6 
          16650      1.70357e+6 
          16750      1.62381e+6 
          16850      1.52405e+6 
          16950      1.59384e+6 
          17050      1.56172e+6 
          17150      1.52832e+6 
          17250      1.49078e+6 
          17350      1.34661e+6 
          17450      1.41894e+6 
          17550      1.40306e+6 
          17650       1.3739e+6 
          17750      1.34543e+6 
          17850      1.31763e+6 
          17950       1.2906e+6 
          18050      1.26119e+6 
          18150      1.14898e+6 
          18250      1.19332e+6 
          18350      1.18863e+6 
          18450      1.16537e+6 
          18550        1.142e+6 
          18650       1.1143e+6 
          18750       1.0147e+6 
          18850      1.06883e+6 
          18950      1.05486e+6 
          19050      1.03443e+6 
          19150      1.01443e+6 
          19250          994906 
          19350          970030 
          19450          883909 
          19550          933360 
          19650          921416 
          19750          904131 
          19850          887243 
          19950          870751 
          20050          854627 
          20150          838882 
          20250          823497 
          20350          808473 
          20450          793775 
          20550          779423 
          20650          765381 
          20750          751670 
          20850          738254 
          20950          725138 
          21050          712313 
          21150          699774 
          21250          687497 
          21350          675509 
          21450          663764 
          21550          648979 
          21650          595255 
          21750          624197 
          21850          619183 
          21950          608785 
          22050          598479 
          22150          588388 
          22250          578522 
          22350          568855 
          22450          559388 
          22550          550119 
          22650          541042 
          22750          532147 
          22850          523863 
          22950          515409 
          23050          507132 
          23150          499014 
          23250          491065 
          23350          483261 
          23450          475599 
          23550          468077 
          23650          460672 
          23750          453401 
          23850          446223 
          23950          439168 
          24050          432130 
          24150          425038 
          24250          419157 
          24350          411921 
          24450          404973 
          24550          400199 
          24650          392643 
          24750          386802 
          24850          383872 
          24950          370464 
          25050          372681 
          25150          367484 
          25250          351266 
          25350          356116 
          25450          352538 
          25550          345859 
          25650          327467 
          25750          336633 
          25850          333018 
          25950          328107 
          26050          319508 
          26150          301308 
          26250          291854 
          26350          306914 
          26450          305750 
          26550          301676 
          26650          295507 
          26750          274117 
          26850          287160 
          26950          285650 
          27050          281900 
          27150          277967 
          27250          274094 
          27350          270290 
          27450          265310 
          27550          247176 
          27650          253005 
          27750          255211 
          27850          252240 
          27950          248818 
          28050          245448 
          28150          242138 
          28250          238879 
          28350          235678 
          28450          232525 
          28550          229069 
          28650          222589 
          28750          208683 
          28850          219111 
          28950          217514 
          29050          214707 
          29150          211906 
          29250          209152 
          29350          206439 
          29450          203771 
          29550          201148 
          29650          198563 
          29750          196022 
          29850          193522 
          29950          191061 
          30050          188640 
          30150          186251 
          30250          183156 
          30350          172410 
          30450          173672 
          30550          176610 
          30650          174886 
          30750          172722 
          30850          170587 
          30950          168484 
          31050          166415 
          31150          164378 
          31250          162371 
          31350          160394 
          31450          158446 
          31550          156531 
          31650          154645 
          31750          152783 
          31850          150952 
          31950          149149 
          32100          146493 
          32300          143042 
          32500          139692 
          32700          136350 
          32900          128046 
          33100          128746 
          33300          126888 
          33500          124068 
          33700          121290 
          33900          118584 
          34100          115950 
          34300          113385 
          34500          110890 
          34700          108464 
          34900          106096 
          35100          103799 
          35300          101564 
          35500         99356.1 
          35700         97193.7 
          35900         95274.9 
          36100         93051.3 
          36300         91339.8 
          36500         89088.8 
          36700         87656.2 
          36900           85220 
          37100         84010.8 
          37300         80954.2 
          37500         78134.7 
          37700         79054.6 
          37900           77572 
          38100         75249.3 
          38300           73921 
          38500         73081.3 
          38700         71658.8 
          38900         70089.8 
          39100         67289.9 
          39300         67497.1 
          39500         66274.4 
          39700         65008.4 
          39900           63736 
          40100         61684.4 
          40300         60066.9 
          40500         58244.1 
          40700         58960.3 
          40900           58045 
          41100         56959.6 
          41300         55896.8 
          41500         54711.9 
          41700         51904.9 
          41900         52680.9 
          42100         51892.5 
          42300         50948.1 
          42500         50023.4 
          42700           49122 
          42900         48239.3 
          43100         47376.9 
          43300         46532.3 
          43500         45663.4 
          43700         43465.1 
          43900         43664.2 
          44100         43340.7 
          44300         42587.4 
          44500         41849.7 
          44700           41197 
          44900         40417.9 
          45100         39726.8 
          45300         39051.8 
          45500           38389 
          45700         37739.9 
          45900         37100.6 
          46100         36465.6 
          46300         35785.7 
          46500         34011.5 
          46700         33356.3 
          46900         33935.6 
          47100         33544.5 
          47300         33015.5 
          47500         32484.3 
          47700         31960.8 
          47900         31446.5 
          48100         30941.3 
          48300         30448.2 
          48500           29959 
          48700         29486.3 
          48900         29017.1 
          49100         28562.4 
          49300         28106.4 
          49500         27681.4 
          49700         27224.2 
          49900         26827.9 
          50100           26407 
          50300         25969.6 
          50500         25612.1 
          50700         25214.1 
          50900         24758.9 
          51100         24341.9 
          51300         23227.7 
          51500         23647.1 
          51700           23270 
          51900         23019.6 
          52100         22696.1 
          52300           22359 
          52500         21977.1 
          52700         21581.3 
          52900         21387.5 
          53100         21119.8 
          53300         20811.8 
          53500         20482.7 
          53700         20048.2 
          53900         19767.5 
          54100         19615.1 
          54300         19354.6 
          54500         19079.7 
          54700         18808.2 
          54900         18538.9 
          55100         18182.5 
          55300         17749.4 
          55500         17737.9 
          55700         17523.3 
          55900         17278.8 
          56100         17039.7 
          56300         16804.7 
          56500         16572.7 
          56700         16345.8 
          56900         16076.3 
          57100           15556 
          57300           15622 
          57500         15474.8 
          57700         15265.9 
          57900         15060.6 
          58100         14858.9 
          58300         14650.7 
          58500         14453.8 
          58700         14254.9 
          58900         13999.7 
          59100         13403.6 
          59300         13644.4 
          59500         13215.5 
          59700         13222.2 
          59900         13169.7 
          60100         13010.3 
          60300         12844.3 
          60500         12681.3 
          60700         12519.2 
          60900         12359.9 
          61100         12202.4 
          61300         12047.7 
          61500         11894.8 
          61700         11745.5 
          61900           11597 
          62100         11451.1 
          62300         11306.9 
          62500         11160.4 
          62700         10985.8 
          62900         10553.2 
          63100         10691.8 
          63300         10615.8 
          63500         10492.1 
          63700         10379.9 
          63900         10258.7 
          64200         10072.6 
          64600         9829.98 
          65000         9594.34 
          65400         9366.36 
          65800         9139.71 
          66200         8924.72 
          66600         8716.77 
          67000         8511.45 
          67400         8286.16 
          67800         7963.55 
          68200         7922.01 
          68600         7763.85 
          69000         7589.98 
          69400         7401.91 
          69800         7252.68 
          70200         7093.05 
          70600         6933.62 
          71000         6762.37 
          71400         6636.12 
          71800         6492.09 
          72200         6351.84 
          72600         6191.05 
          73000          6076.1 
          73400         5953.41 
          73800         5822.72 
          74200         5687.03 
          74600         5462.99 
          75000         5293.03 
          75400          5327.8 
          75800         5236.45 
          76200         5139.38 
          76600         5034.74 
          77000         4932.81 
          77400          4826.3 
          77800         4690.17 
          78200          4635.1 
          78600         4549.81 
          79000         4459.97 
          79400          4372.3 
          79800         4286.75 
          80200         4203.27 
          80600         4121.87 
          81000          4040.9 
          81400          3921.8 
          81800         3870.98 
          82200         3815.17 
          82600         3743.02 
          83000         3672.58 
          83400         3603.75 
          83800         3536.54 
          84200         3470.87 
          84600         3406.75 
          85000         3344.05 
          85400         3282.84 
          85800         3222.98 
          86200         3160.69 
          86600         3055.96 
          87000         3041.41 
          87400         2960.12 
          87800         2908.05 
          88200         2891.17 
          88600         2840.12 
          89000         2790.16 
          89400         2741.35 
          89800         2693.53 
          90200         2646.72 
          90600         2600.04 
          91000         2556.26 
          91400         2512.43 
          91800         2469.57 
          92200         2427.58 
          92600         2380.21 
          93000         2346.14 
          93400         2304.28 
          93800         2229.18 
          94200         2218.48 
          94600         2193.66 
          95000         2153.77 
          95400         2117.49 
          95800         2087.28 
          96200         2053.27 
          96600         2019.91 
          97000         1987.27 
          97400         1955.25 
          97800         1923.89 
          98200         1890.44 
          98600         1856.26 
          99000         1833.49 
          99400         1804.54 
          99800         1776.18 
         100200         1748.33 
         200000         112.793 
         400000         7.08652 
         600000          1.3962 
         800000        0.439943 
         1.0e+6        0.179429 
         1.2e+6       0.0861795 
         1.4e+6       0.0463454 
         1.6e+6       0.0270774 
