# Kurucz ODFNEW /NOVER (2003)
# teff = 5750 K (value for the effective temperature for the model. Temperatures are given in K)
# logg = 5 log(cm/s2) (value for Log(G) for the model.)
# meta = 0.5  (value for the Metallicity for the model.)
# lh = 1.25  (l/Hp where l is the  mixing length of the convective element and Hp is the pressure scale height)
# vtur = 2 km/s (Microturbulence velocity)
# alpha = 0  (Alpha)
#
# column 1: WAVELENGTH (ANGSTROM), Wavelength in Angstrom
# column 2: FLUX (ERG/CM2/S/A), Flux in erg/cm2/s/A
          147.2     4.34664e-24 
            151     4.13062e-24 
          155.2     3.91008e-24 
          158.8     3.73481e-24 
            162     3.58872e-24 
            166     3.41785e-24 
          170.3     3.24743e-24 
          173.4     3.13236e-24 
          176.8     3.01304e-24 
          180.2     2.90041e-24 
          181.7     2.85272e-24 
          186.1     2.71942e-24 
            191     2.58168e-24 
          193.9     2.50504e-24 
          198.4     2.39269e-24 
          201.8     2.31274e-24 
            205      2.2411e-24 
          210.5     2.12552e-24 
          216.2     2.01492e-24 
          219.8     1.94946e-24 
            223     1.89391e-24 
          226.8     1.83098e-24 
            230     1.78038e-24 
            234     1.72004e-24 
            240       8.377e-58 
          246.5     5.27699e-56 
          252.4     1.87703e-54 
          256.8     2.41349e-53 
            260     1.46256e-52 
            264     1.30566e-51 
          268.5     1.41239e-50 
          273.5     1.81056e-49 
          278.5     2.11533e-48 
            284     2.84868e-47 
            290     4.32571e-46 
            296     5.85372e-45 
            301      4.7336e-44 
            308     7.85435e-43 
            318     3.47686e-41 
            328     1.21195e-39 
            338     3.39552e-38 
            348     7.80311e-37 
            357     1.12035e-35 
            366     1.40606e-34 
            375     1.55364e-33 
            385     1.95493e-32 
            395     2.15056e-31 
            405     2.09101e-30 
            414     1.46862e-29 
            422     7.71762e-29 
            430     3.80193e-28 
            441     3.08483e-27 
            451     1.88456e-26 
            460     8.95231e-26 
            470     4.69931e-25 
            480     2.29259e-24 
            490     1.04527e-23 
            500     4.46575e-23 
            506       1.378e-22 
            512     3.51186e-22 
            520     1.01462e-21 
            530     3.66684e-21 
            540     1.24087e-20 
            550     4.05498e-20 
            560     1.25933e-19 
            570     3.74828e-19 
            580     1.05983e-18 
            590     2.94879e-18 
            600     7.82331e-18 
            610     2.00828e-17 
            620     4.98245e-17 
            630     1.19872e-16 
            640     2.80091e-16 
            650     6.36329e-16 
            658      1.2032e-15 
            665     2.06823e-15 
            675     4.40607e-15 
            685     9.17045e-15 
            695     1.86296e-14 
            705     3.68115e-14 
            716     7.69323e-14 
            726     1.46496e-13 
            735     2.57269e-13 
            745     4.72404e-13 
            755     8.52693e-13 
            765     1.51599e-12 
            775     2.64521e-12 
            785     4.55548e-12 
            795     7.62907e-12 
            805     1.28031e-11 
            815     2.11958e-11 
            825      3.4454e-11 
            835     5.52971e-11 
            845     8.76472e-11 
            855     1.37329e-10 
            865     2.12516e-10 
            875      3.2418e-10 
            885     4.92494e-10 
            895     7.38479e-10 
            905      1.09506e-9 
            915      7.10464e-7 
            925      2.71219e-6 
            935      3.81959e-6 
            945      5.70689e-6 
            955      8.51996e-6 
            965      1.25881e-5 
            975      1.71454e-5 
            985      2.36644e-5 
            995      3.22042e-5 
           1005      4.77129e-5 
           1015      6.52879e-5 
           1025      8.50328e-5 
           1035     0.000122512 
           1045     0.000166516 
           1055     0.000217043 
           1065     0.000290506 
           1075     0.000389696 
           1085        0.000515 
           1095     0.000652303 
           1105      0.00106889 
           1115      0.00169798 
           1125       0.0022642 
           1135      0.00308993 
           1145      0.00398245 
           1155      0.00481352 
           1165      0.00630869 
           1175      0.00790255 
           1185       0.0094186 
           1195       0.0103153 
           1205       0.0129557 
           1215      0.00917615 
           1225       0.0187244 
           1235       0.0246071 
           1245       0.0298802 
           1255       0.0350508 
           1265       0.0410554 
           1275       0.0491762 
           1285       0.0572341 
           1295       0.0698366 
           1305       0.0795766 
           1315       0.0975513 
           1325        0.109788 
           1335        0.130253 
           1345        0.154569 
           1355        0.184837 
           1365        0.212827 
           1375         0.24828 
           1385        0.288681 
           1395        0.337329 
           1405        0.403462 
           1415         0.47163 
           1425        0.545273 
           1435        0.640571 
           1442        0.748979 
           1447        0.775011 
           1455        0.882981 
           1465         1.04311 
           1475         1.14496 
           1485         1.33757 
           1495         1.61678 
           1505         1.89909 
           1512         1.94087 
           1517         2.21671 
           1525         2.90968 
           1535         7.92239 
           1545         8.19863 
           1555         13.1684 
           1565         12.8196 
           1575         24.3248 
           1585         29.6933 
           1595         34.8442 
           1605         38.5603 
           1615         41.7645 
           1625         48.2727 
           1635         57.2826 
           1645         82.4022 
           1655         58.7632 
           1665         99.0737 
           1672         71.4289 
           1677         107.454 
           1685         180.057 
           1695         306.888 
           1705          389.31 
           1715         373.281 
           1725         485.543 
           1735          571.66 
           1745         784.581 
           1755         1035.03 
           1765         950.801 
           1775         1049.04 
           1785         1408.32 
           1795         1532.75 
           1805         1781.99 
           1815            1701 
           1825         2136.44 
           1835         2270.29 
           1845         1779.71 
           1855         2446.37 
           1865         2884.97 
           1875         3124.53 
           1885         3377.95 
           1895         4356.43 
           1905         4219.26 
           1915         4764.35 
           1925         4904.48 
           1935         3310.67 
           1945         6209.37 
           1955         6640.82 
           1967         8372.47 
           1976          8443.8 
           1984         8888.36 
           1995         9233.69 
           2005         9203.11 
           2015         10299.2 
           2025         8593.73 
           2035         11419.5 
           2045         13005.3 
           2055         13783.6 
           2065         13911.9 
           2074         14230.2 
           2078         16976.1 
           2085         17426.4 
           2095         22608.8 
           2105           33755 
           2115         44096.9 
           2125         40216.5 
           2135         44007.7 
           2145         54848.6 
           2155         51258.9 
           2165         50276.1 
           2175         49243.9 
           2185         64743.3 
           2195         66710.8 
           2205         66049.7 
           2215         54223.2 
           2225         67705.3 
           2235         93510.7 
           2245         90900.5 
           2255         75523.3 
           2265         63854.7 
           2275         70922.9 
           2285          100733 
           2295         79687.2 
           2305         94483.3 
           2315         94709.1 
           2325         95589.7 
           2335         98738.8 
           2345         69467.5 
           2355          108651 
           2365         82805.7 
           2375         98025.6 
           2385           73866 
           2395         89144.5 
           2405         98050.8 
           2415         89456.9 
           2425          129176 
           2435          135138 
           2445          165318 
           2455          176531 
           2465          149893 
           2475          136826 
           2485         71249.6 
           2495         97440.9 
           2505          146825 
           2513         96813.6 
           2518         72442.4 
           2525         69187.3 
           2535         94999.8 
           2545          116113 
           2555          216007 
           2565          215792 
           2575          328741 
           2585          337771 
           2595          329908 
           2605          293377 
           2615          267200 
           2625          372196 
           2635          730103 
           2645          860993 
           2655      1.46325e+6 
           2665          727497 
           2675          862743 
           2685      1.13015e+6 
           2695          690954 
           2705          961874 
           2715          632105 
           2725          410167 
           2735          567545 
           2745          379928 
           2755          527419 
           2765          716430 
           2775          721011 
           2785          436578 
           2795          202754 
           2805          254780 
           2815          691253 
           2825          939153 
           2835          741391 
           2845          402602 
           2855          205765 
           2865          563839 
           2875       1.0802e+6 
           2885      1.06684e+6 
           2895      1.59569e+6 
           2910      2.25434e+6 
           2930       2.0068e+6 
           2950       1.8735e+6 
           2970      1.95999e+6 
           2990      1.88497e+6 
           3010      1.76633e+6 
           3030      2.16972e+6 
           3050      2.19999e+6 
           3070      2.64425e+6 
           3090      2.37876e+6 
           3110      3.04598e+6 
           3130      2.82625e+6 
           3150      2.81485e+6 
           3170      3.07805e+6 
           3190       2.6212e+6 
           3210      2.83023e+6 
           3230      2.23245e+6 
           3250      3.33608e+6 
           3270      4.15171e+6 
           3290      3.97609e+6 
           3310      3.67167e+6 
           3330      3.76155e+6 
           3350      3.59693e+6 
           3370      2.68085e+6 
           3390      3.06619e+6 
           3410      3.06208e+6 
           3430      3.16273e+6 
           3450      3.34111e+6 
           3470      3.50107e+6 
           3490      4.02398e+6 
           3510      4.19444e+6 
           3530      3.71351e+6 
           3550      4.31838e+6 
           3570      2.69332e+6 
           3590      2.89759e+6 
           3610      3.67014e+6 
           3630      3.83136e+6 
           3640      3.81233e+6 
           3650      4.70145e+6 
           3670      4.93005e+6 
           3690      4.51043e+6 
           3710      4.74603e+6 
           3730       2.9206e+6 
           3750      3.30745e+6 
           3770       4.2826e+6 
           3790      4.29417e+6 
           3810      3.81217e+6 
           3830      2.03043e+6 
           3850      2.69741e+6 
           3870      2.81373e+6 
           3890      4.03142e+6 
           3910      5.02894e+6 
           3930      2.56187e+6 
           3950      4.37588e+6 
           3970      3.07533e+6 
           3990      6.46707e+6 
           4010      7.01115e+6 
           4030      6.91228e+6 
           4050      6.38781e+6 
           4070      6.16143e+6 
           4090      7.48094e+6 
           4110      7.26112e+6 
           4130      6.98556e+6 
           4150      6.85714e+6 
           4170      6.97784e+6 
           4190      6.58929e+6 
           4210      6.96937e+6 
           4230      6.56401e+6 
           4250      7.04278e+6 
           4270      6.44016e+6 
           4290      5.85807e+6 
           4310      4.98207e+6 
           4330      7.36805e+6 
           4350      7.07987e+6 
           4370      8.01479e+6 
           4390      7.04605e+6 
           4410      7.61959e+6 
           4430      8.02491e+6 
           4450      8.05034e+6 
           4470      8.66175e+6 
           4490      8.75443e+6 
           4510      9.97976e+6 
           4530      8.75747e+6 
           4550      9.13722e+6 
           4570      9.81052e+6 
           4590      9.17572e+6 
           4610      9.38203e+6 
           4630      9.13806e+6 
           4650      9.24779e+6 
           4670      9.56934e+6 
           4690      9.29539e+6 
           4710      8.81075e+6 
           4730      9.42998e+6 
           4750      9.70221e+6 
           4770      9.78742e+6 
           4790      9.73936e+6 
           4810      9.53657e+6 
           4830      9.84258e+6 
           4850      9.03622e+6 
           4870      7.93872e+6 
           4890      9.13414e+6 
           4910      9.15286e+6 
           4930      8.90607e+6 
           4950      9.41282e+6 
           4970      9.40371e+6 
           4990      8.61754e+6 
           5010      8.13072e+6 
           5030      8.73907e+6 
           5050      8.76334e+6 
           5070      9.18326e+6 
           5090      8.68359e+6 
           5110       8.8978e+6 
           5130      8.57504e+6 
           5150      8.16284e+6 
           5170      6.72179e+6 
           5190       6.9761e+6 
           5210      8.29332e+6 
           5230      8.54004e+6 
           5250      8.92874e+6 
           5270      7.47764e+6 
           5290      8.86046e+6 
           5310      9.35714e+6 
           5330      7.99172e+6 
           5350       8.8754e+6 
           5370      8.89459e+6 
           5390      8.74805e+6 
           5410      8.31201e+6 
           5430      8.70678e+6 
           5450      9.04683e+6 
           5470       8.7874e+6 
           5490      8.63212e+6 
           5510      8.64415e+6 
           5530      8.76837e+6 
           5550      8.95271e+6 
           5570      8.62212e+6 
           5590      8.31339e+6 
           5610      8.77385e+6 
           5630      8.74965e+6 
           5650      8.74529e+6 
           5670      8.48367e+6 
           5690      8.66663e+6 
           5710      8.46506e+6 
           5730      9.19653e+6 
           5750      8.74445e+6 
           5770      8.88717e+6 
           5790      8.47279e+6 
           5810       8.8064e+6 
           5830      9.01198e+6 
           5850      8.72447e+6 
           5870      8.72602e+6 
           5890      7.56682e+6 
           5910      8.58791e+6 
           5930      8.58836e+6 
           5950      8.61287e+6 
           5970      8.66276e+6 
           5990        8.527e+6 
           6010      8.33663e+6 
           6030      8.37798e+6 
           6050      8.59883e+6 
           6070      8.55166e+6 
           6090       8.2065e+6 
           6110      8.14832e+6 
           6130      7.71216e+6 
           6150      7.89725e+6 
           6170      7.49314e+6 
           6190      8.11437e+6 
           6210      8.13731e+6 
           6230       7.8322e+6 
           6250      7.55561e+6 
           6270      7.96804e+6 
           6290      8.02971e+6 
           6310      7.68766e+6 
           6330      7.70873e+6 
           6350      7.65222e+6 
           6370       7.6139e+6 
           6390      7.80204e+6 
           6410      7.55172e+6 
           6430      7.66035e+6 
           6450       7.4923e+6 
           6470      7.46729e+6 
           6490      7.37572e+6 
           6510      7.58524e+6 
           6530      7.54459e+6 
           6550      7.29732e+6 
           6570      6.61933e+6 
           6590      7.37626e+6 
           6610      7.50301e+6 
           6630      7.38497e+6 
           6650      7.38431e+6 
           6670      7.24907e+6 
           6690      7.38474e+6 
           6710      7.16976e+6 
           6730       7.3013e+6 
           6750      7.18161e+6 
           6770      7.17352e+6 
           6790       7.1086e+6 
           6810      7.05172e+6 
           6830      7.13396e+6 
           6850      6.89839e+6 
           6870       7.0117e+6 
           6890      6.98621e+6 
           6910      6.92586e+6 
           6930      6.87747e+6 
           6950      6.86181e+6 
           6970      6.82877e+6 
           6990      6.81103e+6 
           7010      6.50305e+6 
           7030      6.68237e+6 
           7050      6.72106e+6 
           7070      6.61262e+6 
           7090      6.57034e+6 
           7110      6.60065e+6 
           7130       6.4554e+6 
           7150      6.38846e+6 
           7170       6.3849e+6 
           7190      6.14283e+6 
           7210      6.34034e+6 
           7230      6.33183e+6 
           7250      6.36131e+6 
           7270      6.33491e+6 
           7290      6.08122e+6 
           7310      6.24546e+6 
           7330      6.19138e+6 
           7350      6.21449e+6 
           7370      6.19988e+6 
           7390      6.00178e+6 
           7410      5.93759e+6 
           7430      5.99847e+6 
           7450       6.0012e+6 
           7470      6.06855e+6 
           7490      5.97723e+6 
           7510      5.99212e+6 
           7530      6.00206e+6 
           7550      5.99363e+6 
           7570       5.9012e+6 
           7590      5.89728e+6 
           7610      5.81278e+6 
           7630      5.89495e+6 
           7650      5.84144e+6 
           7670      5.62895e+6 
           7690      5.76688e+6 
           7710      5.71456e+6 
           7730      5.68484e+6 
           7750      5.60448e+6 
           7770      5.70658e+6 
           7790      5.71978e+6 
           7810      5.62703e+6 
           7830      5.55998e+6 
           7850      5.55149e+6 
           7870      5.59952e+6 
           7890      5.53311e+6 
           7910      5.42249e+6 
           7930      5.26044e+6 
           7950      5.27514e+6 
           7970      5.41007e+6 
           7990      5.40722e+6 
           8010      5.31554e+6 
           8030       5.2978e+6 
           8050      5.22448e+6 
           8070      5.27335e+6 
           8090      5.13697e+6 
           8110      5.17667e+6 
           8130      5.22293e+6 
           8150      5.16869e+6 
           8170      5.15713e+6 
           8190      4.92838e+6 
           8210      4.94648e+6 
           8230      4.96162e+6 
           8250      5.01763e+6 
           8270      5.06897e+6 
           8290      5.02683e+6 
           8310       4.8503e+6 
           8330      4.85141e+6 
           8350      4.84706e+6 
           8370      4.90689e+6 
           8390      4.76456e+6 
           8410      4.87871e+6 
           8430      4.74818e+6 
           8450      4.78277e+6 
           8470      4.73941e+6 
           8490      4.68162e+6 
           8510      4.43554e+6 
           8530      4.55601e+6 
           8550      3.85792e+6 
           8570       4.7048e+6 
           8590      4.59112e+6 
           8610      4.59589e+6 
           8630      4.63693e+6 
           8650      4.53556e+6 
           8670      3.84704e+6 
           8690      4.39038e+6 
           8710      4.48947e+6 
           8730      4.46374e+6 
           8750      4.40443e+6 
           8770      4.48551e+6 
           8790      4.43753e+6 
           8810      4.27189e+6 
           8830      4.39012e+6 
           8850      4.38511e+6 
           8870      4.25216e+6 
           8890      4.38073e+6 
           8910      4.40578e+6 
           8930      4.27675e+6 
           8950      4.29547e+6 
           8970      4.28617e+6 
           8990      4.28773e+6 
           9010      4.03561e+6 
           9030       4.1881e+6 
           9050      4.29376e+6 
           9070      4.19667e+6 
           9090      4.04723e+6 
           9110      4.07351e+6 
           9130      4.19014e+6 
           9150      4.09274e+6 
           9170      4.04596e+6 
           9190      4.06629e+6 
           9210      3.90843e+6 
           9230      3.83142e+6 
           9250       3.8482e+6 
           9270      3.93749e+6 
           9290      3.93504e+6 
           9310      3.97075e+6 
           9330      3.93872e+6 
           9350      3.91793e+6 
           9370      3.89972e+6 
           9390       3.8677e+6 
           9410      3.65565e+6 
           9430      3.78912e+6 
           9450      3.71762e+6 
           9470      3.80952e+6 
           9490      3.81728e+6 
           9510      3.78245e+6 
           9530      3.72652e+6 
           9550      3.58515e+6 
           9570      3.69009e+6 
           9590      3.74341e+6 
           9610      3.68236e+6 
           9630       3.6488e+6 
           9650      3.62305e+6 
           9670      3.59901e+6 
           9690      3.64468e+6 
           9710      3.62045e+6 
           9730      3.61891e+6 
           9750      3.56433e+6 
           9770      3.57328e+6 
           9790      3.52497e+6 
           9810      3.57704e+6 
           9830      3.53415e+6 
           9850      3.55205e+6 
           9870      3.51346e+6 
           9890      3.50396e+6 
           9910       3.4588e+6 
           9930      3.51361e+6 
           9950      3.49041e+6 
           9970      3.48077e+6 
           9990      3.45624e+6 
          10025         3.41e+6 
          10075      3.33638e+6 
          10125      3.36278e+6 
          10175      3.27738e+6 
          10225      3.27808e+6 
          10275       3.2767e+6 
          10325       3.2067e+6 
          10375       3.1746e+6 
          10425      3.16526e+6 
          10475      3.10192e+6 
          10525      3.09734e+6 
          10575      3.04811e+6 
          10625      3.01625e+6 
          10675      2.92274e+6 
          10725      2.93109e+6 
          10775      2.88918e+6 
          10825      2.79398e+6 
          10875      2.79402e+6 
          10925      2.73978e+6 
          10975      2.66246e+6 
          11025      2.68811e+6 
          11075      2.69445e+6 
          11125      2.66204e+6 
          11175       2.6459e+6 
          11225      2.63315e+6 
          11275      2.55502e+6 
          11325      2.56923e+6 
          11375      2.53324e+6 
          11425      2.49651e+6 
          11475      2.53534e+6 
          11525       2.5116e+6 
          11575      2.46757e+6 
          11625      2.42177e+6 
          11675      2.41213e+6 
          11725      2.43564e+6 
          11775      2.36536e+6 
          11825      2.32662e+6 
          11875      2.31284e+6 
          11925      2.35823e+6 
          11975      2.22485e+6 
          12025      2.26024e+6 
          12075      2.21874e+6 
          12125      2.23326e+6 
          12175      2.25058e+6 
          12225      2.22888e+6 
          12275      2.19474e+6 
          12325      2.17796e+6 
          12375      2.16408e+6 
          12425      2.13025e+6 
          12475      2.13299e+6 
          12525      2.09906e+6 
          12575      2.08552e+6 
          12625      2.06996e+6 
          12675       2.0334e+6 
          12725      2.03585e+6 
          12775      2.01868e+6 
          12825      1.86406e+6 
          12875      1.96379e+6 
          12925      1.94479e+6 
          12975      1.95404e+6 
          13025      1.91095e+6 
          13075      1.92105e+6 
          13125      1.86598e+6 
          13175      1.85419e+6 
          13225      1.86845e+6 
          13275       1.8254e+6 
          13325       1.8273e+6 
          13375        1.808e+6 
          13425      1.80927e+6 
          13475      1.78921e+6 
          13525      1.77794e+6 
          13575      1.73488e+6 
          13625      1.73172e+6 
          13675      1.71626e+6 
          13725      1.70864e+6 
          13775       1.6934e+6 
          13825      1.68598e+6 
          13875      1.67579e+6 
          13925      1.66079e+6 
          13975      1.64456e+6 
          14025      1.61623e+6 
          14075      1.61276e+6 
          14125      1.56824e+6 
          14175      1.58264e+6 
          14225      1.53948e+6 
          14275      1.49845e+6 
          14325      1.53173e+6 
          14375      1.53709e+6 
          14425      1.45935e+6 
          14475      1.50267e+6 
          14525      1.45699e+6 
          14570       1.4661e+6 
          14620      1.45364e+6 
          14675      1.44282e+6 
          14725      1.40105e+6 
          14775       1.4013e+6 
          14825      1.39892e+6 
          14875      1.33888e+6 
          14925      1.40282e+6 
          14975      1.37366e+6 
          15025       1.3001e+6 
          15075      1.31211e+6 
          15125      1.34344e+6 
          15175      1.34471e+6 
          15225      1.30823e+6 
          15275      1.32356e+6 
          15325      1.30364e+6 
          15375      1.30007e+6 
          15425       1.2906e+6 
          15475      1.28044e+6 
          15525      1.25359e+6 
          15575      1.24424e+6 
          15625      1.25829e+6 
          15675      1.21037e+6 
          15725      1.22416e+6 
          15775      1.14337e+6 
          15825      1.18224e+6 
          15875      1.13033e+6 
          15925      1.15268e+6 
          15975       1.1573e+6 
          16050      1.14786e+6 
          16150      1.12301e+6 
          16250      1.11933e+6 
          16350      1.08718e+6 
          16450      1.06523e+6 
          16550      1.06277e+6 
          16650      1.04355e+6 
          16750      1.00446e+6 
          16850          977999 
          16950          992745 
          17050          954982 
          17150          939062 
          17250          907949 
          17350          866913 
          17450          870504 
          17550          867033 
          17650          850464 
          17750          829705 
          17850          821806 
          17950          806045 
          18050          783957 
          18150          749805 
          18250          744393 
          18350          736123 
          18450          713412 
          18550          709683 
          18650          684351 
          18750          641258 
          18850          664669 
          18950          632400 
          19050          647308 
          19150          630960 
          19250          619908 
          19350          599722 
          19450          569014 
          19550          586450 
          19650          573345 
          19750          559566 
          19850          555262 
          19950          545459 
          20050          540247 
          20150          534666 
          20250          516785 
          20350          503495 
          20450          505735 
          20550          492493 
          20650          480455 
          20750          475975 
          20850          465874 
          20950          453978 
          21050          453629 
          21150          443648 
          21250          434768 
          21350          430432 
          21450          423685 
          21550          415398 
          21650          390439 
          21750          394797 
          21850          391657 
          21950          390059 
          22050          376991 
          22150          377173 
          22250          369483 
          22350          363281 
          22450          357398 
          22550          350672 
          22650          343925 
          22750          341658 
          22850          331213 
          22950          323033 
          23050          322746 
          23150          316864 
          23250          305182 
          23350          303485 
          23450          302745 
          23550          288802 
          23650          291329 
          23750          282469 
          23850          273403 
          23950          277062 
          24050          273160 
          24150          261117 
          24250          262824 
          24350          259520 
          24450          253582 
          24550          245839 
          24650          248591 
          24750          241894 
          24850          235168 
          24950          237106 
          25050          233565 
          25150          228519 
          25250          228509 
          25350          224365 
          25450          217917 
          25550          216388 
          25650          213811 
          25750          213022 
          25850          204189 
          25950          205265 
          26050          203792 
          26150          200005 
          26250          189578 
          26350          193133 
          26450          189936 
          26550          188204 
          26650          184343 
          26750          185105 
          26850          182956 
          26950          179940 
          27050          178005 
          27150          175158 
          27250          172880 
          27350          170656 
          27450          169025 
          27550          165621 
          27650          163159 
          27750          161188 
          27850          159328 
          27950          158089 
          28050          155795 
          28150          153911 
          28250          151723 
          28350          150303 
          28450          147191 
          28550          145852 
          28650          143551 
          28750          141150 
          28850          139929 
          28950          138600 
          29050          136812 
          29150          135126 
          29250          132024 
          29350          131524 
          29450          129538 
          29550          128231 
          29650          126759 
          29750          125142 
          29850          123544 
          29950          121452 
          30050          119994 
          30150          118996 
          30250          117091 
          30350          114722 
          30450          113941 
          30550          112962 
          30650          111276 
          30750          110509 
          30850          108373 
          30950          107336 
          31050          106501 
          31150          103671 
          31250          103722 
          31350          102544 
          31450          101440 
          31550         99590.4 
          31650         98510.8 
          31750         97577.3 
          31850         96475.4 
          31950         95569.8 
          32100         93603.8 
          32300         91429.9 
          32500         89173.9 
          32700         87075.2 
          32900         84390.9 
          33100         82717.4 
          33300         80884.3 
          33500         79441.3 
          33700         77436.4 
          33900         75591.1 
          34100         73712.4 
          34300         72576.7 
          34500         71148.9 
          34700         69458.2 
          34900         67999.4 
          35100         66618.2 
          35300         64964.5 
          35500         63741.3 
          35700         62284.3 
          35900           60879 
          36100         59885.4 
          36300         58592.6 
          36500         56795.7 
          36700         55728.1 
          36900         54088.1 
          37100         52860.5 
          37300           52176 
          37500         50289.5 
          37700         50128.5 
          37900         49105.1 
          38100         48222.4 
          38300         47542.9 
          38500         46684.2 
          38700         45556.5 
          38900         44521.6 
          39100         44000.8 
          39300         43107.7 
          39500         41923.7 
          39700         41339.9 
          39900         40143.2 
          40100         39591.5 
          40300         39074.2 
          40500         37839.5 
          40700         37418.5 
          40900           36844 
          41100         36216.4 
          41300         35654.4 
          41500         34804.1 
          41700         34291.3 
          41900         33612.8 
          42100         32701.1 
          42300         32567.4 
          42500         31802.7 
          42700           31363 
          42900         30113.2 
          43100         29205.7 
          43300         28978.7 
          43500         27775.1 
          43700         27227.6 
          43900           27027 
          44100         25682.1 
          44300         25619.7 
          44500         25313.8 
          44700         24237.4 
          44900           24278 
          45100         23829.8 
          45300         22946.1 
          45500           22894 
          45700         22638.1 
          45900         21792.2 
          46100         21757.7 
          46300         21387.4 
          46500         20905.9 
          46700         20744.5 
          46900         20494.3 
          47100         20084.6 
          47300         19975.7 
          47500         19602.5 
          47700           19253 
          47900         18977.6 
          48100         18590.5 
          48300         18533.8 
          48500           18149 
          48700         17846.2 
          48900         17624.9 
          49100         17333.1 
          49300         17090.5 
          49500         16794.3 
          49700         16583.1 
          49900         16356.6 
          50100         16022.2 
          50300         15917.4 
          50500         15587.7 
          50700         15390.2 
          50900         15198.2 
          51100         14896.3 
          51300         14731.7 
          51500         14522.3 
          51700           14413 
          51900         14125.9 
          52100         13896.9 
          52300           13691 
          52500         13567.7 
          52700         13424.1 
          52900         13122.7 
          53100           12978 
          53300         12804.3 
          53500         12631.8 
          53700           12419 
          53900         12300.7 
          54100         12134.5 
          54300         11890.8 
          54500         11809.7 
          54700         11620.1 
          54900         11459.8 
          55100         11329.8 
          55300         11229.4 
          55500         10994.3 
          55700         10933.9 
          55900         10682.3 
          56100         10599.7 
          56300         10435.8 
          56500         10357.2 
          56700         10219.4 
          56900         10018.9 
          57100         9952.03 
          57300         9824.28 
          57500          9691.1 
          57700         9553.32 
          57900          9449.9 
          58100         9307.05 
          58300         9201.07 
          58500         9096.11 
          58700          8950.7 
          58900         8805.64 
          59100         8736.33 
          59300         8633.25 
          59500         8486.35 
          59700         8426.73 
          59900         8319.84 
          60100         8199.89 
          60300         8112.23 
          60500         8004.34 
          60700         7899.22 
          60900         7789.63 
          61100         7673.53 
          61300         7612.51 
          61500         7528.11 
          61700         7435.55 
          61900         7350.02 
          62100         7264.07 
          62300         7135.19 
          62500         7061.54 
          62700         6979.67 
          62900         6909.83 
          63100         6795.04 
          63300         6755.55 
          63500         6664.11 
          63700         6589.28 
          63900          6501.5 
          64200         6394.54 
          64600         6231.55 
          65000         6083.49 
          65400         5954.16 
          65800         5819.87 
          66200         5678.23 
          66600         5553.49 
          67000         5420.49 
          67400         5290.16 
          67800         5177.44 
          68200         5059.63 
          68600         4947.64 
          69000         4835.84 
          69400         4725.11 
          69800         4625.95 
          70200         4512.23 
          70600         4422.32 
          71000          4326.6 
          71400         4231.85 
          71800         4140.03 
          72200         4050.78 
          72600         3962.24 
          73000         3881.82 
          73400         3793.89 
          73800         3718.78 
          74200         3635.62 
          74600         3548.87 
          75000         3486.14 
          75400         3415.52 
          75800         3348.49 
          76200         3279.62 
          76600         3213.42 
          77000         3143.14 
          77400         3084.83 
          77800         3023.31 
          78200         2962.89 
          78600         2904.34 
          79000         2846.57 
          79400         2790.35 
          79800         2735.94 
          80200         2679.49 
          80600         2626.75 
          81000         2579.63 
          81400         2524.55 
          81800         2479.87 
          82200         2434.89 
          82600         2387.84 
          83000         2343.55 
          83400         2296.05 
          83800         2254.55 
          84200         2214.63 
          84600         2173.63 
          85000         2133.77 
          85400          2094.2 
          85800         2056.66 
          86200         2018.45 
          86600         1982.92 
          87000         1947.36 
          87400         1912.16 
          87800         1878.07 
          88200         1842.04 
          88600         1809.99 
          89000         1777.82 
          89400         1748.38 
          89800         1715.46 
          90200         1686.89 
          90600         1659.64 
          91000         1628.38 
          91400         1601.31 
          91800         1574.91 
          92200         1548.96 
          92600         1522.42 
          93000         1497.12 
          93400         1471.15 
          93800         1446.94 
          94200         1423.26 
          94600         1398.95 
          95000          1376.3 
          95400         1353.32 
          95800         1331.21 
          96200         1309.13 
          96600         1288.09 
          97000         1267.84 
          97400         1244.35 
          97800         1225.25 
          98200         1207.39 
          98600         1188.28 
          99000         1169.43 
          99400         1150.09 
          99800         1132.79 
         100200         1115.02 
         200000         71.6596 
         400000         4.47272 
         600000        0.877089 
         800000        0.275519 
         1.0e+6        0.112122 
         1.2e+6       0.0537598 
         1.4e+6       0.0288679 
         1.6e+6       0.0168439 
