# Kurucz ODFNEW /NOVER (2003)
# teff = 5500 K (value for the effective temperature for the model. Temperatures are given in K)
# logg = 1.5 log(cm/s2) (value for Log(G) for the model.)
# meta = -2  (value for the Metallicity for the model.)
# lh = 1.25  (l/Hp where l is the  mixing length of the convective element and Hp is the pressure scale height)
# vtur = 2 km/s (Microturbulence velocity)
# alpha = 0  (Alpha)
#
# column 1: WAVELENGTH (ANGSTROM), Wavelength in Angstrom
# column 2: FLUX (ERG/CM2/S/A), Flux in erg/cm2/s/A
          147.2      1.7477e-98 
            151     9.72547e-96 
          155.2     7.30263e-93 
          158.8     1.60223e-90 
            162     1.57416e-88 
            166     3.78124e-86 
          170.3     1.02292e-83 
          173.4     4.86317e-82 
          176.8     2.86721e-80 
          180.2     1.44522e-78 
          181.7     7.76865e-78 
          186.1     9.20318e-76 
            191     1.43965e-73 
          193.9     2.52788e-72 
          198.4     1.82198e-70 
          201.8     4.06321e-69 
            205     6.86665e-68 
          210.5     7.18103e-66 
          216.2     6.89264e-64 
          219.8     1.08686e-62 
            223      1.1662e-61 
          226.8     1.78843e-60 
            230     1.66081e-59 
            234     2.46013e-58 
            240     1.18035e-56 
          246.5     6.29182e-55 
          252.4     1.93741e-53 
          256.8     2.24679e-52 
            260     1.26589e-51 
            264      1.0342e-50 
          268.5     1.01576e-49 
          273.5     1.17402e-48 
          278.5     1.24129e-47 
            284     1.50386e-46 
            290     2.04401e-45 
            296     2.48686e-44 
            301     1.84712e-43 
            308     2.73131e-42 
            318     1.03511e-40 
            328     3.11832e-39 
            338     7.61545e-38 
            348     1.53776e-36 
            357     1.97736e-35 
            366     2.23463e-34 
            375     2.23466e-33 
            385     2.53042e-32 
            395     2.51837e-31 
            405     2.22643e-30 
            414     1.44103e-29 
            422     7.06267e-29 
            430     3.25344e-28 
            441     2.41673e-27 
            451      1.3675e-26 
            460      6.0809e-26 
            470     2.97495e-25 
            480     1.35665e-24 
            490     5.79765e-24 
            500     2.32774e-23 
            506     6.92952e-23 
            512     1.70757e-22 
            520     4.71246e-22 
            530     1.61153e-21 
            540     5.17202e-21 
            550     1.60493e-20 
            560     4.74348e-20 
            570     1.34598e-19 
            580     3.63459e-19 
            590     9.66986e-19 
            600     2.45805e-18 
            610     6.04539e-18 
            620     1.44096e-17 
            630     3.33361e-17 
            640     7.50065e-17 
            650     1.64272e-16 
            658     3.01887e-16 
            665     5.07483e-16 
            675      1.0443e-15 
            685     2.10032e-15 
            695     4.13234e-15 
            705     7.96095e-15 
            716     1.60037e-14 
            726     2.95894e-14 
            735     5.06588e-14 
            745     9.05603e-14 
            755     1.59165e-13 
            765     2.75235e-13 
            775     4.68578e-13 
            785     7.85891e-13 
            795     1.29895e-12 
            805     2.11809e-12 
            815     3.40791e-12 
            825     5.41372e-12 
            835      8.4961e-12 
            845     1.31756e-11 
            855     2.01999e-11 
            865     3.06288e-11 
            875     4.59466e-11 
            885     6.82343e-11 
            895     1.00326e-10 
            905     1.46106e-10 
            915      4.00283e-6 
            925      1.42564e-5 
            935      1.93694e-5 
            945      3.10124e-5 
            955      4.66438e-5 
            965      6.23011e-5 
            975         7.79e-5 
            985     0.000129992 
            995     0.000176685 
           1005     0.000245898 
           1015     0.000303932 
           1025     0.000427674 
           1035     0.000626133 
           1045      0.00086632 
           1055      0.00114915 
           1065      0.00151841 
           1075       0.0020218 
           1085       0.0026742 
           1095      0.00343857 
           1105      0.00806974 
           1115       0.0187731 
           1125       0.0242732 
           1135       0.0321773 
           1145       0.0359251 
           1155       0.0352718 
           1165       0.0373503 
           1175       0.0349381 
           1185        0.106978 
           1195       0.0287818 
           1205       0.0263213 
           1215       0.0172338 
           1225       0.0389928 
           1235       0.0664996 
           1245       0.0634305 
           1255        0.133252 
           1265        0.229059 
           1275        0.344836 
           1285         0.54875 
           1295        0.788896 
           1305         1.06673 
           1315          1.5008 
           1325         2.04881 
           1335         2.66552 
           1345         3.52088 
           1355         4.36023 
           1365         5.70283 
           1375         7.00864 
           1385         8.62448 
           1395         10.6282 
           1405         12.8151 
           1415         15.8425 
           1425         18.5092 
           1435         21.5311 
           1442         25.7396 
           1447         27.0626 
           1455         31.9923 
           1465         36.0032 
           1475         42.8604 
           1485         49.6771 
           1495         59.5394 
           1505         69.6035 
           1512         75.9327 
           1517          80.922 
           1525         94.5053 
           1535         109.543 
           1545         126.827 
           1555         143.809 
           1565         152.793 
           1575         187.892 
           1585          216.75 
           1595          254.63 
           1605          278.83 
           1615         313.288 
           1625         343.142 
           1635         409.224 
           1645         487.586 
           1655         451.108 
           1665         619.555 
           1672         562.038 
           1677         669.206 
           1685         772.387 
           1695          833.78 
           1705         954.282 
           1715          1282.4 
           1725         1875.15 
           1735         2937.39 
           1745         3891.48 
           1755         6114.22 
           1765          6225.2 
           1775         8676.21 
           1785         10618.3 
           1795         17924.3 
           1805         14263.1 
           1815         19592.3 
           1825         17519.7 
           1835         23238.9 
           1845         19585.6 
           1855           24848 
           1865         32272.3 
           1875         33612.4 
           1885         37878.4 
           1895         44364.8 
           1905         44135.9 
           1915         51060.3 
           1925         51974.8 
           1935         34964.1 
           1945         67632.6 
           1955         75336.5 
           1967         90926.1 
           1976         94776.3 
           1984         96233.9 
           1995          101262 
           2005          101979 
           2015          108049 
           2025         98228.7 
           2035          130133 
           2045          149772 
           2055          150165 
           2065          145957 
           2074          189719 
           2078          211402 
           2085          211146 
           2095          210698 
           2105          210690 
           2115          234010 
           2125          226816 
           2135          202951 
           2145          253360 
           2155          263012 
           2165          255934 
           2175          265754 
           2185          298308 
           2195          348516 
           2205          338427 
           2215          305186 
           2225          327196 
           2235          407468 
           2245          382109 
           2255          340544 
           2265          337668 
           2275          404693 
           2285          433310 
           2295          404601 
           2305          463482 
           2315          471852 
           2325          462282 
           2335          358258 
           2345          272931 
           2355          467880 
           2365          304180 
           2375          424682 
           2385          231711 
           2395          320350 
           2405          322120 
           2415          393393 
           2425          611076 
           2435          618406 
           2445          682433 
           2455          687324 
           2465          712821 
           2475          645817 
           2485          598334 
           2495          610572 
           2505          814153 
           2513          661928 
           2518          631435 
           2525          561032 
           2535          590165 
           2545          639280 
           2555          741395 
           2565          703044 
           2575          811682 
           2585          770685 
           2595          735834 
           2605          646422 
           2615          596092 
           2625          797511 
           2635          984033 
           2645      1.28597e+6 
           2655      1.37822e+6 
           2665      1.19762e+6 
           2675      1.30946e+6 
           2685      1.37017e+6 
           2695      1.19715e+6 
           2705      1.29036e+6 
           2715      1.13383e+6 
           2725      1.18128e+6 
           2735      1.28245e+6 
           2745          874999 
           2755      1.07425e+6 
           2765      1.23669e+6 
           2775      1.40944e+6 
           2785      1.20073e+6 
           2795          367739 
           2805          507013 
           2815      1.49998e+6 
           2825      1.66635e+6 
           2835      1.64749e+6 
           2845      1.59013e+6 
           2855      1.32176e+6 
           2865      1.67146e+6 
           2875      1.69117e+6 
           2885      1.73971e+6 
           2895      1.71499e+6 
           2910      1.98328e+6 
           2930      1.96551e+6 
           2950      1.96852e+6 
           2970      2.07201e+6 
           2990      2.10397e+6 
           3010      2.17345e+6 
           3030      2.22811e+6 
           3050      2.30492e+6 
           3070      2.32831e+6 
           3090      2.39628e+6 
           3110       2.3922e+6 
           3130      2.41414e+6 
           3150       2.5039e+6 
           3170      2.59994e+6 
           3190      2.45027e+6 
           3210      2.59606e+6 
           3230       2.4802e+6 
           3250          2.7e+6 
           3270      2.85891e+6 
           3290      2.92892e+6 
           3310      3.01563e+6 
           3330      2.97979e+6 
           3350      2.97718e+6 
           3370      2.89328e+6 
           3390      3.01443e+6 
           3410      3.05359e+6 
           3430      3.21752e+6 
           3450      3.20184e+6 
           3470      3.20259e+6 
           3490      3.23125e+6 
           3510      3.33764e+6 
           3530      3.31867e+6 
           3550       3.5277e+6 
           3570      3.34729e+6 
           3590      3.35833e+6 
           3610       3.4513e+6 
           3630      3.54975e+6 
           3640      3.51833e+6 
           3650       3.7089e+6 
           3670       3.6795e+6 
           3690      3.82094e+6 
           3710      4.45782e+6 
           3730      4.80169e+6 
           3750      5.41365e+6 
           3770      5.60923e+6 
           3790      5.91291e+6 
           3810      6.26131e+6 
           3830      5.66087e+6 
           3850      6.38172e+6 
           3870      6.46509e+6 
           3890      5.86501e+6 
           3910      6.43082e+6 
           3930      5.03472e+6 
           3950       6.4548e+6 
           3970      5.15559e+6 
           3990      6.75908e+6 
           4010      6.89963e+6 
           4030      6.86148e+6 
           4050       6.9016e+6 
           4070      6.81824e+6 
           4090      6.94878e+6 
           4110      6.40985e+6 
           4130      6.95729e+6 
           4150      6.99561e+6 
           4170      6.98846e+6 
           4190       6.9395e+6 
           4210      6.93324e+6 
           4230      6.87562e+6 
           4250        6.941e+6 
           4270      6.96208e+6 
           4290      6.82813e+6 
           4310      6.51222e+6 
           4330      6.81147e+6 
           4350        6.481e+6 
           4370      7.06689e+6 
           4390      6.97724e+6 
           4410      6.93076e+6 
           4430      7.07813e+6 
           4450      7.02816e+6 
           4470      7.02537e+6 
           4490      7.11653e+6 
           4510      7.17764e+6 
           4530      7.01747e+6 
           4550       7.0005e+6 
           4570      7.15834e+6 
           4590      7.09324e+6 
           4610      7.17701e+6 
           4630      7.13007e+6 
           4650      7.14867e+6 
           4670      7.18413e+6 
           4690      7.18276e+6 
           4710      7.11255e+6 
           4730       7.1534e+6 
           4750      7.16642e+6 
           4770      7.14569e+6 
           4790      7.11964e+6 
           4810      7.12764e+6 
           4830      7.09829e+6 
           4850      6.93624e+6 
           4870      6.35901e+6 
           4890      6.99385e+6 
           4910      7.02669e+6 
           4930      6.91446e+6 
           4950      6.96832e+6 
           4970       7.0336e+6 
           4990      6.91636e+6 
           5010      6.80992e+6 
           5030      6.94751e+6 
           5050        6.879e+6 
           5070      6.94266e+6 
           5090      6.88501e+6 
           5110      6.87003e+6 
           5130      6.83003e+6 
           5150      6.76416e+6 
           5170      6.63313e+6 
           5190      6.65512e+6 
           5210      6.64992e+6 
           5230      6.67477e+6 
           5250       6.7842e+6 
           5270      6.58862e+6 
           5290      6.73073e+6 
           5310      6.71393e+6 
           5330      6.59972e+6 
           5350      6.68485e+6 
           5370      6.63463e+6 
           5390      6.61816e+6 
           5410      6.57047e+6 
           5430      6.56433e+6 
           5450      6.56951e+6 
           5470      6.57368e+6 
           5490      6.57899e+6 
           5510      6.54758e+6 
           5530      6.52876e+6 
           5550      6.54747e+6 
           5570       6.4879e+6 
           5590       6.4588e+6 
           5610      6.44826e+6 
           5630      6.46576e+6 
           5650      6.43482e+6 
           5670      6.40216e+6 
           5690      6.40564e+6 
           5710      6.37055e+6 
           5730      6.37767e+6 
           5750      6.35059e+6 
           5770      6.33323e+6 
           5790      6.30832e+6 
           5810      6.29242e+6 
           5830      6.27537e+6 
           5850      6.23947e+6 
           5870      6.22895e+6 
           5890      6.13644e+6 
           5910      6.18677e+6 
           5930      6.16653e+6 
           5950      6.14813e+6 
           5970      6.12772e+6 
           5990      6.10493e+6 
           6010      6.08064e+6 
           6030      6.05871e+6 
           6050      6.04702e+6 
           6070      6.02493e+6 
           6090      6.00076e+6 
           6110      5.97536e+6 
           6130      5.91618e+6 
           6150      5.90456e+6 
           6170       5.8802e+6 
           6190      5.88945e+6 
           6210      5.87463e+6 
           6230      5.83814e+6 
           6250      5.78975e+6 
           6270      5.80998e+6 
           6290      5.78957e+6 
           6310      5.75349e+6 
           6330      5.73919e+6 
           6350      5.72804e+6 
           6370      5.70615e+6 
           6390       5.6834e+6 
           6410      5.64442e+6 
           6430      5.62758e+6 
           6450      5.59835e+6 
           6470      5.58944e+6 
           6490      5.53072e+6 
           6510      5.55572e+6 
           6530      5.53703e+6 
           6550      5.44048e+6 
           6570      4.92215e+6 
           6590       5.4554e+6 
           6610      5.45555e+6 
           6630      5.43922e+6 
           6650       5.4172e+6 
           6670      5.39069e+6 
           6690      5.37837e+6 
           6710      5.35422e+6 
           6730      5.33667e+6 
           6750      5.31386e+6 
           6770      5.29418e+6 
           6790      5.27407e+6 
           6810      5.25337e+6 
           6830      5.23363e+6 
           6850       5.2105e+6 
           6870      5.19226e+6 
           6890      5.17367e+6 
           6910      5.15284e+6 
           6930      5.13302e+6 
           6950      5.11218e+6 
           6970      5.09335e+6 
           6990      5.07288e+6 
           7010      5.04865e+6 
           7030      5.03217e+6 
           7050      5.01328e+6 
           7070       4.9928e+6 
           7090      4.97299e+6 
           7110      4.95258e+6 
           7130      4.93054e+6 
           7150      4.90955e+6 
           7170      4.89268e+6 
           7190      4.86615e+6 
           7210      4.84818e+6 
           7230      4.83278e+6 
           7250      4.81669e+6 
           7270      4.79714e+6 
           7290      4.77298e+6 
           7310      4.75522e+6 
           7330      4.73554e+6 
           7350      4.71971e+6 
           7370      4.70245e+6 
           7390      4.67883e+6 
           7410      4.65395e+6 
           7430      4.63957e+6 
           7450      4.62223e+6 
           7470      4.60575e+6 
           7490      4.58467e+6 
           7510      4.56577e+6 
           7530      4.55018e+6 
           7550      4.53371e+6 
           7570      4.51366e+6 
           7590      4.49481e+6 
           7610      4.47726e+6 
           7630      4.45926e+6 
           7650      4.44099e+6 
           7670      4.41453e+6 
           7690      4.40523e+6 
           7710      4.37962e+6 
           7730      4.36594e+6 
           7750      4.34682e+6 
           7770      4.32947e+6 
           7790       4.3154e+6 
           7810       4.2987e+6 
           7830      4.27805e+6 
           7850      4.26142e+6 
           7870      4.24629e+6 
           7890      4.22849e+6 
           7910      4.21044e+6 
           7930      4.18785e+6 
           7950      4.17098e+6 
           7970      4.15986e+6 
           7990      4.14278e+6 
           8010      4.12364e+6 
           8030      4.10774e+6 
           8050      4.08869e+6 
           8070      4.07476e+6 
           8090      4.05515e+6 
           8110      4.04125e+6 
           8130      4.02498e+6 
           8150      4.00814e+6 
           8170      3.99148e+6 
           8190      3.96336e+6 
           8210      3.95631e+6 
           8230      3.93527e+6 
           8250      3.92385e+6 
           8270      3.91112e+6 
           8290       3.8943e+6 
           8310      3.87558e+6 
           8330      3.84179e+6 
           8350      3.84448e+6 
           8370      3.82167e+6 
           8390      3.79533e+6 
           8410      3.79019e+6 
           8430       3.7822e+6 
           8450      3.76352e+6 
           8470      3.72518e+6 
           8490      3.74779e+6 
           8510      3.62585e+6 
           8530      3.72433e+6 
           8550      3.49012e+6 
           8570      3.70513e+6 
           8590      3.66656e+6 
           8610      3.61783e+6 
           8630      3.66927e+6 
           8650      3.64804e+6 
           8670      3.42184e+6 
           8690      3.60595e+6 
           8710      3.61166e+6 
           8730      3.59473e+6 
           8750      3.48109e+6 
           8770      3.56212e+6 
           8790      3.55226e+6 
           8810      3.52271e+6 
           8830      3.51397e+6 
           8850      3.49772e+6 
           8870      3.39381e+6 
           8890      3.48052e+6 
           8910      3.46558e+6 
           8930      3.44846e+6 
           8950      3.43749e+6 
           8970      3.42475e+6 
           8990      3.41009e+6 
           9010      3.29529e+6 
           9030      3.36475e+6 
           9050      3.37013e+6 
           9070      3.34521e+6 
           9090      3.31478e+6 
           9110      3.32144e+6 
           9130      3.31494e+6 
           9150      3.30177e+6 
           9170      3.28828e+6 
           9190      3.27524e+6 
           9210      3.24939e+6 
           9230       3.1368e+6 
           9250      3.22122e+6 
           9270      3.22053e+6 
           9290       3.2089e+6 
           9310      3.19635e+6 
           9330      3.18318e+6 
           9350      3.17009e+6 
           9370       3.1567e+6 
           9390      3.14489e+6 
           9410      3.11439e+6 
           9430      3.11806e+6 
           9450      3.10555e+6 
           9470      3.09454e+6 
           9490      3.08235e+6 
           9510      3.06965e+6 
           9530      3.05197e+6 
           9550      2.94085e+6 
           9570      3.02918e+6 
           9590      3.02078e+6 
           9610      3.00659e+6 
           9630      2.99184e+6 
           9650      2.98273e+6 
           9670      2.96577e+6 
           9690      2.96012e+6 
           9710      2.94885e+6 
           9730      2.93702e+6 
           9750      2.92372e+6 
           9770      2.91338e+6 
           9790      2.90157e+6 
           9810      2.89065e+6 
           9830      2.87921e+6 
           9850      2.86757e+6 
           9870      2.85561e+6 
           9890      2.84322e+6 
           9910      2.83306e+6 
           9930      2.82239e+6 
           9950      2.81147e+6 
           9970      2.80054e+6 
           9990      2.78938e+6 
          10025      2.76072e+6 
          10075      2.70633e+6 
          10125      2.71487e+6 
          10175       2.6884e+6 
          10225      2.66289e+6 
          10275      2.63779e+6 
          10325      2.60732e+6 
          10375       2.5862e+6 
          10425      2.56225e+6 
          10475      2.53339e+6 
          10525      2.51311e+6 
          10575      2.48819e+6 
          10625      2.46206e+6 
          10675      2.42804e+6 
          10725       2.4143e+6 
          10775      2.39194e+6 
          10825       2.3627e+6 
          10875      2.34688e+6 
          10925         2.28e+6 
          10975      2.30149e+6 
          11025      2.28597e+6 
          11075      2.26553e+6 
          11125      2.24399e+6 
          11175      2.22287e+6 
          11225      2.20347e+6 
          11275        2.181e+6 
          11325       2.1617e+6 
          11375        2.143e+6 
          11425      2.12146e+6 
          11475      2.10533e+6 
          11525       2.0865e+6 
          11575      2.06733e+6 
          11625      2.04521e+6 
          11675       2.0277e+6 
          11725      2.01319e+6 
          11775      1.98923e+6 
          11825      1.97152e+6 
          11875      1.95472e+6 
          11925       1.9436e+6 
          11975      1.91524e+6 
          12025      1.90787e+6 
          12075      1.88985e+6 
          12125       1.8763e+6 
          12175      1.86117e+6 
          12225      1.84522e+6 
          12275      1.82892e+6 
          12325      1.81404e+6 
          12375      1.79862e+6 
          12425      1.78366e+6 
          12475      1.76888e+6 
          12525      1.75402e+6 
          12575      1.73915e+6 
          12625      1.72467e+6 
          12675      1.71097e+6 
          12725      1.69722e+6 
          12775      1.68136e+6 
          12825      1.61076e+6 
          12875      1.65509e+6 
          12925      1.64276e+6 
          12975      1.62983e+6 
          13025      1.61685e+6 
          13075      1.60416e+6 
          13125      1.59076e+6 
          13175      1.57773e+6 
          13225      1.56656e+6 
          13275      1.55369e+6 
          13325      1.54205e+6 
          13375      1.53014e+6 
          13425      1.51858e+6 
          13475      1.50691e+6 
          13525      1.49532e+6 
          13575      1.48353e+6 
          13625      1.47264e+6 
          13675      1.46153e+6 
          13725      1.44936e+6 
          13775      1.43939e+6 
          13825      1.42868e+6 
          13875      1.41834e+6 
          13925      1.40785e+6 
          13975      1.39744e+6 
          14025      1.38679e+6 
          14075      1.37707e+6 
          14125       1.3665e+6 
          14175      1.35705e+6 
          14225      1.34622e+6 
          14275       1.3362e+6 
          14325      1.32764e+6 
          14375      1.31822e+6 
          14425      1.30414e+6 
          14475      1.29922e+6 
          14525      1.28622e+6 
          14570      1.28062e+6 
          14620      1.27198e+6 
          14675       1.2626e+6 
          14725        1.253e+6 
          14775      1.24408e+6 
          14825      1.23553e+6 
          14875      1.22169e+6 
          14925      1.21844e+6 
          14975      1.20938e+6 
          15025      1.19306e+6 
          15075      1.18843e+6 
          15125      1.18208e+6 
          15175      1.17337e+6 
          15225      1.16815e+6 
          15275      1.15272e+6 
          15325      1.14402e+6 
          15375      1.14387e+6 
          15425       1.1214e+6 
          15475      1.12901e+6 
          15525      1.12235e+6 
          15575      1.08908e+6 
          15625      1.11156e+6 
          15675        1.093e+6 
          15725      1.06147e+6 
          15775      1.08569e+6 
          15825      1.08042e+6 
          15875      1.01875e+6 
          15925      1.06067e+6 
          15975      1.05896e+6 
          16050      1.04269e+6 
          16150          999908 
          16250      1.01502e+6 
          16350          989335 
          16450          944655 
          16550          956298 
          16650          936488 
          16750          910300 
          16850          868545 
          16950          879897 
          17050          861546 
          17150          843996 
          17250          826440 
          17350          779734 
          17450          792090 
          17550          778185 
          17650          762547 
          17750          747725 
          17850          733057 
          17950          718855 
          18050          704668 
          18150          667568 
          18250          675101 
          18350          664675 
          18450          651691 
          18550          639461 
          18650          626860 
          18750          589404 
          18850          603015 
          18950          591643 
          19050          581648 
          19150          570812 
          19250          560271 
          19350          549455 
          19450          521204 
          19550          529586 
          19650          520405 
          19750          510502 
          19850          501786 
          19950          492803 
          20050          484132 
          20150          475590 
          20250          467092 
          20350          458719 
          20450          450902 
          20550          443018 
          20650          435168 
          20750          427738 
          20850          420404 
          20950          413061 
          21050          406110 
          21150          399146 
          21250          392378 
          21350          385777 
          21450          379356 
          21550          372882 
          21650          355453 
          21750          360219 
          21850          354609 
          21950          348907 
          22050          342999 
          22150          337490 
          22250          332051 
          22350          326673 
          22450          321407 
          22550          316081 
          22650          311122 
          22750          306188 
          22850          301320 
          22950          296590 
          23050          291966 
          23150          287375 
          23250          282915 
          23350          278486 
          23450          274191 
          23550          269945 
          23650          265775 
          23750          261691 
          23850          257660 
          23950          253733 
          24050          249817 
          24150          245930 
          24250          242587 
          24350          238514 
          24450          234834 
          24550          231837 
          24650          228044 
          24750          224680 
          24850          221808 
          24950          217122 
          25050          215759 
          25150          212754 
          25250          207272 
          25350          206543 
          25450          203725 
          25550          200662 
          25650          194915 
          25750          195051 
          25850          192220 
          25950          189600 
          26050          186632 
          26150          181009 
          26250          176664 
          26350          178950 
          26450          176625 
          26550          174153 
          26650          171507 
          26750          166068 
          26850          167028 
          26950          164805 
          27050          162538 
          27150          160331 
          27250          158152 
          27350          156016 
          27450          153916 
          27550          149048 
          27650          149441 
          27750          147808 
          27850          145840 
          27950          143911 
          28050          142006 
          28150          140133 
          28250          138293 
          28350          136485 
          28450          134694 
          28550          132948 
          28650          131071 
          28750          126998 
          28850          127848 
          28950          126216 
          29050          124598 
          29150          123005 
          29250          121434 
          29350          119904 
          29450          118383 
          29550          116897 
          29650          115429 
          29750          113981 
          29850          112559 
          29950          111154 
          30050          109773 
          30150          108420 
          30250          107079 
          30350          104096 
          30450          104068 
          30550          103186 
          30650          101920 
          30750          100688 
          30850         99458.6 
          30950         98254.6 
          31050         97075.7 
          31150         95855.5 
          31250         94756.9 
          31350         93624.4 
          31450           92512 
          31550         91396.6 
          31650         90334.8 
          31750         89258.4 
          31850         88212.3 
          31950         87181.2 
          32100         85651.7 
          32300         83673.5 
          32500         81748.1 
          32700         79877.4 
          32900         77304.7 
          33100         76314.9 
          33300         74639.9 
          33500           72986 
          33700         71349.3 
          33900         69762.5 
          34100         68230.6 
          34300         66748.8 
          34500         65296.6 
          34700         63882.8 
          34900         62506.3 
          35100         61159.9 
          35300           59843 
          35500         58572.8 
          35700         57324.2 
          35900         56152.4 
          36100         54942.2 
          36300           53841 
          36500           52670 
          36700         51638.8 
          36900         50502.3 
          37100         49551.4 
          37300         48463.7 
          37500         47157.8 
          37700         46621.7 
          37900         45692.9 
          38100         44695.4 
          38300         43870.3 
          38500         43042.1 
          38700         42198.4 
          38900         41377.2 
          39100         40435.1 
          39300         39795.3 
          39500         39031.1 
          39700         38289.9 
          39900         37556.8 
          40100         36812.9 
          40300         36023.9 
          40500           35189 
          40700         34816.7 
          40900         34170.7 
          41100         33540.1 
          41300         32924.5 
          41500         32319.2 
          41700         31570.1 
          41900         31155.7 
          42100         30586.2 
          42300           30045 
          42500         29506.4 
          42700         28980.6 
          42900         28467.4 
          43100         27964.5 
          43300         27469.7 
          43500         26988.7 
          43700         26377.3 
          43900         26053.5 
          44100         25602.7 
          44300         25162.8 
          44500         24731.6 
          44700         24316.6 
          44900         23904.3 
          45100         23498.2 
          45300           23104 
          45500         22715.7 
          45700         22336.9 
          45900         21965.6 
          46100         21603.5 
          46300         21246.8 
          46500         20756.1 
          46700         20447.4 
          46900           20222 
          47100         19894.4 
          47300         19573.2 
          47500         19258.5 
          47700         18948.3 
          47900         18645.9 
          48100         18349.5 
          48300           18059 
          48500         17774.2 
          48700         17493.5 
          48900           17220 
          49100         16951.8 
          49300         16685.9 
          49500         16429.9 
          49700         16174.4 
          49900         15928.5 
          50100         15684.5 
          50300         15442.4 
          50500         15209.5 
          50700         14979.8 
          50900         14748.9 
          51100         14532.7 
          51300         14246.4 
          51500         14102.4 
          51700         13886.6 
          51900         13687.7 
          52100         13485.8 
          52300         13287.8 
          52500         13093.6 
          52700         12894.5 
          52900         12715.5 
          53100         12531.6 
          53300         12350.9 
          53500         12173.5 
          53700         11990.9 
          53900         11823.3 
          54100         11660.4 
          54300         11494.7 
          54500         11333.1 
          54700         11172.1 
          54900         11017.1 
          55100         10863.3 
          55300         10696.7 
          55500         10563.6 
          55700         10417.6 
          55900         10273.1 
          56100         10133.1 
          56300         9994.41 
          56500         9858.28 
          56700          9724.4 
          56900         9592.63 
          57100         9444.78 
          57300         9335.94 
          57500         9210.83 
          57700         9087.68 
          57900         8966.79 
          58100          8847.8 
          58300         8730.78 
          58500         8616.48 
          58700         8503.31 
          58900         8391.58 
          59100         8246.11 
          59300         8174.62 
          59500         8046.54 
          59700         7964.07 
          59900         7861.63 
          60100         7760.48 
          60300         7661.32 
          60500         7563.51 
          60700         7467.23 
          60900         7372.45 
          61100         7278.85 
          61300         7187.62 
          61500         7097.42 
          61700         7008.54 
          61900         6921.04 
          62100         6834.92 
          62300         6749.56 
          62500         6666.51 
          62700         6584.28 
          62900         6485.44 
          63100         6423.67 
          63300         6345.34 
          63500         6268.06 
          63700         6191.91 
          63900         6116.95 
          64200         6006.63 
          64600         5863.32 
          65000         5724.24 
          65400         5589.51 
          65800         5458.51 
          66200         5331.36 
          66600         5207.89 
          67000         5087.99 
          67400         4971.47 
          67800         4851.43 
          68200         4748.36 
          68600         4641.51 
          69000         4537.69 
          69400         4436.33 
          69800         4338.46 
          70200         4242.91 
          70600         4150.15 
          71000         4059.43 
          71400         3971.87 
          71800         3886.31 
          72200         3803.11 
          72600         3721.36 
          73000         3643.23 
          73400         3566.36 
          73800         3491.62 
          74200         3418.77 
          74600         3339.22 
          75000         3266.26 
          75400         3211.42 
          75800         3145.82 
          76200         3081.86 
          76600         3019.52 
          77000         2958.75 
          77400         2899.51 
          77800         2840.64 
          78200         2785.41 
          78600         2730.48 
          79000         2676.89 
          79400         2624.59 
          79800         2573.55 
          80200         2523.76 
          80600         2475.22 
          81000         2427.81 
          81400          2379.9 
          81800          2336.3 
          82200         2292.15 
          82600         2249.08 
          83000            2207 
          83400          2165.9 
          83800         2125.74 
          84200         2086.52 
          84600          2048.2 
          85000         2010.77 
          85400         1974.21 
          85800         1938.39 
          86200         1903.46 
          86600         1867.73 
          87000         1835.87 
          87400         1802.08 
          87800         1770.02 
          88200         1740.05 
          88600          1709.5 
          89000         1679.61 
          89400         1650.38 
          89800         1621.79 
          90200         1593.78 
          90600         1566.38 
          91000         1539.63 
          91400         1513.37 
          91800         1487.74 
          92200         1462.58 
          92600         1437.98 
          93000         1413.92 
          93400         1390.35 
          93800         1365.97 
          94200         1344.63 
          94600         1322.47 
          95000         1300.79 
          95400         1279.43 
          95800         1258.71 
          96200         1238.34 
          96600         1218.33 
          97000         1198.78 
          97400         1179.54 
          97800         1160.73 
          98200         1142.31 
          98600         1124.15 
          99000         1106.51 
          99400         1089.16 
          99800         1072.12 
         100200         1055.44 
         200000         69.1007 
         400000         4.39455 
         600000        0.870538 
         800000        0.275277 
         1.0e+6        0.112559 
         1.2e+6       0.0541653 
         1.4e+6       0.0291696 
         1.6e+6       0.0170603 
