# Kurucz ODFNEW /NOVER (2003)
# teff = 18000 K (value for the effective temperature for the model. Temperatures are given in K)
# logg = 3 log(cm/s2) (value for Log(G) for the model.)
# meta = -0.5  (value for the Metallicity for the model.)
# lh = 1.25  (l/Hp where l is the  mixing length of the convective element and Hp is the pressure scale height)
# vtur = 2 km/s (Microturbulence velocity)
# alpha = 0  (Alpha)
#
# column 1: WAVELENGTH (ANGSTROM), Wavelength in Angstrom
# column 2: FLUX (ERG/CM2/S/A), Flux in erg/cm2/s/A
            151     2.82072e-22 
          155.2      2.4302e-21 
          158.8     1.37181e-20 
            162     5.99115e-20 
            166     3.50371e-19 
          170.3     2.14006e-18 
          173.4     7.47957e-18 
          176.8     2.80948e-17 
          180.2     1.00567e-16 
          181.7     1.73925e-16 
          186.1     8.26433e-16 
            191     4.31761e-15 
          193.9     1.10442e-14 
          198.4     4.49519e-14 
          201.8     1.24666e-13 
            205      3.1578e-13 
          210.5     1.46032e-12 
          216.2     6.57622e-12 
          219.8     1.63365e-11 
            223     3.57768e-11 
          226.8     8.81946e-11 
            230     4.83823e-10 
            234      1.33096e-9 
            240      4.67478e-9 
          246.5      1.68735e-8 
          252.4      5.12838e-8 
          256.8      1.11517e-7 
            260      1.98307e-7 
            264      3.91281e-7 
          268.5      8.18913e-7 
          273.5      1.80628e-6 
          278.5      3.87841e-6 
            284      8.70967e-6 
            290      2.02686e-5 
            296      4.54831e-5 
            301      8.70668e-5 
            308     0.000205787 
            318     0.000676574 
            328       0.0020296 
            338      0.00572659 
            348       0.0151331 
            357       0.0347144 
            366       0.0762312 
            375         0.15976 
            385         0.34942 
            395        0.731486 
            405         1.47444 
            414         2.68838 
            422         4.46912 
            430         7.26727 
            441         13.8569 
            451         24.1317 
            460         38.8231 
            470         64.4397 
            480         104.392 
            490         165.755 
            500         257.713 
            506         2145.29 
            512         9792.75 
            520         13101.2 
            530           20238 
            540         23572.7 
            550           37993 
            560         48849.9 
            570         65329.9 
            580         66961.3 
            590         96478.9 
            600          131154 
            610          169128 
            620          205663 
            630          253393 
            640          294384 
            650          346404 
            658          430969 
            665          478680 
            675          552925 
            685          647134 
            695          794211 
            705          915096 
            716      1.08333e+6 
            726      1.23502e+6 
            735      1.39248e+6 
            745      1.63643e+6 
            755      1.87649e+6 
            765      2.13952e+6 
            775      2.44005e+6 
            785      2.76575e+6 
            795      3.07481e+6 
            805      3.43142e+6 
            815      3.78133e+6 
            825      4.27173e+6 
            835      4.57057e+6 
            845      5.11226e+6 
            855      5.63013e+6 
            865      6.23733e+6 
            875      6.93305e+6 
            885      7.69404e+6 
            895      8.39596e+6 
            905      8.83424e+6 
            915      1.82752e+7 
            925      2.00459e+8 
            935      7.87912e+8 
            945       2.0582e+9 
            955      2.99364e+9 
            965      3.59639e+9 
            975      6.63678e+8 
            985       3.5609e+9 
            995      3.55723e+9 
           1005      4.23307e+9 
           1015       4.1486e+9 
           1025      1.59412e+9 
           1035      2.74262e+9 
           1045      5.07124e+9 
           1055      4.79346e+9 
           1065      4.02496e+9 
           1075      4.77911e+9 
           1085      4.14227e+9 
           1095      4.86093e+9 
           1105       4.3016e+9 
           1115      4.14509e+9 
           1125      3.78061e+9 
           1135      4.75538e+9 
           1145      4.34107e+9 
           1155      4.53253e+9 
           1165      4.71264e+9 
           1175      3.56858e+9 
           1185      4.77919e+9 
           1195      3.65379e+9 
           1205      2.03573e+9 
           1215      1.11999e+9 
           1225       3.5438e+9 
           1235      4.55047e+9 
           1245       4.7229e+9 
           1255      4.59124e+9 
           1265      4.27222e+9 
           1275      4.57973e+9 
           1285      4.57238e+9 
           1295      3.19418e+9 
           1305      3.21133e+9 
           1315      4.42126e+9 
           1325      4.19062e+9 
           1335      3.67043e+9 
           1345      4.23247e+9 
           1355      4.15012e+9 
           1365      3.80222e+9 
           1375      3.81925e+9 
           1385      3.86073e+9 
           1395      3.37039e+9 
           1405      3.57068e+9 
           1415        3.571e+9 
           1425      3.61271e+9 
           1435      3.65711e+9 
           1442      3.74671e+9 
           1447      3.67588e+9 
           1455      3.60442e+9 
           1465      3.41496e+9 
           1475      3.40362e+9 
           1485      3.35434e+9 
           1495      3.31484e+9 
           1505      3.13705e+9 
           1512       2.8421e+9 
           1517      2.96025e+9 
           1525      3.02031e+9 
           1535      2.73055e+9 
           1545      2.80926e+9 
           1555      2.66933e+9 
           1565      2.74884e+9 
           1575      2.86835e+9 
           1585      2.86916e+9 
           1595      2.89741e+9 
           1605      2.83773e+9 
           1615      2.82378e+9 
           1625      2.73221e+9 
           1635      2.84123e+9 
           1645      2.81904e+9 
           1655      2.68949e+9 
           1665      2.84264e+9 
           1672      2.72725e+9 
           1677      2.79781e+9 
           1685      2.80913e+9 
           1695      2.67314e+9 
           1705       2.5649e+9 
           1715      2.44119e+9 
           1725      2.42613e+9 
           1735      2.52402e+9 
           1745      2.44272e+9 
           1755      2.50707e+9 
           1765      2.36143e+9 
           1775      2.35104e+9 
           1785      2.36438e+9 
           1795       2.4368e+9 
           1805      2.43635e+9 
           1815      2.22317e+9 
           1825       2.3052e+9 
           1835      2.22767e+9 
           1845      2.06868e+9 
           1855      1.98534e+9 
           1865      2.03126e+9 
           1875      2.18293e+9 
           1885      1.97577e+9 
           1895      1.85059e+9 
           1905      2.00468e+9 
           1915      1.88836e+9 
           1925      1.83158e+9 
           1935       1.9114e+9 
           1945       1.9394e+9 
           1955       1.7897e+9 
           1967      1.92713e+9 
           1976      1.98969e+9 
           1984      1.86237e+9 
           1995      1.81321e+9 
           2005      1.86752e+9 
           2015      1.83325e+9 
           2025      1.90458e+9 
           2035      1.76255e+9 
           2045      1.78734e+9 
           2055      1.72904e+9 
           2065      1.74688e+9 
           2074      1.83177e+9 
           2078      1.68347e+9 
           2085      1.75304e+9 
           2095      1.66287e+9 
           2105      1.69668e+9 
           2115      1.69541e+9 
           2125      1.72145e+9 
           2135      1.67842e+9 
           2145      1.61081e+9 
           2155      1.67029e+9 
           2165       1.6467e+9 
           2175       1.6284e+9 
           2185      1.58607e+9 
           2195      1.61192e+9 
           2205      1.58191e+9 
           2215      1.54862e+9 
           2225      1.50505e+9 
           2235      1.52729e+9 
           2245      1.51812e+9 
           2255      1.46661e+9 
           2265      1.48871e+9 
           2275      1.47922e+9 
           2285      1.48369e+9 
           2295      1.42444e+9 
           2305      1.42934e+9 
           2315       1.3915e+9 
           2325      1.37684e+9 
           2335      1.32866e+9 
           2345      1.30988e+9 
           2355      1.32962e+9 
           2365      1.29476e+9 
           2375      1.29363e+9 
           2385      1.26028e+9 
           2395      1.28118e+9 
           2405      1.24501e+9 
           2415      1.24112e+9 
           2425      1.25044e+9 
           2435      1.20772e+9 
           2445      1.22043e+9 
           2455      1.21813e+9 
           2465      1.18979e+9 
           2475      1.17362e+9 
           2485        1.182e+9 
           2495      1.14071e+9 
           2505      1.16494e+9 
           2513      1.11602e+9 
           2518       1.1438e+9 
           2525      1.11194e+9 
           2535      1.09679e+9 
           2545      1.07539e+9 
           2555      1.09977e+9 
           2565      1.08085e+9 
           2575      1.09298e+9 
           2585       1.0868e+9 
           2595      1.07748e+9 
           2605      1.06706e+9 
           2615      1.05666e+9 
           2625      1.04589e+9 
           2635       1.0377e+9 
           2645      1.05167e+9 
           2655      1.04382e+9 
           2665      1.01855e+9 
           2675      1.02185e+9 
           2685      1.01451e+9 
           2695      9.92108e+8 
           2705      9.89317e+8 
           2715      9.75143e+8 
           2725      9.60085e+8 
           2735      9.65617e+8 
           2745      9.28746e+8 
           2755      9.25391e+8 
           2765      9.24327e+8 
           2775      9.32207e+8 
           2785      9.20376e+8 
           2795      8.89401e+8 
           2805      9.01744e+8 
           2815      9.01672e+8 
           2825      8.87369e+8 
           2835      8.61199e+8 
           2845      8.62603e+8 
           2855      8.60037e+8 
           2865      8.61846e+8 
           2875      8.49708e+8 
           2885      8.44597e+8 
           2895      8.37199e+8 
           2910      8.27967e+8 
           2930      8.08979e+8 
           2950      7.90948e+8 
           2970      7.83235e+8 
           2990      7.66851e+8 
           3010       7.5528e+8 
           3030      7.46573e+8 
           3050      7.32886e+8 
           3070       7.2021e+8 
           3090      7.06262e+8 
           3110      6.94948e+8 
           3130      6.84019e+8 
           3150      6.72361e+8 
           3170      6.59817e+8 
           3190      6.43536e+8 
           3210      6.38065e+8 
           3230      6.27696e+8 
           3250       6.1764e+8 
           3270      6.07853e+8 
           3290      5.97388e+8 
           3310      5.88815e+8 
           3330      5.78977e+8 
           3350      5.68426e+8 
           3370      5.60107e+8 
           3390      5.51255e+8 
           3410      5.42637e+8 
           3430      5.31909e+8 
           3450      5.21961e+8 
           3470      5.14867e+8 
           3490      5.07251e+8 
           3510      5.01456e+8 
           3530      4.94157e+8 
           3550      4.86602e+8 
           3570      4.80485e+8 
           3590      4.70674e+8 
           3610       4.6345e+8 
           3630      4.56699e+8 
           3640      4.55416e+8 
           3650      4.48795e+8 
           3670      4.42966e+8 
           3690      4.26833e+8 
           3710      4.33767e+8 
           3730      4.42558e+8 
           3750      5.04797e+8 
           3770      5.09051e+8 
           3790      5.27113e+8 
           3810      5.49726e+8 
           3830      4.85291e+8 
           3850      5.58009e+8 
           3870      5.52081e+8 
           3890      4.65008e+8 
           3910      5.45475e+8 
           3930      5.28327e+8 
           3950      5.27989e+8 
           3970      4.32545e+8 
           3990      5.09244e+8 
           4010      5.02795e+8 
           4030      4.80906e+8 
           4050      4.90638e+8 
           4070      4.79437e+8 
           4090      4.56811e+8 
           4110       4.0291e+8 
           4130      4.51959e+8 
           4150      4.48204e+8 
           4170      4.44175e+8 
           4190       4.3973e+8 
           4210      4.33776e+8 
           4230      4.26484e+8 
           4250      4.19455e+8 
           4270      4.09378e+8 
           4290      4.06736e+8 
           4310       3.9934e+8 
           4330      3.73456e+8 
           4350      3.40604e+8 
           4370      3.80874e+8 
           4390      3.70863e+8 
           4410      3.71439e+8 
           4430      3.64599e+8 
           4450      3.61462e+8 
           4470       3.4598e+8 
           4490      3.48809e+8 
           4510      3.46186e+8 
           4530        3.404e+8 
           4550      3.35631e+8 
           4570       3.3095e+8 
           4590      3.26409e+8 
           4610      3.21332e+8 
           4630      3.16453e+8 
           4650       3.1135e+8 
           4670      3.08049e+8 
           4690      3.04297e+8 
           4710      2.95299e+8 
           4730      2.93767e+8 
           4750      2.89478e+8 
           4770      2.87834e+8 
           4790      2.83547e+8 
           4810      2.78833e+8 
           4830       2.7472e+8 
           4850      2.60688e+8 
           4870      2.33406e+8 
           4890       2.6364e+8 
           4910      2.60887e+8 
           4930      2.52761e+8 
           4950      2.53997e+8 
           4970       2.5089e+8 
           4990      2.47294e+8 
           5010      2.39785e+8 
           5030      2.40369e+8 
           5050      2.34687e+8 
           5070      2.34392e+8 
           5090       2.3126e+8 
           5110      2.27996e+8 
           5130      2.24561e+8 
           5150       2.2167e+8 
           5170      2.19451e+8 
           5190      2.16644e+8 
           5210      2.12721e+8 
           5230      2.11056e+8 
           5250      2.08399e+8 
           5270      2.05626e+8 
           5290      2.03226e+8 
           5310      2.00549e+8 
           5330      1.97907e+8 
           5350      1.95087e+8 
           5370      1.93153e+8 
           5390      1.90724e+8 
           5410      1.88287e+8 
           5430      1.85484e+8 
           5450      1.83415e+8 
           5470      1.81144e+8 
           5490      1.79115e+8 
           5510      1.76849e+8 
           5530      1.74673e+8 
           5550      1.72645e+8 
           5570      1.70473e+8 
           5590       1.6846e+8 
           5610      1.66243e+8 
           5630      1.64494e+8 
           5650      1.61691e+8 
           5670      1.59884e+8 
           5690      1.58157e+8 
           5710      1.56635e+8 
           5730      1.54786e+8 
           5750      1.52914e+8 
           5770       1.5121e+8 
           5790      1.49403e+8 
           5810       1.4764e+8 
           5830      1.45864e+8 
           5850      1.44208e+8 
           5870       1.3916e+8 
           5890      1.40345e+8 
           5910      1.39181e+8 
           5930      1.37558e+8 
           5950      1.35783e+8 
           5970      1.34484e+8 
           5990       1.3281e+8 
           6010      1.31438e+8 
           6030      1.29915e+8 
           6050       1.2846e+8 
           6070      1.27012e+8 
           6090      1.25539e+8 
           6110      1.24173e+8 
           6130      1.22783e+8 
           6150      1.21179e+8 
           6170      1.20019e+8 
           6190      1.18713e+8 
           6210      1.17403e+8 
           6230      1.16078e+8 
           6250       1.1469e+8 
           6270      1.13528e+8 
           6290      1.12274e+8 
           6310      1.10967e+8 
           6330      1.09853e+8 
           6350      1.08247e+8 
           6370      1.07215e+8 
           6390      1.06278e+8 
           6410      1.05121e+8 
           6430      1.04058e+8 
           6450      1.02906e+8 
           6470       1.0174e+8 
           6490      1.00693e+8 
           6510      9.96046e+7 
           6530       9.8377e+7 
           6550      9.51867e+7 
           6570      8.47763e+7 
           6590      9.45378e+7 
           6610      9.44667e+7 
           6630      9.35119e+7 
           6650      9.25925e+7 
           6670      9.09711e+7 
           6690      9.00408e+7 
           6710      8.97391e+7 
           6730       8.8799e+7 
           6750      8.79015e+7 
           6770      8.70048e+7 
           6790      8.59292e+7 
           6810      8.51977e+7 
           6830       8.4328e+7 
           6850      8.34911e+7 
           6870      8.26465e+7 
           6890      8.18023e+7 
           6910      8.09744e+7 
           6930      8.01233e+7 
           6950      7.93587e+7 
           6970      7.85704e+7 
           6990      7.77591e+7 
           7010       7.6994e+7 
           7030      7.62272e+7 
           7050      7.54308e+7 
           7070      7.36585e+7 
           7090      7.39967e+7 
           7110      7.32092e+7 
           7130      7.25115e+7 
           7150      7.18212e+7 
           7170      7.11141e+7 
           7190      7.04399e+7 
           7210      6.97547e+7 
           7230      6.85304e+7 
           7250      6.83872e+7 
           7270      6.77448e+7 
           7290      6.66343e+7 
           7310       6.6438e+7 
           7330      6.58094e+7 
           7350      6.51847e+7 
           7370       6.4563e+7 
           7390      6.39477e+7 
           7410      6.33409e+7 
           7430      6.27212e+7 
           7450      6.21487e+7 
           7470      6.15376e+7 
           7490      6.09763e+7 
           7510      6.03868e+7 
           7530      5.98419e+7 
           7550      5.92906e+7 
           7570      5.87411e+7 
           7590       5.8188e+7 
           7610      5.76542e+7 
           7630       5.7122e+7 
           7650       5.6592e+7 
           7670      5.60737e+7 
           7690       5.5555e+7 
           7710      5.50447e+7 
           7730      5.45408e+7 
           7750      5.40395e+7 
           7770       5.3323e+7 
           7790      5.30694e+7 
           7810      5.25534e+7 
           7830      5.21145e+7 
           7850      5.16402e+7 
           7870      5.11761e+7 
           7890      5.06434e+7 
           7910      5.02943e+7 
           7930      4.98451e+7 
           7950      4.93043e+7 
           7970      4.88525e+7 
           7990      4.84076e+7 
           8010      4.80106e+7 
           8030         4.76e+7 
           8050      4.72045e+7 
           8070        4.681e+7 
           8090      4.63204e+7 
           8110      4.59421e+7 
           8130      4.55984e+7 
           8150      4.51287e+7 
           8170      4.48217e+7 
           8190      4.43991e+7 
           8210      4.38489e+7 
           8230      4.35648e+7 
           8250      4.32448e+7 
           8270      4.26889e+7 
           8290      4.24491e+7 
           8310      4.20983e+7 
           8330      4.17379e+7 
           8350      4.12151e+7 
           8370      4.08656e+7 
           8390      4.05554e+7 
           8410      4.01486e+7 
           8430      3.98094e+7 
           8450      3.92835e+7 
           8470      3.86902e+7 
           8490      3.91802e+7 
           8510      3.78175e+7 
           8530      3.88638e+7 
           8550      3.65199e+7 
           8570      3.89123e+7 
           8590      3.67416e+7 
           8610      3.63496e+7 
           8630      3.84874e+7 
           8650      3.74235e+7 
           8670      3.38946e+7 
           8690      3.77587e+7 
           8710      3.78517e+7 
           8730      3.67832e+7 
           8750      3.26286e+7 
           8770      3.58372e+7 
           8790      3.66787e+7 
           8810      3.63842e+7 
           8830      3.60336e+7 
           8850      3.41542e+7 
           8870      3.12595e+7 
           8890       3.4972e+7 
           8910      3.49315e+7 
           8930      3.46627e+7 
           8950      3.44967e+7 
           8970      3.41787e+7 
           8990      3.34441e+7 
           9010      2.98924e+7 
           9030      3.15763e+7 
           9050      3.29594e+7 
           9070      3.25866e+7 
           9090      3.24652e+7 
           9110      3.23224e+7 
           9130      3.20847e+7 
           9150      3.18379e+7 
           9170       3.1494e+7 
           9190       3.1225e+7 
           9210      3.02071e+7 
           9230      2.67443e+7 
           9250      2.98046e+7 
           9270      3.00852e+7 
           9290      3.00981e+7 
           9310      2.97655e+7 
           9330      2.96294e+7 
           9350      2.93933e+7 
           9370      2.91851e+7 
           9390      2.89545e+7 
           9410       2.8658e+7 
           9430      2.85103e+7 
           9450      2.82906e+7 
           9470      2.79318e+7 
           9490      2.78435e+7 
           9510       2.7347e+7 
           9530      2.64811e+7 
           9550      2.37341e+7 
           9570      2.65506e+7 
           9590      2.67247e+7 
           9610      2.65149e+7 
           9630      2.62367e+7 
           9650      2.61976e+7 
           9670      2.59923e+7 
           9690      2.57796e+7 
           9710      2.55404e+7 
           9730      2.54148e+7 
           9750      2.52207e+7 
           9770      2.50343e+7 
           9790      2.48464e+7 
           9810      2.46595e+7 
           9830      2.44735e+7 
           9850      2.42938e+7 
           9870      2.41115e+7 
           9890      2.39267e+7 
           9910      2.37086e+7 
           9930        2.358e+7 
           9950      2.34069e+7 
           9970      2.32327e+7 
           9990      2.30616e+7 
          10025      2.20792e+7 
          10075      2.13533e+7 
          10125      2.18889e+7 
          10175      2.15524e+7 
          10225      2.11591e+7 
          10275      2.07898e+7 
          10325      2.03596e+7 
          10375      2.00592e+7 
          10425      1.97061e+7 
          10475      1.93601e+7 
          10525      1.90202e+7 
          10575      1.86915e+7 
          10625      1.83682e+7 
          10675      1.80117e+7 
          10725        1.774e+7 
          10775      1.74375e+7 
          10825      1.69653e+7 
          10875      1.68348e+7 
          10925      1.55176e+7 
          10975      1.60771e+7 
          11025      1.59437e+7 
          11075      1.57464e+7 
          11125      1.54885e+7 
          11175       1.5232e+7 
          11225      1.49749e+7 
          11275      1.47215e+7 
          11325      1.44881e+7 
          11375      1.42609e+7 
          11425      1.40287e+7 
          11475      1.38042e+7 
          11525      1.35826e+7 
          11575      1.33646e+7 
          11625      1.31501e+7 
          11675      1.29423e+7 
          11725       1.2739e+7 
          11775      1.25313e+7 
          11825      1.23426e+7 
          11875      1.21494e+7 
          11925      1.19616e+7 
          11975      1.17098e+7 
          12025      1.15949e+7 
          12075      1.14167e+7 
          12125       1.1242e+7 
          12175      1.10706e+7 
          12225      1.09023e+7 
          12275      1.07374e+7 
          12325      1.05756e+7 
          12375      1.04167e+7 
          12425      1.02611e+7 
          12475      1.01056e+7 
          12525      9.94226e+6 
          12575      9.80927e+6 
          12625      9.66555e+6 
          12675      9.52425e+6 
          12725      9.38464e+6 
          12775      9.14558e+6 
          12825      8.56433e+6 
          12875      8.95566e+6 
          12925      8.85222e+6 
          12975      8.68768e+6 
          13025      8.60046e+6 
          13075      8.47773e+6 
          13125      8.35728e+6 
          13175      8.23754e+6 
          13225      8.12259e+6 
          13275       8.0085e+6 
          13325      7.89632e+6 
          13375      7.78601e+6 
          13425       7.6721e+6 
          13475      7.57108e+6 
          13525      7.46639e+6 
          13575      7.36386e+6 
          13625      7.26263e+6 
          13675      7.16308e+6 
          13725      7.06539e+6 
          13775      6.96992e+6 
          13825      6.87564e+6 
          13875      6.78293e+6 
          13925      6.69117e+6 
          13975      6.60191e+6 
          14025      6.51412e+6 
          14075      6.42723e+6 
          14125      6.34215e+6 
          14175       6.2583e+6 
          14225      6.17585e+6 
          14275      6.09495e+6 
          14325      6.01502e+6 
          14375      5.93661e+6 
          14425      5.85859e+6 
          14475      5.78312e+6 
          14525      5.70838e+6 
          14570      5.64265e+6 
          14620      5.56975e+6 
          14675      5.49239e+6 
          14725      5.42284e+6 
          14775      5.35427e+6 
          14825      5.28736e+6 
          14875      5.22106e+6 
          14925      5.15569e+6 
          14975      5.09091e+6 
          15025      5.02622e+6 
          15075       4.9553e+6 
          15125      4.89871e+6 
          15175      4.83671e+6 
          15225      4.78192e+6 
          15275      4.70997e+6 
          15325      4.65058e+6 
          15375      4.60906e+6 
          15425      4.52065e+6 
          15475      4.50045e+6 
          15525      4.44978e+6 
          15575      4.33056e+6 
          15625      4.36816e+6 
          15675      4.27134e+6 
          15725      4.16728e+6 
          15775      4.22251e+6 
          15825      4.17105e+6 
          15875      3.96094e+6 
          15925       4.0548e+6 
          15975      4.03832e+6 
          16050      3.95079e+6 
          16150      3.78228e+6 
          16250      3.79807e+6 
          16350      3.68256e+6 
          16450      3.52544e+6 
          16550      3.54252e+6 
          16650      3.46218e+6 
          16750      3.35731e+6 
          16850      3.21594e+6 
          16950      3.23397e+6 
          17050      3.15183e+6 
          17150      3.09276e+6 
          17250      3.02447e+6 
          17350       2.8588e+6 
          17450      2.88873e+6 
          17550      2.83217e+6 
          17650      2.77151e+6 
          17750      2.71215e+6 
          17850      2.65418e+6 
          17950      2.59873e+6 
          18050      2.54308e+6 
          18150      2.41244e+6 
          18250      2.42815e+6 
          18350      2.38844e+6 
          18450      2.33938e+6 
          18550      2.29025e+6 
          18650      2.23434e+6 
          18750      2.12871e+6 
          18850      2.15368e+6 
          18950       2.1115e+6 
          19050      2.06478e+6 
          19150      2.02858e+6 
          19250      1.98845e+6 
          19350      1.94783e+6 
          19450       1.8452e+6 
          19550      1.87062e+6 
          19650      1.83768e+6 
          19750      1.80231e+6 
          19850      1.76766e+6 
          19950      1.73389e+6 
          20050      1.70099e+6 
          20150      1.66884e+6 
          20250      1.63733e+6 
          20350      1.60672e+6 
          20450      1.57636e+6 
          20550      1.54473e+6 
          20650      1.51885e+6 
          20750      1.49086e+6 
          20850       1.4636e+6 
          20950      1.43687e+6 
          21050      1.41084e+6 
          21150      1.38169e+6 
          21250      1.36038e+6 
          21350      1.33601e+6 
          21450      1.31195e+6 
          21550      1.28804e+6 
          21650      1.22297e+6 
          21750      1.24161e+6 
          21850      1.22167e+6 
          21950      1.20079e+6 
          22050         1.18e+6 
          22150      1.15962e+6 
          22250      1.13956e+6 
          22350      1.12011e+6 
          22450      1.10103e+6 
          22550      1.08232e+6 
          22650      1.06405e+6 
          22750      1.04613e+6 
          22850      1.02855e+6 
          22950      1.01145e+6 
          23050          994467 
          23150          978232 
          23250          962169 
          23350          946414 
          23450          930961 
          23550          915803 
          23650          900935 
          23750          886351 
          23850          872046 
          23950          858015 
          24050          844185 
          24150          830491 
          24250          817890 
          24350          804387 
          24450          791267 
          24550          779959 
          24650          766761 
          24750          754120 
          24850          745257 
          24950          728341 
          25050          722657 
          25150          711859 
          25250          693114 
          25350          690060 
          25450          680635 
          25550          669489 
          25650          649105 
          25750          650266 
          25850          642200 
          25950          632673 
          26050          619941 
          26150          598461 
          26250          583632 
          26350          594348 
          26450          587493 
          26550          578587 
          26650          569373 
          26750          545907 
          26850          552822 
          26950          546341 
          27050          538499 
          27150          530860 
          27250          523318 
          27350          515922 
          27450          508471 
          27550          487900 
          27650          490547 
          27750          487629 
          27850          480865 
          27950          474214 
          28050          467674 
          28150          461247 
          28250          454929 
          28350          448711 
          28450          442621 
          28550          436498 
          28650          428660 
          28750          411682 
          28850          418809 
          28950          413588 
          29050          408102 
          29150          402678 
          29250          397353 
          29350          392105 
          29450          386949 
          29550          381880 
          29650          376887 
          29750          371978 
          29850          367148 
          29950          362398 
          30050          357721 
          30150          353114 
          30250          348527 
          30350          335584 
          30450          335614 
          30550          335419 
          30650          331204 
          30750          327014 
          30850          322886 
          30950          318868 
          31050          314883 
          31150          310959 
          31250          307093 
          31350          303297 
          31450          299555 
          31550          295868 
          31650          292238 
          31750          288666 
          31850          285148 
          31950          281683 
          32100          276581 
          32300          269960 
          32500          263534 
          32700          257294 
          32900          246316 
          33100          244459 
          33300          239408 
          33500          233933 
          33700          228567 
          33900          223357 
          34100          218289 
          34300          213365 
          34500          208582 
          34700          203922 
          34900          199393 
          35100          194996 
          35300          190712 
          35500          186528 
          35700          182443 
          35900          178609 
          36100          174615 
          36300          171061 
          36500          167178 
          36700          163934 
          36900          160051 
          37100          156972 
          37300          152664 
          37500          148243 
          37700          147724 
          37900          144816 
          38100          141148 
          38300          138450 
          38500          136166 
          38700          133427 
          38900          130654 
          39100          126830 
          39300          125611 
          39500          123127 
          39700          120719 
          39900          118361 
          40100          115415 
          40300          112623 
          40500          109680 
          40700          109467 
          40900          107401 
          41100          105362 
          41300          103326 
          41500          101409 
          41700         97860.5 
          41900         97630.2 
          42100         95867.4 
          42300         94099.7 
          42500         92346.4 
          42700         90681.7 
          42900         88937.5 
          43100         87418.4 
          43300         85841.1 
          43500           84299 
          43700         81447.9 
          43900           81073 
          44100         79878.3 
          44300         78469.5 
          44500         77090.4 
          44700         75847.8 
          44900           74527 
          45100         73234.1 
          45300         71968.3 
          45500         70732.9 
          45700         69521.7 
          45900           68336 
          46100         67161.1 
          46300         65965.3 
          46500         63487.8 
          46700         62452.8 
          46900         62563.6 
          47100         61731.1 
          47300         60708.4 
          47500           59704 
          47700         58727.5 
          47900         57766.9 
          48100         56826.7 
          48300         55904.9 
          48500         55001.1 
          48700         54116.7 
          48900         53247.9 
          49100         52397.8 
          49300         51564.3 
          49500         50748.7 
          49700         49947.6 
          49900         49163.7 
          50100         48393.8 
          50300         47609.2 
          50500           46899 
          50700         46173.5 
          50900         45383.9 
          51100           44686 
          51300         43124.3 
          51500         43365.3 
          51700         42638.6 
          51900         42102.2 
          52100         41468.7 
          52300           40845 
          52500         40203.6 
          52700         39528.7 
          52900         39047.3 
          53100         38469.1 
          53300         37902.5 
          53500         37345.9 
          53700         36699.8 
          53900         36172.5 
          54100         35736.9 
          54300         35219.9 
          54500           34712 
          54700         34213.1 
          54900         33724.3 
          55100           33202 
          55300         32558.2 
          55500         32305.6 
          55700         31850.6 
          55900         31402.5 
          56100         30962.3 
          56300           30530 
          56500         30104.1 
          56700         29687.1 
          56900         29265.8 
          57100         28575.8 
          57300         28454.7 
          57500         28087.4 
          57700           27704 
          57900         27327.5 
          58100         26957.8 
          58300         26593.6 
          58500         26256.8 
          58700         25904.4 
          58900         25500.7 
          59100         24630.6 
          59300         24821.5 
          59500         24223.9 
          59700         24112.6 
          59900         23910.9 
          60100         23597.7 
          60300         23289.1 
          60500         22986.1 
          60700         22687.7 
          60900         22394.7 
          61100           22105 
          61300         21821.6 
          61500         21541.5 
          61700         21266.5 
          61900         20995.6 
          62100         20729.6 
          62300         20466.7 
          62500         20208.6 
          62700         19928.5 
          62900         19331.6 
          63100         19410.8 
          63300         19215.9 
          63500         18977.3 
          63700         18742.3 
          63900         18510.7 
          64200         18170.9 
          64600           17729 
          65000           17301 
          65400         16884.8 
          65800         16481.8 
          66200         16090.6 
          66600         15711.1 
          67000         15342.8 
          67400         14972.9 
          67800         14463.2 
          68200         14298.1 
          68600         13971.8 
          69000         13653.6 
          69400         13338.6 
          69800         13043.1 
          70200         12751.2 
          70600         12466.5 
          71000         12179.2 
          71400         11921.2 
          71800         11660.2 
          72200         11405.6 
          72600         11141.6 
          73000         10917.3 
          73400         10683.3 
          73800           10455 
          74200         10223.5 
          74600         9873.89 
          75000         9571.94 
          75400         9587.94 
          75800         9402.43 
          76200         9207.96 
          76600          9018.3 
          77000         8833.98 
          77400         8654.24 
          77800         8438.51 
          78200         8307.44 
          78600         8141.38 
          79000         7978.86 
          79400         7820.39 
          79800         7665.87 
          80200         7514.63 
          80600         7367.74 
          81000         7223.95 
          81400         7043.39 
          81800         6936.39 
          82200         6813.85 
          82600         6683.97 
          83000         6556.81 
          83400         6432.86 
          83800         6311.51 
          84200         6193.24 
          84600         6077.44 
          85000         5964.58 
          85400         5854.08 
          85800          5746.4 
          86200         5640.97 
          86600         5481.99 
          87000         5434.18 
          87400         5297.26 
          87800         5202.68 
          88200          5149.3 
          88600         5057.32 
          89000         4967.73 
          89400         4879.54 
          89800         4793.65 
          90200         4709.56 
          90600         4627.68 
          91000         4547.14 
          91400         4468.46 
          91800         4391.43 
          92200         4316.05 
          92600         4241.54 
          93000         4170.16 
          93400         4099.45 
          93800         3982.14 
          94200         3954.38 
          94600          3896.3 
          95000         3829.83 
          95400         3765.24 
          95800         3705.54 
          96200         3644.58 
          96600         3584.83 
          97000          3526.3 
          97400            3469 
          97800          3412.8 
          98200         3356.49 
          98600         3298.66 
          99000         3250.96 
          99400         3199.15 
          99800         3148.36 
         100200         3098.55 
         200000         195.249 
         400000         12.0504 
         600000         2.35697 
         800000        0.740568 
         1.0e+6        0.301741 
         1.2e+6        0.144913 
         1.4e+6       0.0779484 
         1.6e+6       0.0455548 
