# Kurucz ODFNEW /NOVER (2003)
# teff = 7250 K (value for the effective temperature for the model. Temperatures are given in K)
# logg = 3.5 log(cm/s2) (value for Log(G) for the model.)
# meta = -2  (value for the Metallicity for the model.)
# lh = 1.25  (l/Hp where l is the  mixing length of the convective element and Hp is the pressure scale height)
# vtur = 2 km/s (Microturbulence velocity)
# alpha = 0  (Alpha)
#
# column 1: WAVELENGTH (ANGSTROM), Wavelength in Angstrom
# column 2: FLUX (ERG/CM2/S/A), Flux in erg/cm2/s/A
            338     6.12329e-25 
            348     5.82278e-24 
            357     3.94143e-23 
            366     2.42002e-22 
            375     1.35387e-21 
            385     8.30063e-21 
            395      4.6142e-20 
            405     2.34478e-19 
            414     9.43384e-19 
            422     3.08201e-18 
            430     9.60752e-18 
            441     4.26918e-17 
            451     1.54753e-16 
            460     4.68597e-16 
            470     1.52189e-15 
            480     4.68655e-15 
            490     1.37427e-14 
            500     3.84354e-14 
            506     9.25153e-14 
            512     1.86278e-13 
            520     3.94005e-13 
            530     9.77994e-13 
            540     2.30198e-12 
            550     5.30385e-12 
            560     1.17575e-11 
            570     2.52765e-11 
            580     5.21844e-11 
            590      1.0723e-10 
            600     2.12224e-10 
            610     4.09755e-10 
            620     7.72717e-10 
            630      1.42491e-9 
            640      2.57374e-9 
            650      4.55553e-9 
            658      7.09354e-9 
            665      1.03488e-8 
            675      1.74819e-8 
            685      2.90272e-8 
            695      4.74171e-8 
            705      7.62441e-8 
            716      1.26359e-7 
            726      1.97015e-7 
            735      2.90491e-7 
            745      4.41717e-7 
            755      6.63213e-7 
            765      9.83755e-7 
            775      1.44244e-6 
            785      2.09131e-6 
            795      2.99917e-6 
            805      4.25845e-6 
            815      5.98593e-6 
            825      8.33579e-6 
            835       1.1503e-5 
            845       1.5734e-5 
            855      2.13383e-5 
            865      2.87024e-5 
            875      3.83006e-5 
            885      5.07308e-5 
            895      6.66992e-5 
            905      8.70637e-5 
            915        0.206826 
            925         1.52673 
            935         2.54451 
            945         4.17508 
            955         5.93539 
            965          7.5627 
            975         6.48222 
            985         12.6606 
            995         15.2343 
           1005         18.9393 
           1015         19.0554 
           1025         16.3586 
           1035         29.3084 
           1045         42.7502 
           1055         52.0098 
           1065         62.9252 
           1075         76.9351 
           1085         93.2491 
           1095         108.266 
           1105         174.566 
           1115         267.442 
           1125         305.819 
           1135         376.605 
           1145         419.021 
           1155         424.702 
           1165         458.773 
           1175             420 
           1185         613.912 
           1195         298.687 
           1205         177.791 
           1215         56.7892 
           1225         203.101 
           1235         505.904 
           1245         369.578 
           1255         665.521 
           1265         1171.68 
           1275         1862.55 
           1285         2429.36 
           1295         3056.47 
           1305         3629.87 
           1315         4457.86 
           1325         5364.18 
           1335         6354.97 
           1345          7663.6 
           1355         8811.78 
           1365         10523.5 
           1375         12023.3 
           1385         13441.1 
           1395           15484 
           1405         17699.2 
           1415         21575.8 
           1425         23893.6 
           1435         26245.6 
           1442         31912.2 
           1447         30671.9 
           1455         34471.1 
           1465         35525.8 
           1475           39579 
           1485         44386.3 
           1495         50194.6 
           1505         56127.9 
           1512         59381.4 
           1517         55657.6 
           1525         58451.1 
           1535         62467.8 
           1545         63792.4 
           1555         65260.1 
           1565         63062.9 
           1575         69531.6 
           1585           74093 
           1595         79660.3 
           1605         83524.6 
           1615         96131.4 
           1625          122218 
           1635          227794 
           1645          657976 
           1655          945487 
           1665      2.51567e+6 
           1672      2.55004e+6 
           1677      3.71099e+6 
           1685      4.73177e+6 
           1695      5.26381e+6 
           1705      5.96088e+6 
           1715      6.97773e+6 
           1725      7.27638e+6 
           1735      8.14851e+6 
           1745      8.12776e+6 
           1755      8.92462e+6 
           1765      7.84786e+6 
           1775      8.93449e+6 
           1785      9.19588e+6 
           1795      1.00455e+7 
           1805      9.63532e+6 
           1815      9.83844e+6 
           1825      9.37326e+6 
           1835      9.91067e+6 
           1845      9.15167e+6 
           1855      9.69932e+6 
           1865      1.01665e+7 
           1875      1.02815e+7 
           1885      1.04497e+7 
           1895      1.07752e+7 
           1905      1.04101e+7 
           1915      1.10762e+7 
           1925      1.14708e+7 
           1935      1.08394e+7 
           1945      1.18585e+7 
           1955      1.18696e+7 
           1967       1.2397e+7 
           1976      1.20451e+7 
           1984      1.20572e+7 
           1995      1.20354e+7 
           2005      1.16804e+7 
           2015      1.18849e+7 
           2025      1.12257e+7 
           2035      1.23147e+7 
           2045      1.28017e+7 
           2055      1.25329e+7 
           2065       1.2456e+7 
           2074      1.33351e+7 
           2078      1.33371e+7 
           2085      1.32555e+7 
           2095      1.29661e+7 
           2105      1.28084e+7 
           2115      1.30766e+7 
           2125      1.32892e+7 
           2135      1.20584e+7 
           2145       1.3158e+7 
           2155      1.30508e+7 
           2165      1.25664e+7 
           2175      1.25857e+7 
           2185      1.30484e+7 
           2195      1.38063e+7 
           2205      1.34249e+7 
           2215       1.2672e+7 
           2225      1.30583e+7 
           2235       1.4214e+7 
           2245      1.33036e+7 
           2255      1.28487e+7 
           2265       1.2538e+7 
           2275      1.34645e+7 
           2285      1.37012e+7 
           2295      1.30142e+7 
           2305      1.34021e+7 
           2315      1.35227e+7 
           2325      1.34917e+7 
           2335      1.33667e+7 
           2345      1.21561e+7 
           2355      1.38342e+7 
           2365      1.26499e+7 
           2375      1.34319e+7 
           2385      1.18187e+7 
           2395      1.29786e+7 
           2405       1.2768e+7 
           2415      1.28582e+7 
           2425      1.37344e+7 
           2435      1.33683e+7 
           2445      1.38201e+7 
           2455      1.36446e+7 
           2465       1.3588e+7 
           2475      1.30824e+7 
           2485      1.33726e+7 
           2495      1.31247e+7 
           2505      1.43217e+7 
           2513      1.33251e+7 
           2518      1.32419e+7 
           2525      1.25848e+7 
           2535      1.24423e+7 
           2545      1.24517e+7 
           2555      1.34273e+7 
           2565      1.35169e+7 
           2575      1.42661e+7 
           2585      1.44124e+7 
           2595       1.4395e+7 
           2605      1.39533e+7 
           2615      1.36958e+7 
           2625      1.43735e+7 
           2635      1.45055e+7 
           2645      1.57697e+7 
           2655      1.57783e+7 
           2665      1.49732e+7 
           2675      1.53801e+7 
           2685      1.57099e+7 
           2695      1.50064e+7 
           2705      1.51433e+7 
           2715      1.45459e+7 
           2725      1.46397e+7 
           2735      1.52319e+7 
           2745      1.37087e+7 
           2755      1.41429e+7 
           2765      1.47829e+7 
           2775       1.5363e+7 
           2785      1.51984e+7 
           2795      1.21328e+7 
           2805      1.33674e+7 
           2815      1.60115e+7 
           2825      1.58332e+7 
           2835      1.55337e+7 
           2845      1.52683e+7 
           2855      1.46499e+7 
           2865      1.53221e+7 
           2875      1.51838e+7 
           2885       1.5592e+7 
           2895       1.5511e+7 
           2910      1.62123e+7 
           2930      1.58549e+7 
           2950       1.5725e+7 
           2970      1.58586e+7 
           2990      1.59291e+7 
           3010       1.5995e+7 
           3030      1.60698e+7 
           3050      1.60942e+7 
           3070       1.6089e+7 
           3090      1.61915e+7 
           3110      1.60794e+7 
           3130      1.61084e+7 
           3150      1.63061e+7 
           3170      1.62825e+7 
           3190      1.58554e+7 
           3210      1.60427e+7 
           3230      1.57915e+7 
           3250      1.60629e+7 
           3270      1.62637e+7 
           3290      1.63864e+7 
           3310      1.64269e+7 
           3330      1.62285e+7 
           3350      1.60387e+7 
           3370      1.60738e+7 
           3390      1.60033e+7 
           3410      1.61907e+7 
           3430      1.62106e+7 
           3450      1.61042e+7 
           3470      1.60495e+7 
           3490      1.60931e+7 
           3510      1.62075e+7 
           3530      1.61988e+7 
           3550      1.62816e+7 
           3570      1.60075e+7 
           3590      1.59849e+7 
           3610      1.59984e+7 
           3630      1.60677e+7 
           3640      1.60477e+7 
           3650         1.62e+7 
           3670      1.61582e+7 
           3690      1.54935e+7 
           3710      1.70198e+7 
           3730      1.81226e+7 
           3750      2.27045e+7 
           3770      2.38131e+7 
           3790      2.74913e+7 
           3810      3.09354e+7 
           3830      2.55553e+7 
           3850      3.32061e+7 
           3870      3.57162e+7 
           3890      2.39722e+7 
           3910       3.5657e+7 
           3930      3.56292e+7 
           3950      3.57787e+7 
           3970      2.32153e+7 
           3990      3.49159e+7 
           4010      3.71643e+7 
           4030      3.71768e+7 
           4050       3.6822e+7 
           4070      3.55877e+7 
           4090      3.06845e+7 
           4110      2.48802e+7 
           4130      3.47445e+7 
           4150      3.54997e+7 
           4170      3.55305e+7 
           4190      3.51814e+7 
           4210        3.485e+7 
           4230      3.44223e+7 
           4250      3.43035e+7 
           4270      3.39395e+7 
           4290      3.36504e+7 
           4310      3.23755e+7 
           4330      2.71482e+7 
           4350      2.38212e+7 
           4370      3.19049e+7 
           4390      3.23049e+7 
           4410      3.22334e+7 
           4430         3.23e+7 
           4450      3.20655e+7 
           4470      3.18528e+7 
           4490      3.16332e+7 
           4510      3.14292e+7 
           4530      3.11027e+7 
           4550      3.07662e+7 
           4570      3.07392e+7 
           4590      3.04737e+7 
           4610      3.03499e+7 
           4630      3.00566e+7 
           4650      2.98875e+7 
           4670      2.96735e+7 
           4690      2.94107e+7 
           4710      2.90307e+7 
           4730      2.89928e+7 
           4750      2.87608e+7 
           4770      2.84904e+7 
           4790       2.8207e+7 
           4810      2.78361e+7 
           4830      2.70344e+7 
           4850      2.31971e+7 
           4870      1.95506e+7 
           4890        2.603e+7 
           4910      2.67232e+7 
           4930      2.65486e+7 
           4950      2.65483e+7 
           4970      2.64708e+7 
           4990      2.62529e+7 
           5010      2.59537e+7 
           5030      2.58936e+7 
           5050      2.56771e+7 
           5070      2.55219e+7 
           5090      2.53231e+7 
           5110      2.51426e+7 
           5130      2.49398e+7 
           5150      2.47294e+7 
           5170      2.42566e+7 
           5190      2.41749e+7 
           5210      2.41381e+7 
           5230      2.39153e+7 
           5250      2.38729e+7 
           5270      2.35347e+7 
           5290      2.35105e+7 
           5310      2.33217e+7 
           5330       2.3082e+7 
           5350      2.30006e+7 
           5370      2.27904e+7 
           5390      2.26371e+7 
           5410      2.24353e+7 
           5430      2.22946e+7 
           5450      2.21351e+7 
           5470      2.19987e+7 
           5490       2.1855e+7 
           5510      2.16979e+7 
           5530      2.15252e+7 
           5550      2.13899e+7 
           5570      2.12159e+7 
           5590      2.10523e+7 
           5610      2.09097e+7 
           5630      2.07744e+7 
           5650      2.06229e+7 
           5670      2.04695e+7 
           5690      2.03282e+7 
           5710      2.01779e+7 
           5730      2.00419e+7 
           5750      1.98947e+7 
           5770      1.97537e+7 
           5790      1.96118e+7 
           5810      1.94726e+7 
           5830      1.93347e+7 
           5850      1.91929e+7 
           5870      1.90568e+7 
           5890      1.88028e+7 
           5910      1.87879e+7 
           5930      1.86549e+7 
           5950      1.85244e+7 
           5970      1.83931e+7 
           5990      1.82621e+7 
           6010      1.81314e+7 
           6030       1.8003e+7 
           6050      1.78811e+7 
           6070      1.77563e+7 
           6090      1.76307e+7 
           6110      1.75054e+7 
           6130      1.73693e+7 
           6150      1.72495e+7 
           6170       1.7124e+7 
           6190      1.70224e+7 
           6210      1.69041e+7 
           6230      1.67822e+7 
           6250      1.66528e+7 
           6270      1.65553e+7 
           6290      1.64407e+7 
           6310      1.63215e+7 
           6330       1.6211e+7 
           6350      1.60978e+7 
           6370      1.59876e+7 
           6390      1.58794e+7 
           6410       1.5763e+7 
           6430      1.56588e+7 
           6450      1.55337e+7 
           6470      1.54054e+7 
           6490      1.52632e+7 
           6510      1.51038e+7 
           6530      1.47835e+7 
           6550      1.35044e+7 
           6570      1.12247e+7 
           6590      1.42119e+7 
           6610      1.45408e+7 
           6630      1.45492e+7 
           6650      1.44882e+7 
           6670      1.44184e+7 
           6690      1.43373e+7 
           6710      1.42403e+7 
           6730      1.41458e+7 
           6750      1.40489e+7 
           6770      1.39569e+7 
           6790      1.38634e+7 
           6810      1.37707e+7 
           6830      1.36781e+7 
           6850      1.35863e+7 
           6870      1.34969e+7 
           6890      1.34075e+7 
           6910      1.33182e+7 
           6930      1.32305e+7 
           6950       1.3142e+7 
           6970      1.30558e+7 
           6990      1.29696e+7 
           7010      1.28819e+7 
           7030       1.2798e+7 
           7050      1.27149e+7 
           7070      1.26318e+7 
           7090      1.25486e+7 
           7110      1.24595e+7 
           7130       1.2383e+7 
           7150      1.23021e+7 
           7170      1.22225e+7 
           7190      1.21415e+7 
           7210      1.20627e+7 
           7230      1.19859e+7 
           7250      1.19084e+7 
           7270      1.18316e+7 
           7290      1.17533e+7 
           7310      1.16778e+7 
           7330      1.16015e+7 
           7350      1.15287e+7 
           7370      1.14551e+7 
           7390      1.13794e+7 
           7410      1.13036e+7 
           7430      1.12333e+7 
           7450      1.11615e+7 
           7470       1.1089e+7 
           7490      1.10171e+7 
           7510      1.09492e+7 
           7530      1.08805e+7 
           7550      1.08117e+7 
           7570      1.07428e+7 
           7590      1.06745e+7 
           7610      1.06074e+7 
           7630      1.05402e+7 
           7650      1.04729e+7 
           7670      1.04049e+7 
           7690      1.03413e+7 
           7710      1.02744e+7 
           7730      1.02119e+7 
           7750      1.01467e+7 
           7770      1.00608e+7 
           7790       1.0021e+7 
           7810      9.95865e+6 
           7830      9.89493e+6 
           7850      9.83296e+6 
           7870       9.7721e+6 
           7890      9.71112e+6 
           7910      9.65184e+6 
           7930      9.58884e+6 
           7950      9.53052e+6 
           7970      9.47385e+6 
           7990      9.41468e+6 
           8010      9.35657e+6 
           8030      9.29892e+6 
           8050      9.24172e+6 
           8070      9.18556e+6 
           8090      9.12811e+6 
           8110      9.07283e+6 
           8130      9.01742e+6 
           8150      8.96244e+6 
           8170      8.90733e+6 
           8190      8.84478e+6 
           8210      8.80342e+6 
           8230      8.74956e+6 
           8250      8.69944e+6 
           8270      8.65411e+6 
           8290      8.60363e+6 
           8310       8.5519e+6 
           8330      8.48591e+6 
           8350      8.44693e+6 
           8370       8.3851e+6 
           8390      8.32591e+6 
           8410      8.26718e+6 
           8430      8.22906e+6 
           8450      8.17801e+6 
           8470      8.02864e+6 
           8490      8.13981e+6 
           8510      7.80872e+6 
           8530      8.09057e+6 
           8550      7.52196e+6 
           8570       8.0696e+6 
           8590      7.72522e+6 
           8610      7.54962e+6 
           8630      8.02253e+6 
           8650      7.84852e+6 
           8670      6.93629e+6 
           8690      7.87222e+6 
           8710      7.95181e+6 
           8730      7.79134e+6 
           8750      6.72491e+6 
           8770      7.56565e+6 
           8790      7.81358e+6 
           8810      7.80241e+6 
           8830      7.70961e+6 
           8850      7.29241e+6 
           8870      6.48433e+6 
           8890      7.47242e+6 
           8910      7.59171e+6 
           8930      7.58609e+6 
           8950      7.55128e+6 
           8970      7.47364e+6 
           8990      7.29172e+6 
           9010      6.31408e+6 
           9030      6.77403e+6 
           9050      7.22664e+6 
           9070      7.25754e+6 
           9090      7.21743e+6 
           9110      7.22481e+6 
           9130      7.19772e+6 
           9150      7.15144e+6 
           9170      7.09205e+6 
           9190      6.99609e+6 
           9210      6.73612e+6 
           9230       5.7372e+6 
           9250      6.58773e+6 
           9270      6.81887e+6 
           9290       6.8524e+6 
           9310      6.83603e+6 
           9330      6.80632e+6 
           9350       6.7824e+6 
           9370      6.74533e+6 
           9390      6.70679e+6 
           9410       6.6379e+6 
           9430      6.62884e+6 
           9450      6.57929e+6 
           9470      6.53431e+6 
           9490      6.47584e+6 
           9510      6.37532e+6 
           9530      6.09224e+6 
           9550      5.24143e+6 
           9570       6.0879e+6 
           9590      6.25014e+6 
           9610      6.26495e+6 
           9630      6.24301e+6 
           9650       6.2293e+6 
           9670      6.18986e+6 
           9690      6.16875e+6 
           9710      6.13777e+6 
           9730      6.10421e+6 
           9750      6.06928e+6 
           9770      6.03735e+6 
           9790      6.00446e+6 
           9810      5.97178e+6 
           9830      5.93932e+6 
           9850      5.90629e+6 
           9870      5.87387e+6 
           9890      5.83974e+6 
           9910      5.81005e+6 
           9930      5.77865e+6 
           9950       5.7368e+6 
           9970      5.69675e+6 
           9990      5.64716e+6 
          10025       5.3424e+6 
          10075      5.12658e+6 
          10125      5.45348e+6 
          10175      5.40874e+6 
          10225      5.34084e+6 
          10275      5.27115e+6 
          10325      5.20114e+6 
          10375      5.13398e+6 
          10425      5.06717e+6 
          10475      4.99694e+6 
          10525      4.93665e+6 
          10575      4.87256e+6 
          10625      4.80912e+6 
          10675      4.72517e+6 
          10725      4.68023e+6 
          10775      4.62554e+6 
          10825      4.55558e+6 
          10875      4.46696e+6 
          10925      3.98712e+6 
          10975      4.23298e+6 
          11025      4.32051e+6 
          11075       4.2865e+6 
          11125      4.23649e+6 
          11175      4.18388e+6 
          11225      4.13264e+6 
          11275      4.07918e+6 
          11325      4.02767e+6 
          11375      3.98157e+6 
          11425      3.93207e+6 
          11475      3.88558e+6 
          11525      3.83861e+6 
          11575      3.79174e+6 
          11625      3.74386e+6 
          11675      3.69583e+6 
          11725       3.6567e+6 
          11775      3.60208e+6 
          11825      3.56441e+6 
          11875      3.52323e+6 
          11925      3.48554e+6 
          11975      3.43758e+6 
          12025      3.40253e+6 
          12075      3.36124e+6 
          12125      3.32332e+6 
          12175      3.28515e+6 
          12225      3.24674e+6 
          12275      3.20834e+6 
          12325       3.1717e+6 
          12375      3.13505e+6 
          12425      3.09913e+6 
          12475      3.06345e+6 
          12525      3.02799e+6 
          12575      2.99252e+6 
          12625        2.958e+6 
          12675      2.92134e+6 
          12725      2.87609e+6 
          12775      2.78506e+6 
          12825      2.45991e+6 
          12875      2.73924e+6 
          12925      2.75079e+6 
          12975       2.7303e+6 
          13025      2.70272e+6 
          13075      2.67283e+6 
          13125      2.64266e+6 
          13175      2.61309e+6 
          13225      2.58476e+6 
          13275      2.55613e+6 
          13325      2.52807e+6 
          13375      2.50036e+6 
          13425      2.47299e+6 
          13475      2.44596e+6 
          13525      2.41905e+6 
          13575      2.39268e+6 
          13625      2.36703e+6 
          13675      2.34129e+6 
          13725      2.31447e+6 
          13775      2.29075e+6 
          13825      2.26593e+6 
          13875      2.24199e+6 
          13925      2.21776e+6 
          13975      2.19401e+6 
          14025      2.17054e+6 
          14075      2.14754e+6 
          14125      2.12444e+6 
          14175      2.10216e+6 
          14225      2.07959e+6 
          14275      2.05747e+6 
          14325      2.03597e+6 
          14375      2.01454e+6 
          14425      1.98901e+6 
          14475      1.97224e+6 
          14525      1.94886e+6 
          14570      1.93276e+6 
          14620      1.91322e+6 
          14675      1.89208e+6 
          14725      1.87265e+6 
          14775       1.8531e+6 
          14825      1.83445e+6 
          14875      1.81328e+6 
          14925       1.7976e+6 
          14975      1.77907e+6 
          15025       1.7569e+6 
          15075      1.74112e+6 
          15125      1.72353e+6 
          15175      1.70516e+6 
          15225      1.68943e+6 
          15275      1.66644e+6 
          15325      1.64804e+6 
          15375      1.63718e+6 
          15425      1.60537e+6 
          15475      1.60366e+6 
          15525       1.5871e+6 
          15575      1.54046e+6 
          15625      1.56824e+6 
          15675      1.52499e+6 
          15725      1.48101e+6 
          15775      1.52508e+6 
          15825      1.50703e+6 
          15875      1.38931e+6 
          15925      1.45966e+6 
          15975      1.47433e+6 
          16050      1.43213e+6 
          16150      1.34717e+6 
          16250      1.40374e+6 
          16350      1.33986e+6 
          16450      1.25468e+6 
          16550      1.32067e+6 
          16650      1.29404e+6 
          16750      1.22546e+6 
          16850      1.14586e+6 
          16950      1.21205e+6 
          17050      1.19176e+6 
          17150      1.16572e+6 
          17250      1.13309e+6 
          17350      1.01074e+6 
          17450      1.07548e+6 
          17550      1.07075e+6 
          17650      1.05098e+6 
          17750      1.02983e+6 
          17850       1.0088e+6 
          17950          987744 
          18050          962179 
          18150          865195 
          18250          906141 
          18350          908700 
          18450          893586 
          18550          874277 
          18650          850088 
          18750          761158 
          18850          814863 
          18950          807901 
          19050          794552 
          19150          779372 
          19250          763183 
          19350          741531 
          19450          667722 
          19550          713889 
          19650          707675 
          19750          695428 
          19850          682730 
          19950          670177 
          20050          657942 
          20150          645962 
          20250          634224 
          20350          622730 
          20450          611592 
          20550          600649 
          20650          589881 
          20750          579467 
          20850          569242 
          20950          559194 
          21050          549413 
          21150          539783 
          21250          530385 
          21350          521254 
          21450          511722 
          21550          499131 
          21650          452849 
          21750          479641 
          21850          477376 
          21950          470292 
          22050          462347 
          22150          454612 
          22250          447125 
          22350          439717 
          22450          432467 
          22550          425291 
          22650          418386 
          22750          411572 
          22850          404976 
          22950          398472 
          23050          392129 
          23150          385880 
          23250          379766 
          23350          373757 
          23450          367876 
          23550          362103 
          23650          356427 
          23750          350861 
          23850          345381 
          23950          340020 
          24050          334717 
          24150          329451 
          24250          324606 
          24350          319385 
          24450          314320 
          24550          309977 
          24650          304801 
          24750          300246 
          24850          296584 
          24950          289611 
          25050          287952 
          25150          283773 
          25250          275526 
          25350          275227 
          25450          271928 
          25550          267149 
          25650          257517 
          25750          259782 
          25850          256671 
          25950          252873 
          26050          247077 
          26150          236007 
          26250          223869 
          26350          236204 
          26450          235412 
          26550          232343 
          26650          227845 
          26750          214420 
          26850          221516 
          26950          220004 
          27050          217320 
          27150          214327 
          27250          211367 
          27350          208333 
          27450          204518 
          27550          191829 
          27650          195834 
          27750          196749 
          27850          194644 
          27950          192024 
          28050          189446 
          28150          186909 
          28250          184413 
          28350          181961 
          28450          179535 
          28550          176763 
          28650          172140 
          28750          161788 
          28850          169186 
          28950          167961 
          29050          165887 
          29150          163727 
          29250          161623 
          29350          159544 
          29450          157498 
          29550          155485 
          29650          153503 
          29750          151554 
          29850          149631 
          29950          147743 
          30050          145881 
          30150          144041 
          30250          141628 
          30350          133416 
          30450          134736 
          30550          136580 
          30650          135309 
          30750          133653 
          30850          132005 
          30950          130394 
          31050          128801 
          31150          127218 
          31250          125688 
          31350          124171 
          31450          122670 
          31550          121197 
          31650          119748 
          31750          118315 
          31850          116908 
          31950          115521 
          32100          113475 
          32300          110817 
          32500          108241 
          32700          105663 
          32900           99350 
          33100          100003 
          33300         98472.4 
          33500         96296.4 
          33700         94138.4 
          33900         92047.5 
          34100         90008.7 
          34300         88030.2 
          34500           86101 
          34700         84222.8 
          34900         82394.2 
          35100           80617 
          35300         78886.8 
          35500         77193.3 
          35700         75538.6 
          35900         73983.1 
          36100         72367.8 
          36300         70923.6 
          36500         69345.4 
          36700         68029.4 
          36900         66433.5 
          37100           65221 
          37300         62955.7 
          37500         60989.3 
          37700         61351.2 
          37900         60175.6 
          38100         58709.8 
          38300         57607.7 
          38500         56769.3 
          38700         55653.3 
          38900         54447.6 
          39100         52820.1 
          39300         52413.2 
          39500         51446.7 
          39700         50456.4 
          39900         49478.6 
          40100         48142.8 
          40300         46995.8 
          40500           45327 
          40700         45755.9 
          40900         44987.5 
          41100         44153.7 
          41300           43334 
          41500         42484.2 
          41700         40775.6 
          41900         40923.7 
          42100         40242.5 
          42300         39517.5 
          42500         38804.4 
          42700         38109.1 
          42900         37427.1 
          43100         36762.2 
          43300         36109.9 
          43500           35468 
          43700         34029.5 
          43900         34046.6 
          44100         33645.5 
          44300         33064.1 
          44500         32493.6 
          44700         31984.7 
          44900         31435.1 
          45100         30901.3 
          45300         30377.5 
          45500         29865.4 
          45700         29362.8 
          45900         28867.9 
          46100           28384 
          46300         27835.3 
          46500         26577.1 
          46700         26170.3 
          46900         26439.1 
          47100         26111.5 
          47300         25700.8 
          47500         25284.5 
          47700         24877.5 
          47900         24476.5 
          48100         24084.5 
          48300         23701.3 
          48500         23325.3 
          48700         22956.2 
          48900         22593.9 
          49100         22239.9 
          49300         21892.4 
          49500         21551.3 
          49700         21216.6 
          49900         20889.5 
          50100         20566.9 
          50300         20244.4 
          50500         19942.5 
          50700           19639 
          50900           19309 
          51100         18987.9 
          51300         18224.6 
          51500         18444.1 
          51700         18166.3 
          51900         17935.7 
          52100         17669.2 
          52300           17409 
          52500         17141.3 
          52700         16862.2 
          52900         16654.2 
          53100         16412.7 
          53300         16174.4 
          53500         15940.5 
          53700         15674.4 
          53900         15451.9 
          54100         15265.8 
          54300         15047.5 
          54500         14834.5 
          54700         14624.3 
          54900         14419.2 
          55100         14200.5 
          55300         13939.1 
          55500         13821.7 
          55700         13630.3 
          55900         13441.3 
          56100         13255.9 
          56300         13073.9 
          56500         12895.4 
          56700           12719 
          56900         12541.3 
          57100           12263 
          57300         12199.3 
          57500         12043.9 
          57700         11882.5 
          57900         11724.2 
          58100         11567.7 
          58300         11414.2 
          58500         11270.2 
          58700         11121.4 
          58900         10942.8 
          59100         10534.8 
          59300           10660 
          59500           10419 
          59700         10365.6 
          59900         10278.8 
          60100         10146.2 
          60300         10015.8 
          60500         9887.44 
          60700         9761.05 
          60900          9636.7 
          61100         9514.38 
          61300         9394.05 
          61500         9275.58 
          61700         9158.94 
          61900          9044.1 
          62100         8931.13 
          62300         8819.72 
          62500         8710.23 
          62700         8591.12 
          62900         8340.42 
          63100         8371.46 
          63300         8288.84 
          63500         8187.56 
          63700         8087.77 
          63900         7989.43 
          64200         7844.83 
          64600         7656.98 
          65000         7474.76 
          65400         7297.99 
          65800         7126.35 
          66200         6959.77 
          66600         6798.02 
          67000         6640.89 
          67400         6483.44 
          67800         6267.27 
          68200         6196.07 
          68600          6056.3 
          69000         5920.29 
          69400         5788.03 
          69800         5659.56 
          70200         5534.62 
          70600         5413.05 
          71000         5294.39 
          71400         5179.89 
          71800         5067.96 
          72200         4959.06 
          72600         4849.53 
          73000          4749.8 
          73400         4649.44 
          73800         4551.65 
          74200         4456.39 
          74600         4301.09 
          75000         4179.79 
          75400         4180.55 
          75800          4099.7 
          76200         4016.15 
          76600          3934.7 
          77000          3855.3 
          77400         3777.88 
          77800         3692.02 
          78200         3628.84 
          78600         3557.12 
          79000         3487.15 
          79400         3418.88 
          79800         3352.27 
          80200         3287.22 
          80600         3223.83 
          81000         3161.92 
          81400         3090.16 
          81800         3039.74 
          82200         2984.91 
          82600         2928.63 
          83000         2873.73 
          83400         2820.07 
          83800         2767.68 
          84200         2716.52 
          84600         2666.52 
          85000         2617.66 
          85400          2569.9 
          85800         2523.27 
          86200          2477.6 
          86600         2416.58 
          87000         2389.29 
          87400         2332.16 
          87800         2290.92 
          88200         2264.47 
          88600         2224.63 
          89000         2185.66 
          89400         2147.52 
          89800         2110.26 
          90200         2073.76 
          90600         2038.05 
          91000         2003.11 
          91400         1968.93 
          91800         1935.45 
          92200         1902.69 
          92600         1870.61 
          93000         1839.26 
          93400         1808.51 
          93800         1763.92 
          94200         1746.81 
          94600         1720.07 
          95000          1691.8 
          95400         1664.06 
          95800         1636.98 
          96200         1610.41 
          96600         1584.38 
          97000         1558.85 
          97400         1533.84 
          97800         1509.35 
          98200         1485.32 
          98600          1461.2 
          99000         1438.69 
          99400         1416.08 
          99800         1393.89 
         100200         1372.17 
         200000         89.4779 
         400000         5.67096 
         600000         1.12129 
         800000        0.354179 
         1.0e+6        0.144698 
         1.2e+6       0.0695903 
         1.4e+6       0.0374634 
         1.6e+6       0.0219048 
