# Kurucz ODFNEW /NOVER (2003)
# teff = 6250 K (value for the effective temperature for the model. Temperatures are given in K)
# logg = 5 log(cm/s2) (value for Log(G) for the model.)
# meta = -1  (value for the Metallicity for the model.)
# lh = 1.25  (l/Hp where l is the  mixing length of the convective element and Hp is the pressure scale height)
# vtur = 2 km/s (Microturbulence velocity)
# alpha = 0  (Alpha)
#
# column 1: WAVELENGTH (ANGSTROM), Wavelength in Angstrom
# column 2: FLUX (ERG/CM2/S/A), Flux in erg/cm2/s/A
          147.2     2.23261e-83 
            151     5.40286e-81 
          155.2     1.69463e-78 
          158.8     1.82528e-76 
            162     9.78472e-75 
            166     1.13892e-72 
          170.3     1.46875e-70 
          173.4     4.18771e-69 
          176.8     1.43855e-67 
          180.2     4.31176e-66 
          181.7     1.85416e-65 
          186.1     1.16544e-63 
            191     9.31605e-62 
          193.9     1.11715e-60 
          198.4     4.55434e-59 
          201.8      6.7163e-58 
            205     7.78721e-57 
          210.5     4.37738e-55 
          216.2     2.28283e-53 
          219.8     2.48891e-52 
            223     1.94323e-51 
          226.8     2.06681e-50 
            230      1.4236e-49 
            234     1.46822e-48 
            240     4.18667e-47 
          246.5     1.30679e-45 
          252.4     2.53557e-44 
          256.8      2.1126e-43 
            260     9.42437e-43 
            264     5.79721e-42 
          268.5     4.17938e-41 
          273.5     3.46702e-40 
          278.5     2.66263e-39 
            284     2.29907e-38 
            290     2.19139e-37 
            296     1.89685e-36 
            301     1.07192e-35 
            308      1.0973e-34 
            318     2.52908e-33 
            328     4.77635e-32 
            338     7.51784e-31 
            348     1.00332e-29 
            357     9.06552e-29 
            366     7.32501e-28 
            375      5.3223e-27 
            385     4.30116e-26 
            395     3.10752e-25 
            405     2.02615e-24 
            414      1.0097e-23 
            422      3.9595e-23 
            430     1.47142e-22 
            441     8.23985e-22 
            451     3.64985e-21 
            460     1.31387e-20 
            470      5.1313e-20 
            480     1.88561e-19 
            490     6.55064e-19 
            500     2.15595e-18 
            506     5.71092e-18 
            512     1.25815e-17 
            520     2.99976e-17 
            530      8.6008e-17 
            540     2.32782e-16 
            550     6.13241e-16 
            560     1.54728e-15 
            570     3.76903e-15 
            580     8.78158e-15 
            590     2.02683e-14 
            600     4.48988e-14 
            610      9.6673e-14 
            620     2.02566e-13 
            630     4.13719e-13 
            640     8.24942e-13 
            650     1.60714e-12 
            658     2.69623e-12 
            665     4.19226e-12 
            675     7.74006e-12 
            685      1.4011e-11 
            695     2.48863e-11 
            705     4.33899e-11 
            716     7.84755e-11 
            726     1.32115e-10 
            735     2.08342e-10 
            745     3.40711e-10 
            755     5.49155e-10 
            765     8.72839e-10 
            775      1.36874e-9 
            785      2.11919e-9 
            795      3.23504e-9 
            805      4.89375e-9 
            815      7.31254e-9 
            825      1.08055e-8 
            835      1.58008e-8 
            845      2.28689e-8 
            855      3.27759e-8 
            865      4.65292e-8 
            875      6.54384e-8 
            885      9.12693e-8 
            895      1.26198e-7 
            905      1.73046e-7 
            915      0.00051756 
            925      0.00195294 
            935      0.00265694 
            945      0.00378183 
            955      0.00533479 
            965       0.0072775 
            975      0.00920438 
            985       0.0129087 
            995       0.0170574 
           1005       0.0229221 
           1015       0.0293046 
           1025       0.0354471 
           1035       0.0502658 
           1045        0.066623 
           1055       0.0827195 
           1065        0.107533 
           1075        0.137779 
           1085        0.177461 
           1095        0.219033 
           1105        0.456879 
           1115        0.980743 
           1125         1.40408 
           1135         2.11201 
           1145         2.65091 
           1155         2.93894 
           1165         3.45468 
           1175         4.09385 
           1185          4.1785 
           1195         2.95627 
           1205         2.39401 
           1215         1.31241 
           1225         3.10999 
           1235         6.74308 
           1245         11.6857 
           1255         17.4374 
           1265         22.6241 
           1275         30.5995 
           1285         45.2173 
           1295         54.3318 
           1305         72.0067 
           1315         86.1071 
           1325         103.837 
           1335         118.657 
           1345         142.672 
           1355         159.771 
           1365         193.645 
           1375         213.489 
           1385         237.265 
           1395         271.683 
           1405         305.407 
           1415         362.067 
           1425         389.229 
           1435         435.524 
           1442          512.78 
           1447         496.792 
           1455         577.491 
           1465         619.081 
           1475         688.775 
           1485         762.095 
           1495         893.167 
           1505         1022.68 
           1512         1033.58 
           1517         1085.18 
           1525         1276.13 
           1535         1737.17 
           1545         1867.53 
           1555         2090.84 
           1565         2083.74 
           1575         2511.91 
           1585         2745.89 
           1595         3050.09 
           1605         3214.01 
           1615         3758.16 
           1625         4253.47 
           1635         5365.37 
           1645         6969.43 
           1655         6424.15 
           1665         9449.41 
           1672         8675.09 
           1677         11070.6 
           1685         14423.1 
           1695         17087.1 
           1705         29951.5 
           1715         68998.6 
           1725          139759 
           1735          257821 
           1745          337557 
           1755          560723 
           1765          350944 
           1775          558860 
           1785          758584 
           1795      1.03077e+6 
           1805          791796 
           1815          797139 
           1825          707440 
           1835          886335 
           1845          393814 
           1855          779116 
           1865       1.2172e+6 
           1875      1.15388e+6 
           1885       1.2301e+6 
           1895      1.37546e+6 
           1905      1.25164e+6 
           1915      1.52439e+6 
           1925      1.37226e+6 
           1935          724698 
           1945      1.64483e+6 
           1955       1.7828e+6 
           1967      2.11184e+6 
           1976      1.89176e+6 
           1984      1.74571e+6 
           1995       1.9357e+6 
           2005      1.70802e+6 
           2015      1.96612e+6 
           2025      1.40774e+6 
           2035      2.18329e+6 
           2045      2.47404e+6 
           2055      2.36358e+6 
           2065      2.28199e+6 
           2074      2.85314e+6 
           2078      3.19673e+6 
           2085      2.99011e+6 
           2095      2.79056e+6 
           2105      2.77423e+6 
           2115      3.23324e+6 
           2125      2.86734e+6 
           2135      2.71392e+6 
           2145      3.44287e+6 
           2155      3.33563e+6 
           2165      2.89667e+6 
           2175      2.96279e+6 
           2185      3.60346e+6 
           2195      3.92874e+6 
           2205      3.64927e+6 
           2215      3.02345e+6 
           2225      3.52666e+6 
           2235      4.39671e+6 
           2245      4.05707e+6 
           2255      3.34624e+6 
           2265      3.06724e+6 
           2275      3.28927e+6 
           2285      3.99066e+6 
           2295      3.33397e+6 
           2305       3.9839e+6 
           2315      3.87082e+6 
           2325      3.64838e+6 
           2335       3.0059e+6 
           2345      2.10732e+6 
           2355      3.86149e+6 
           2365      2.30797e+6 
           2375      3.15456e+6 
           2385       1.7025e+6 
           2395      2.33918e+6 
           2405      2.33084e+6 
           2415       2.6299e+6 
           2425      4.21501e+6 
           2435      3.95039e+6 
           2445      4.49244e+6 
           2455      4.56599e+6 
           2465      4.51755e+6 
           2475      3.90289e+6 
           2485      2.73474e+6 
           2495      3.12239e+6 
           2505      4.34423e+6 
           2513      2.79315e+6 
           2518      1.67066e+6 
           2525      2.02398e+6 
           2535      2.54064e+6 
           2545      2.56218e+6 
           2555      3.59969e+6 
           2565      3.36067e+6 
           2575      4.32238e+6 
           2585      4.18138e+6 
           2595      3.92499e+6 
           2605      3.39771e+6 
           2615      3.01633e+6 
           2625      4.10483e+6 
           2635      5.23975e+6 
           2645      6.76775e+6 
           2655      7.62381e+6 
           2665      6.17112e+6 
           2675      6.78949e+6 
           2685      7.41625e+6 
           2695      5.99663e+6 
           2705      6.63355e+6 
           2715      5.31984e+6 
           2725      5.16012e+6 
           2735       5.6825e+6 
           2745      3.73463e+6 
           2755      4.72687e+6 
           2765      5.90529e+6 
           2775      6.20379e+6 
           2785      4.24498e+6 
           2795      1.29998e+6 
           2805      1.82973e+6 
           2815      6.33205e+6 
           2825      7.51276e+6 
           2835      7.10127e+6 
           2845      5.53643e+6 
           2855      2.67851e+6 
           2865      6.72385e+6 
           2875      7.48069e+6 
           2885      7.00572e+6 
           2895      7.66088e+6 
           2910        8.842e+6 
           2930      8.30877e+6 
           2950      8.12852e+6 
           2970      8.41533e+6 
           2990      8.32462e+6 
           3010      8.45262e+6 
           3030      8.57981e+6 
           3050      8.94107e+6 
           3070      8.99124e+6 
           3090      8.73515e+6 
           3110      8.90555e+6 
           3130      8.98323e+6 
           3150      8.73815e+6 
           3170      9.14409e+6 
           3190      8.54704e+6 
           3210      9.08617e+6 
           3230      8.47351e+6 
           3250      9.49269e+6 
           3270      1.03535e+7 
           3290      1.03067e+7 
           3310      1.03696e+7 
           3330      1.01968e+7 
           3350      1.00791e+7 
           3370      8.98858e+6 
           3390      9.75974e+6 
           3410      9.70002e+6 
           3430      1.01268e+7 
           3450      9.91223e+6 
           3470      1.01472e+7 
           3490      1.04348e+7 
           3510      1.05985e+7 
           3530      1.01906e+7 
           3550      1.10082e+7 
           3570      9.90796e+6 
           3590      9.75402e+6 
           3610      1.00819e+7 
           3630      1.02333e+7 
           3640      1.03574e+7 
           3650      1.09191e+7 
           3670      1.10024e+7 
           3690      1.06724e+7 
           3710      1.07514e+7 
           3730      9.49128e+6 
           3750      1.01664e+7 
           3770      1.09902e+7 
           3790      1.17086e+7 
           3810      1.22919e+7 
           3830       9.6922e+6 
           3850      1.23799e+7 
           3870      1.24138e+7 
           3890      1.10449e+7 
           3910      1.24782e+7 
           3930      8.83789e+6 
           3950      1.23217e+7 
           3970      9.20425e+6 
           3990      1.33757e+7 
           4010      1.37529e+7 
           4030      1.37007e+7 
           4050      1.35074e+7 
           4070      1.32119e+7 
           4090       1.3535e+7 
           4110      1.22764e+7 
           4130      1.37017e+7 
           4150      1.36716e+7 
           4170      1.38051e+7 
           4190      1.34009e+7 
           4210      1.33536e+7 
           4230      1.29225e+7 
           4250       1.3153e+7 
           4270      1.28809e+7 
           4290      1.24344e+7 
           4310      1.13316e+7 
           4330      1.27035e+7 
           4350      1.18774e+7 
           4370      1.33587e+7 
           4390      1.30035e+7 
           4410      1.31826e+7 
           4430      1.34779e+7 
           4450      1.33574e+7 
           4470      1.34268e+7 
           4490      1.35583e+7 
           4510      1.38054e+7 
           4530      1.33551e+7 
           4550      1.34338e+7 
           4570       1.3696e+7 
           4590      1.34696e+7 
           4610       1.3521e+7 
           4630      1.34663e+7 
           4650      1.34309e+7 
           4670      1.35467e+7 
           4690      1.34477e+7 
           4710       1.3188e+7 
           4730      1.33556e+7 
           4750      1.33348e+7 
           4770      1.33072e+7 
           4790      1.32113e+7 
           4810      1.32034e+7 
           4830      1.30983e+7 
           4850      1.25208e+7 
           4870      1.11029e+7 
           4890      1.27569e+7 
           4910      1.28186e+7 
           4930      1.25708e+7 
           4950       1.2676e+7 
           4970       1.2821e+7 
           4990      1.24673e+7 
           5010      1.22329e+7 
           5030      1.25572e+7 
           5050      1.23907e+7 
           5070      1.25314e+7 
           5090      1.23713e+7 
           5110      1.23663e+7 
           5130       1.2264e+7 
           5150      1.20505e+7 
           5170      1.14447e+7 
           5190      1.14837e+7 
           5210      1.18056e+7 
           5230      1.18684e+7 
           5250      1.20961e+7 
           5270      1.15188e+7 
           5290      1.19161e+7 
           5310      1.19553e+7 
           5330        1.155e+7 
           5350       1.1776e+7 
           5370      1.16587e+7 
           5390      1.16246e+7 
           5410      1.14376e+7 
           5430       1.1517e+7 
           5450      1.14947e+7 
           5470      1.14557e+7 
           5490       1.1474e+7 
           5510      1.14236e+7 
           5530      1.13707e+7 
           5550      1.14004e+7 
           5570      1.12113e+7 
           5590      1.11143e+7 
           5610      1.11151e+7 
           5630      1.11766e+7 
           5650      1.11381e+7 
           5670      1.10176e+7 
           5690      1.10254e+7 
           5710      1.09214e+7 
           5730      1.09858e+7 
           5750      1.08939e+7 
           5770       1.0859e+7 
           5790      1.07919e+7 
           5810      1.07654e+7 
           5830      1.07302e+7 
           5850      1.06345e+7 
           5870      1.05955e+7 
           5890      1.02866e+7 
           5910      1.04972e+7 
           5930      1.04499e+7 
           5950      1.04135e+7 
           5970      1.03616e+7 
           5990      1.03101e+7 
           6010      1.02394e+7 
           6030      1.01793e+7 
           6050      1.01801e+7 
           6070      1.01248e+7 
           6090       1.0064e+7 
           6110      9.99412e+6 
           6130      9.83497e+6 
           6150      9.85946e+6 
           6170      9.72014e+6 
           6190      9.80206e+6 
           6210       9.7738e+6 
           6230      9.67378e+6 
           6250      9.57339e+6 
           6270      9.62884e+6 
           6290      9.59151e+6 
           6310      9.48728e+6 
           6330      9.45751e+6 
           6350      9.44101e+6 
           6370      9.39389e+6 
           6390      9.34071e+6 
           6410      9.23942e+6 
           6430      9.21848e+6 
           6450      9.14238e+6 
           6470      9.10845e+6 
           6490      9.02109e+6 
           6510      9.04308e+6 
           6530      8.97629e+6 
           6550      8.58112e+6 
           6570      7.42586e+6 
           6590      8.76067e+6 
           6610      8.83103e+6 
           6630      8.80783e+6 
           6650      8.77282e+6 
           6670      8.70674e+6 
           6690      8.69516e+6 
           6710      8.63671e+6 
           6730      8.60625e+6 
           6750       8.5578e+6 
           6770        8.518e+6 
           6790      8.47688e+6 
           6810      8.42879e+6 
           6830      8.39404e+6 
           6850      8.33385e+6 
           6870      8.30456e+6 
           6890      8.26832e+6 
           6910      8.22526e+6 
           6930      8.18491e+6 
           6950      8.14177e+6 
           6970      8.10519e+6 
           6990      8.06428e+6 
           7010      8.00299e+6 
           7030      7.97658e+6 
           7050      7.94275e+6 
           7070       7.9009e+6 
           7090      7.86088e+6 
           7110      7.82193e+6 
           7130        7.767e+6 
           7150      7.71624e+6 
           7170      7.68937e+6 
           7190      7.62479e+6 
           7210      7.60212e+6 
           7230      7.58246e+6 
           7250      7.55071e+6 
           7270      7.51208e+6 
           7290      7.44681e+6 
           7310      7.43221e+6 
           7330      7.38329e+6 
           7350      7.36548e+6 
           7370      7.33111e+6 
           7390      7.27009e+6 
           7410      7.20758e+6 
           7430      7.19407e+6 
           7450      7.16636e+6 
           7470      7.14492e+6 
           7490      7.09204e+6 
           7510      7.05832e+6 
           7530      7.03549e+6 
           7550      7.00686e+6 
           7570      6.96594e+6 
           7590      6.92928e+6 
           7610      6.89485e+6 
           7630      6.86393e+6 
           7650      6.82938e+6 
           7670      6.75987e+6 
           7690      6.76043e+6 
           7710      6.71272e+6 
           7730      6.69316e+6 
           7750      6.64236e+6 
           7770      6.62006e+6 
           7790      6.59791e+6 
           7810      6.56601e+6 
           7830      6.51715e+6 
           7850      6.49193e+6 
           7870      6.47114e+6 
           7890      6.43959e+6 
           7910      6.40285e+6 
           7930      6.34064e+6 
           7950      6.31414e+6 
           7970      6.31155e+6 
           7990      6.28235e+6 
           8010      6.23517e+6 
           8030      6.21349e+6 
           8050      6.17394e+6 
           8070      6.15726e+6 
           8090      6.11246e+6 
           8110      6.09495e+6 
           8130      6.06899e+6 
           8150      6.03754e+6 
           8170      6.00689e+6 
           8190      5.92648e+6 
           8210      5.92838e+6 
           8230      5.88291e+6 
           8250      5.87988e+6 
           8270      5.86139e+6 
           8290      5.83095e+6 
           8310      5.79256e+6 
           8330       5.7322e+6 
           8350      5.73989e+6 
           8370      5.71733e+6 
           8390      5.65586e+6 
           8410      5.66148e+6 
           8430      5.62352e+6 
           8450       5.5964e+6 
           8470      5.55792e+6 
           8490      5.51766e+6 
           8510       5.3669e+6 
           8530      5.46551e+6 
           8550       5.0379e+6 
           8570      5.44539e+6 
           8590       5.3976e+6 
           8610      5.36289e+6 
           8630      5.36993e+6 
           8650      5.32197e+6 
           8670      4.93594e+6 
           8690      5.24515e+6 
           8710      5.27125e+6 
           8730      5.23081e+6 
           8750      5.10999e+6 
           8770      5.17781e+6 
           8790      5.16891e+6 
           8810      5.10469e+6 
           8830      5.10044e+6 
           8850      5.05913e+6 
           8870       4.9243e+6 
           8890      5.04326e+6 
           8910      5.02966e+6 
           8930      4.99535e+6 
           8950      4.97869e+6 
           8970      4.95886e+6 
           8990       4.9275e+6 
           9010      4.71955e+6 
           9030      4.82434e+6 
           9050      4.86559e+6 
           9070      4.82172e+6 
           9090      4.76223e+6 
           9110      4.78083e+6 
           9130      4.77663e+6 
           9150      4.75487e+6 
           9170      4.73192e+6 
           9190       4.7109e+6 
           9210      4.64205e+6 
           9230      4.41854e+6 
           9250      4.58129e+6 
           9270      4.61152e+6 
           9290      4.59867e+6 
           9310      4.58024e+6 
           9330       4.5563e+6 
           9350      4.53467e+6 
           9370      4.51319e+6 
           9390      4.49356e+6 
           9410      4.41321e+6 
           9430      4.44662e+6 
           9450      4.42191e+6 
           9470      4.41082e+6 
           9490      4.39141e+6 
           9510      4.36546e+6 
           9530      4.31231e+6 
           9550      4.06336e+6 
           9570      4.27963e+6 
           9590       4.2876e+6 
           9610      4.26406e+6 
           9630      4.23743e+6 
           9650      4.22353e+6 
           9670        4.196e+6 
           9690      4.18993e+6 
           9710      4.17189e+6 
           9730      4.15237e+6 
           9750      4.12743e+6 
           9770      4.11213e+6 
           9790      4.09377e+6 
           9810      4.07631e+6 
           9830       4.0574e+6 
           9850      4.03939e+6 
           9870      4.01723e+6 
           9890      3.99638e+6 
           9910      3.97988e+6 
           9930      3.96692e+6 
           9950      3.94909e+6 
           9970      3.93137e+6 
           9990      3.91224e+6 
          10025      3.83849e+6 
          10075      3.73962e+6 
          10125      3.79208e+6 
          10175      3.74726e+6 
          10225      3.70926e+6 
          10275      3.67039e+6 
          10325      3.62256e+6 
          10375      3.58493e+6 
          10425      3.54993e+6 
          10475      3.50136e+6 
          10525      3.47191e+6 
          10575      3.42636e+6 
          10625      3.38584e+6 
          10675      3.32544e+6 
          10725      3.31186e+6 
          10775      3.27114e+6 
          10825      3.22427e+6 
          10875      3.19469e+6 
          10925      3.04917e+6 
          10975      3.11087e+6 
          11025      3.10959e+6 
          11075      3.08434e+6 
          11125      3.04907e+6 
          11175      3.01466e+6 
          11225      2.98745e+6 
          11275      2.94454e+6 
          11325       2.9203e+6 
          11375      2.89218e+6 
          11425      2.85511e+6 
          11475      2.83644e+6 
          11525       2.8076e+6 
          11575      2.77648e+6 
          11625      2.73862e+6 
          11675      2.71408e+6 
          11725      2.69567e+6 
          11775      2.65266e+6 
          11825      2.62376e+6 
          11875      2.60075e+6 
          11925      2.58969e+6 
          11975      2.53474e+6 
          12025      2.52384e+6 
          12075      2.49619e+6 
          12125      2.48272e+6 
          12175       2.4644e+6 
          12225      2.44012e+6 
          12275      2.41201e+6 
          12325      2.39278e+6 
          12375        2.369e+6 
          12425      2.34605e+6 
          12475      2.32478e+6 
          12525      2.30203e+6 
          12575      2.27931e+6 
          12625      2.25711e+6 
          12675      2.23607e+6 
          12725      2.21547e+6 
          12775      2.18027e+6 
          12825      2.02528e+6 
          12875      2.14303e+6 
          12925      2.13302e+6 
          12975      2.11541e+6 
          13025      2.09515e+6 
          13075      2.07693e+6 
          13125      2.05147e+6 
          13175      2.03229e+6 
          13225      2.02065e+6 
          13275      1.99956e+6 
          13325      1.98301e+6 
          13375      1.96497e+6 
          13425      1.94896e+6 
          13475      1.93137e+6 
          13525      1.91403e+6 
          13575       1.8946e+6 
          13625      1.87972e+6 
          13675      1.86284e+6 
          13725      1.84495e+6 
          13775      1.82998e+6 
          13825       1.8143e+6 
          13875      1.79951e+6 
          13925       1.7835e+6 
          13975      1.76769e+6 
          14025      1.75111e+6 
          14075      1.73796e+6 
          14125      1.72015e+6 
          14175      1.70854e+6 
          14225      1.68884e+6 
          14275      1.67221e+6 
          14325      1.66432e+6 
          14375      1.65125e+6 
          14425      1.62402e+6 
          14475      1.62287e+6 
          14525       1.6003e+6 
          14570      1.59254e+6 
          14620      1.58172e+6 
          14675      1.56756e+6 
          14725      1.55153e+6 
          14775      1.53849e+6 
          14825        1.527e+6 
          14875      1.49728e+6 
          14925      1.50438e+6 
          14975      1.48937e+6 
          15025      1.45683e+6 
          15075      1.45436e+6 
          15125      1.45364e+6 
          15175      1.44205e+6 
          15225      1.42666e+6 
          15275      1.41566e+6 
          15325      1.40432e+6 
          15375      1.39179e+6 
          15425      1.38032e+6 
          15475      1.36953e+6 
          15525      1.35693e+6 
          15575      1.34337e+6 
          15625       1.3352e+6 
          15675      1.32013e+6 
          15725      1.30579e+6 
          15775      1.28421e+6 
          15825      1.28522e+6 
          15875      1.25809e+6 
          15925      1.26276e+6 
          15975      1.25209e+6 
          16050      1.23416e+6 
          16150      1.20562e+6 
          16250      1.19461e+6 
          16350      1.16315e+6 
          16450      1.13019e+6 
          16550       1.1256e+6 
          16650      1.10294e+6 
          16750      1.06626e+6 
          16850      1.03135e+6 
          16950      1.03627e+6 
          17050      1.01485e+6 
          17150          992000 
          17250          969808 
          17350          915397 
          17450          926858 
          17550          916167 
          17650          897688 
          17750          880655 
          17850          863496 
          17950          846641 
          18050          827642 
          18150          777846 
          18250          787794 
          18350          781323 
          18450          765085 
          18550          751702 
          18650          733643 
          18750          672527 
          18850          704968 
          18950          692974 
          19050          683652 
          19150          670613 
          19250          658032 
          19350          642182 
          19450          598352 
          19550          618997 
          19650          610742 
          19750          598266 
          19850          588850 
          19950          578267 
          20050          568464 
          20150          558549 
          20250          548049 
          20350          537554 
          20450          529274 
          20550          519907 
          20650          509530 
          20750          501577 
          20850          493025 
          20950          483583 
          21050          476117 
          21150          467759 
          21250          459830 
          21350          451921 
          21450          444556 
          21550          435370 
          21650          405525 
          21750          419030 
          21850          414470 
          21950          408598 
          22050          400755 
          22150          395079 
          22250          388606 
          22350          382263 
          22450          376017 
          22550          369586 
          22650          363811 
          22750          358072 
          22850          352333 
          22950          347023 
          23050          341693 
          23150          336153 
          23250          330919 
          23350          325520 
          23450          320708 
          23550          315566 
          23650          310788 
          23750          305651 
          23850          300895 
          23950          296575 
          24050          291944 
          24150          287368 
          24250          283100 
          24350          278657 
          24450          274618 
          24550          269985 
          24650          266373 
          24750          262275 
          24850          257417 
          24950          254547 
          25050          250952 
          25150          247209 
          25250          243358 
          25350          240017 
          25450          236425 
          25550          232927 
          25650          228962 
          25750          226442 
          25850          222625 
          25950          219944 
          26050          216477 
          26150          212191 
          26250          199747 
          26350          206264 
          26450          204433 
          26550          201682 
          26650          198358 
          26750          195114 
          26850          193532 
          26950          191020 
          27050          188380 
          27150          185773 
          27250          183230 
          27350          180724 
          27450          178210 
          27550          174283 
          27650          172758 
          27750          171109 
          27850          168863 
          27950          166634 
          28050          164395 
          28150          162226 
          28250          160064 
          28350          157962 
          28450          155811 
          28550          153802 
          28650          151206 
          28750          147704 
          28850          147682 
          28950          145967 
          29050          144071 
          29150          142220 
          29250          140351 
          29350          138609 
          29450          136800 
          29550          135099 
          29650          133388 
          29750          131701 
          29850          130055 
          29950          128390 
          30050          126786 
          30150          125221 
          30250          123551 
          30350          120182 
          30450          119560 
          30550          119081 
          30650          117620 
          30750          116227 
          30850          114778 
          30950          113365 
          31050          112018 
          31150          110399 
          31250          109312 
          31350          108002 
          31450          106707 
          31550          105286 
          31650          104175 
          31750          102892 
          31850          101701 
          31950          100511 
          32100         98711.4 
          32300         96427.5 
          32500         94195.7 
          32700         92011.2 
          32900         88539.6 
          33100         87610.5 
          33300           85807 
          33500           83953 
          33700         82060.5 
          33900         80177.2 
          34100         78397.1 
          34300         76733.1 
          34500         75057.9 
          34700         73422.3 
          34900         71831.6 
          35100         70278.4 
          35300         68755.7 
          35500         67298.6 
          35700         65849.1 
          35900         64465.6 
          36100         63128.9 
          36300         61806.2 
          36500         60502.9 
          36700         59227.1 
          36900         57972.6 
          37100         56810.1 
          37300         55333.3 
          37500         53898.1 
          37700           53447 
          37900         52383.5 
          38100         51331.5 
          38300         50321.7 
          38500         49332.6 
          38700         48348.6 
          38900           47407 
          39100         46484.7 
          39300         45588.3 
          39500         44700.5 
          39700         43854.4 
          39900         42987.6 
          40100         42156.9 
          40300         41361.4 
          40500         39934.1 
          40700         39831.4 
          40900           39096 
          41100         38379.7 
          41300           37671 
          41500         36971.9 
          41700         36230.3 
          41900         35627.7 
          42100         34939.3 
          42300         34361.3 
          42500         33738.3 
          42700         33137.8 
          42900           32543 
          43100         31957.7 
          43300         31387.9 
          43500         30827.2 
          43700         30182.7 
          43900         29736.3 
          44100         29217.3 
          44300           28718 
          44500         28226.4 
          44700         27742.5 
          44900         27273.5 
          45100         26806.2 
          45300         26353.4 
          45500         25911.1 
          45700         25475.6 
          45900         25048.4 
          46100         24638.3 
          46300         24223.8 
          46500         23470.6 
          46700         23304.5 
          46900         23051.4 
          47100         22684.5 
          47300         22317.9 
          47500         21956.8 
          47700         21604.1 
          47900         21258.3 
          48100         20917.4 
          48300         20586.3 
          48500         20258.3 
          48700         19938.1 
          48900         19624.1 
          49100         19317.7 
          49300         19015.6 
          49500         18719.2 
          49700         18428.6 
          49900           18148 
          50100         17865.3 
          50300         17595.5 
          50500         17323.4 
          50700         17062.4 
          50900           16805 
          51100         16543.9 
          51300         16200.4 
          51500         16056.4 
          51700           15821 
          51900         15584.6 
          52100         15352.8 
          52300         15126.8 
          52500         14906.5 
          52700         14689.1 
          52900         14474.6 
          53100         14265.6 
          53300         14057.9 
          53500         13855.6 
          53700         13655.9 
          53900         13461.4 
          54100         13270.7 
          54300         13078.6 
          54500         12896.5 
          54700         12709.2 
          54900         12534.3 
          55100         12360.1 
          55300         12186.7 
          55500         12017.8 
          55700         11851.9 
          55900           11684 
          56100         11526.8 
          56300         11367.8 
          56500         11213.9 
          56700         11061.1 
          56900         10909.9 
          57100         10761.7 
          57300         10617.9 
          57500         10475.2 
          57700         10334.5 
          57900         10196.6 
          58100         10060.9 
          58300         9927.62 
          58500         9796.78 
          58700         9667.38 
          58900          9536.9 
          59100          9346.7 
          59300         9292.44 
          59500         9165.16 
          59700         9052.48 
          59900         8935.85 
          60100         8820.37 
          60300         8707.87 
          60500         8596.46 
          60700         8486.23 
          60900         8377.55 
          61100         8269.72 
          61300         8167.42 
          61500         8065.08 
          61700          7963.8 
          61900         7864.14 
          62100          7765.9 
          62300         7666.52 
          62500         7572.68 
          62700         7479.51 
          62900         7381.17 
          63100          7296.7 
          63300         7208.17 
          63500         7120.14 
          63700         7032.79 
          63900         6947.78 
          64200          6822.4 
          64600         6658.73 
          65000         6499.81 
          65400         6347.35 
          65800         6198.28 
          66200         6053.46 
          66600         5912.93 
          67000         5776.41 
          67400         5643.53 
          67800          5510.5 
          68200         5389.93 
          68600         5268.33 
          69000         5150.14 
          69400         5035.02 
          69800         4923.58 
          70200          4814.5 
          70600         4709.31 
          71000         4606.62 
          71400          4506.6 
          71800         4409.32 
          72200         4314.63 
          72600         4222.48 
          73000         4132.92 
          73400         4045.35 
          73800          3960.6 
          74200         3877.71 
          74600         3776.73 
          75000         3698.98 
          75400         3641.95 
          75800         3567.42 
          76200          3494.7 
          76600         3423.95 
          77000         3354.86 
          77400         3287.57 
          77800         3221.98 
          78200            3158 
          78600         3095.57 
          79000         3034.66 
          79400         2975.24 
          79800         2917.33 
          80200         2860.77 
          80600         2805.54 
          81000         2751.72 
          81400         2698.98 
          81800         2647.77 
          82200         2597.75 
          82600         2548.85 
          83000         2501.05 
          83400         2454.31 
          83800         2408.78 
          84200         2364.27 
          84600         2320.81 
          85000         2278.26 
          85400         2236.72 
          85800         2196.16 
          86200         2156.46 
          86600         2117.64 
          87000         2079.75 
          87400         2040.88 
          87800         2004.64 
          88200            1971 
          88600         1936.26 
          89000         1902.34 
          89400         1869.23 
          89800         1836.69 
          90200         1805.06 
          90600         1774.01 
          91000         1743.53 
          91400         1713.78 
          91800         1684.71 
          92200          1656.2 
          92600         1628.31 
          93000            1601 
          93400         1574.23 
          93800         1547.69 
          94200         1522.39 
          94600         1497.25 
          95000         1472.69 
          95400         1448.57 
          95800         1424.92 
          96200         1401.82 
          96600         1379.13 
          97000         1356.97 
          97400         1335.21 
          97800         1313.79 
          98200         1292.99 
          98600         1272.52 
          99000         1252.38 
          99400         1232.68 
          99800         1213.43 
         100200          1194.5 
         200000         77.8511 
         400000         4.92432 
         600000        0.972412 
         800000        0.306846 
         1.0e+6        0.125274 
         1.2e+6       0.0602113 
         1.4e+6       0.0323949 
         1.6e+6       0.0189307 
