# Kurucz ODFNEW /NOVER (2003)
# teff = 6750 K (value for the effective temperature for the model. Temperatures are given in K)
# logg = 0.5 log(cm/s2) (value for Log(G) for the model.)
# meta = 0.5  (value for the Metallicity for the model.)
# lh = 1.25  (l/Hp where l is the  mixing length of the convective element and Hp is the pressure scale height)
# vtur = 2 km/s (Microturbulence velocity)
# alpha = 0.4  (Alpha)
#
# column 1: WAVELENGTH (ANGSTROM), Wavelength in Angstrom
# column 2: FLUX (ERG/CM2/S/A), Flux in erg/cm2/s/A
            205     1.08371e-64 
          210.5     1.02102e-62 
          216.2      8.8447e-61 
          219.8     1.31074e-59 
            223     1.33339e-58 
          226.8     1.92282e-57 
            230     1.69799e-56 
            234     2.36684e-55 
            240     1.04052e-53 
          246.5     5.06917e-52 
          252.4     1.44427e-50 
          256.8      1.5843e-49 
            260      8.5823e-49 
            264     6.68476e-48 
          268.5     6.23316e-47 
          273.5     6.81316e-46 
          278.5     6.82669e-45 
            284     7.81241e-44 
            290     1.00037e-42 
            296     1.14942e-41 
            301     8.15115e-41 
            308     1.13336e-39 
            318     3.95044e-38 
            328     1.10021e-36 
            338     2.49551e-35 
            348      4.7001e-34 
            357     5.69518e-33 
            366     6.08309e-32 
            375      5.7646e-31 
            385     6.16746e-30 
            395      5.8164e-29 
            405     4.88502e-28 
            414     3.02577e-27 
            422     1.42829e-26 
            430     6.34531e-26 
            441     4.49466e-25 
            451     2.44076e-24 
            460      1.0474e-23 
            470     4.93278e-23 
            480     2.16946e-22 
            490     8.95333e-22 
            500     3.47631e-21 
            506     1.00914e-20 
            512     2.44165e-20 
            520     6.57646e-20 
            530     2.18339e-19 
            540     6.79625e-19 
            550     2.05539e-18 
            560     5.92087e-18 
            570     1.63794e-17 
            580     4.31324e-17 
            590     1.12088e-16 
            600     2.78267e-16 
            610       6.714e-16 
            620     1.56533e-15 
            630     3.54699e-15 
            640     7.81024e-15 
            650     1.67919e-14 
            658     3.03897e-14 
            665     5.00667e-14 
            675     1.01404e-13 
            685     2.01128e-13 
            695     3.89251e-13 
            705     7.27279e-13 
            716     1.45568e-12 
            726     2.65016e-12 
            735     4.47243e-12 
            745     7.84444e-12 
            755     1.35749e-11 
            765     2.31674e-11 
            775     3.88863e-11 
            785     6.46564e-11 
            795     1.03781e-10 
            805     1.67068e-10 
            815      2.6893e-10 
            825     4.22867e-10 
            835     6.55957e-10 
            845      1.00584e-9 
            855      1.52568e-9 
            865      2.28799e-9 
            875       3.3566e-9 
            885      4.98698e-9 
            895      7.25922e-9 
            905      1.03715e-8 
            915        4.232e-6 
            925      1.45426e-5 
            935      2.11143e-5 
            945       3.0472e-5 
            955      4.55698e-5 
            965      6.49469e-5 
            975      9.13741e-5 
            985     0.000127585 
            995     0.000176453 
           1005      0.00024959 
           1015     0.000342354 
           1025     0.000443595 
           1035     0.000620541 
           1045     0.000847484 
           1055      0.00113385 
           1065      0.00150253 
           1075      0.00199017 
           1085      0.00261926 
           1095      0.00341217 
           1105       0.0139014 
           1115       0.0599052 
           1125       0.0935167 
           1135        0.137956 
           1145        0.186873 
           1155         0.21428 
           1165        0.317849 
           1175        0.397051 
           1185         0.42386 
           1195        0.192646 
           1205        0.313054 
           1215       0.0772076 
           1225        0.415937 
           1235        0.904882 
           1245         2.26151 
           1255         5.51786 
           1265         4.12272 
           1275         9.57452 
           1285         15.3343 
           1295         19.3481 
           1305         9.62028 
           1315         25.5485 
           1325         32.8636 
           1335         37.0002 
           1345         49.1907 
           1355         51.9083 
           1365         57.7056 
           1375         63.6761 
           1385         73.9093 
           1395         88.1644 
           1405         101.548 
           1415         106.366 
           1425         120.932 
           1435         126.095 
           1442         153.236 
           1447          159.48 
           1455         184.287 
           1465         194.524 
           1475         215.081 
           1485         246.515 
           1495         299.408 
           1505         339.319 
           1512         333.317 
           1517         369.283 
           1525         410.938 
           1535          845.61 
           1545         1653.05 
           1555         1655.22 
           1565         1479.66 
           1575         2536.66 
           1585         3025.86 
           1595         4107.26 
           1605          3779.4 
           1615         3705.15 
           1625          3553.4 
           1635         4128.17 
           1645         5168.22 
           1655         2693.61 
           1665         4715.53 
           1672         2466.09 
           1677          6464.2 
           1685         11491.4 
           1695         16814.3 
           1705         16778.4 
           1715         31013.4 
           1725         53084.3 
           1735         86104.4 
           1745         51054.1 
           1755         98833.2 
           1765         86047.7 
           1775          125002 
           1785         86692.5 
           1795          192923 
           1805         84561.1 
           1815          105958 
           1825         78815.6 
           1835          104257 
           1845          113029 
           1855          176802 
           1865          232879 
           1875          210770 
           1885          240443 
           1895          289264 
           1905          217171 
           1915          246528 
           1925          196344 
           1935          105838 
           1945          331675 
           1955          369187 
           1967          456369 
           1976          393549 
           1984          398373 
           1995          466555 
           2005          461800 
           2015          373814 
           2025          335045 
           2035          530285 
           2045          628392 
           2055          415319 
           2065          387868 
           2074          655643 
           2078          919296 
           2085          891209 
           2095          889159 
           2105          905472 
           2115          906110 
           2125          805948 
           2135          601374 
           2145          895597 
           2155       1.0055e+6 
           2165          663935 
           2175          799071 
           2185          895302 
           2195      1.15857e+6 
           2205          941819 
           2215          570466 
           2225          583568 
           2235      1.07146e+6 
           2245          919245 
           2255          548992 
           2265          452305 
           2275          800244 
           2285          860863 
           2295          858670 
           2305          916683 
           2315          776203 
           2325          666480 
           2335          258379 
           2345          182301 
           2355          382658 
           2365          184525 
           2375          276565 
           2385          140043 
           2395          197907 
           2405          191282 
           2415          340038 
           2425          891114 
           2435          901155 
           2445      1.09426e+6 
           2455      1.11874e+6 
           2465          970557 
           2475          883025 
           2485          873370 
           2495          903360 
           2505      1.34469e+6 
           2513          807247 
           2518          852886 
           2525          633848 
           2535          706358 
           2545          799580 
           2555      1.21184e+6 
           2565          704876 
           2575          906508 
           2585          626245 
           2595          491867 
           2605          380931 
           2615          364922 
           2625          505176 
           2635      1.01046e+6 
           2645      2.23204e+6 
           2655       2.5728e+6 
           2665      1.65804e+6 
           2675      1.92502e+6 
           2685      1.98204e+6 
           2695      1.76792e+6 
           2705      1.99336e+6 
           2715      1.29907e+6 
           2725        1.279e+6 
           2735      1.20882e+6 
           2745          539369 
           2755          693001 
           2765          822572 
           2775          825117 
           2785          519518 
           2795          176732 
           2805          225764 
           2815          669479 
           2825      1.09555e+6 
           2835       1.3671e+6 
           2845      1.59772e+6 
           2855      1.34177e+6 
           2865      2.00458e+6 
           2875      2.20674e+6 
           2885      2.42815e+6 
           2895       2.4711e+6 
           2910      3.34862e+6 
           2930      3.01339e+6 
           2950      3.00059e+6 
           2970      3.77588e+6 
           2990      3.78402e+6 
           3010      4.34565e+6 
           3030      4.37054e+6 
           3050      4.41627e+6 
           3070      3.95168e+6 
           3090      4.68934e+6 
           3110      4.58014e+6 
           3130      4.53295e+6 
           3150      4.77172e+6 
           3170      4.48001e+6 
           3190      4.07786e+6 
           3210      4.72882e+6 
           3230      3.64528e+6 
           3250      4.59244e+6 
           3270      5.33162e+6 
           3290      5.34461e+6 
           3310      5.64951e+6 
           3330      5.16432e+6 
           3350      4.94607e+6 
           3370      4.84574e+6 
           3390      5.25292e+6 
           3410      5.93146e+6 
           3430      6.12411e+6 
           3450      6.11155e+6 
           3470      5.93211e+6 
           3490      5.85843e+6 
           3510       6.3065e+6 
           3530      6.36796e+6 
           3550      7.01564e+6 
           3570      6.26094e+6 
           3590      6.40681e+6 
           3610      6.45945e+6 
           3630      6.69066e+6 
           3640      6.52828e+6 
           3650      6.99646e+6 
           3670      7.04013e+6 
           3690      7.67924e+6 
           3710      9.81531e+6 
           3730      1.31102e+7 
           3750      1.85454e+7 
           3770      1.95581e+7 
           3790      2.39436e+7 
           3810       2.7206e+7 
           3830      2.13671e+7 
           3850      2.56219e+7 
           3870       2.7838e+7 
           3890      1.99295e+7 
           3910      1.67704e+7 
           3930      3.69902e+6 
           3950      7.57708e+6 
           3970      4.03742e+6 
           3990      1.86518e+7 
           4010      2.58648e+7 
           4030      2.67663e+7 
           4050      2.68149e+7 
           4070      2.65861e+7 
           4090      2.88874e+7 
           4110      2.51635e+7 
           4130      2.80831e+7 
           4150      2.98343e+7 
           4170      2.81471e+7 
           4190      2.85593e+7 
           4210      2.81525e+7 
           4230      2.72384e+7 
           4250      2.81632e+7 
           4270      2.70694e+7 
           4290      2.69854e+7 
           4310      2.49326e+7 
           4330      2.62942e+7 
           4350       2.3218e+7 
           4370      2.84408e+7 
           4390      2.70973e+7 
           4410      2.62458e+7 
           4430      2.59364e+7 
           4450       2.6227e+7 
           4470      2.70694e+7 
           4490      2.71072e+7 
           4510      2.85454e+7 
           4530      2.60578e+7 
           4550      2.59876e+7 
           4570      2.75608e+7 
           4590      2.58352e+7 
           4610       2.7666e+7 
           4630      2.65295e+7 
           4650      2.73454e+7 
           4670      2.72758e+7 
           4690      2.60298e+7 
           4710      2.51571e+7 
           4730      2.63255e+7 
           4750      2.67889e+7 
           4770      2.61723e+7 
           4790      2.62136e+7 
           4810      2.56265e+7 
           4830      2.59718e+7 
           4850      2.31651e+7 
           4870      1.91137e+7 
           4890      2.48421e+7 
           4910      2.47808e+7 
           4930      2.36625e+7 
           4950      2.48385e+7 
           4970      2.50356e+7 
           4990      2.29759e+7 
           5010      2.13024e+7 
           5030      2.23335e+7 
           5050      2.26533e+7 
           5070      2.33484e+7 
           5090      2.28875e+7 
           5110      2.29626e+7 
           5130      2.17719e+7 
           5150      2.13801e+7 
           5170      2.09599e+7 
           5190       2.0593e+7 
           5210      2.09293e+7 
           5230      2.08977e+7 
           5250      2.11256e+7 
           5270      1.89715e+7 
           5290       2.0814e+7 
           5310      2.01591e+7 
           5330      1.94472e+7 
           5350      2.04959e+7 
           5370      2.07942e+7 
           5390      2.00942e+7 
           5410      1.96151e+7 
           5430      1.97086e+7 
           5450      2.03531e+7 
           5470      1.98407e+7 
           5490      1.95176e+7 
           5510      1.92471e+7 
           5530      1.95566e+7 
           5550      1.94746e+7 
           5570      1.92706e+7 
           5590      1.90076e+7 
           5610      1.92781e+7 
           5630      1.92222e+7 
           5650      1.88043e+7 
           5670      1.81914e+7 
           5690      1.85467e+7 
           5710      1.83072e+7 
           5730      1.89713e+7 
           5750      1.83439e+7 
           5770      1.84648e+7 
           5790      1.79475e+7 
           5810      1.79771e+7 
           5830      1.80235e+7 
           5850      1.78994e+7 
           5870      1.77754e+7 
           5890      1.71174e+7 
           5910      1.74375e+7 
           5930      1.72654e+7 
           5950      1.70953e+7 
           5970      1.71511e+7 
           5990      1.67554e+7 
           6010      1.63937e+7 
           6030       1.6596e+7 
           6050      1.63372e+7 
           6070      1.65477e+7 
           6090      1.61182e+7 
           6110      1.57677e+7 
           6130      1.54323e+7 
           6150      1.50343e+7 
           6170      1.49855e+7 
           6190      1.56449e+7 
           6210      1.55375e+7 
           6230      1.50399e+7 
           6250      1.42783e+7 
           6270      1.52492e+7 
           6290         1.52e+7 
           6310      1.44906e+7 
           6330      1.46456e+7 
           6350      1.43488e+7 
           6370       1.4309e+7 
           6390      1.44779e+7 
           6410      1.40925e+7 
           6430      1.42464e+7 
           6450        1.369e+7 
           6470      1.40663e+7 
           6490      1.35683e+7 
           6510       1.3726e+7 
           6530      1.36933e+7 
           6550      1.28142e+7 
           6570      1.02594e+7 
           6590      1.32629e+7 
           6610      1.32862e+7 
           6630      1.33981e+7 
           6650      1.32904e+7 
           6670      1.30889e+7 
           6690      1.30823e+7 
           6710      1.29894e+7 
           6730      1.28898e+7 
           6750      1.25754e+7 
           6770      1.28029e+7 
           6790      1.25535e+7 
           6810      1.25798e+7 
           6830      1.24077e+7 
           6850      1.22768e+7 
           6870      1.23475e+7 
           6890      1.22561e+7 
           6910      1.21497e+7 
           6930      1.20161e+7 
           6950      1.19658e+7 
           6970      1.18414e+7 
           6990      1.17946e+7 
           7010       1.1344e+7 
           7030      1.15959e+7 
           7050      1.15431e+7 
           7070      1.14696e+7 
           7090      1.14147e+7 
           7110      1.09825e+7 
           7130       1.1081e+7 
           7150      1.10346e+7 
           7170      1.09027e+7 
           7190      1.07176e+7 
           7210      1.07734e+7 
           7230      1.06483e+7 
           7250      1.05036e+7 
           7270      1.06362e+7 
           7290      1.03858e+7 
           7310        1.037e+7 
           7330      1.03583e+7 
           7350       1.0316e+7 
           7370      1.03558e+7 
           7390      1.01467e+7 
           7410      9.95956e+6 
           7430      9.78522e+6 
           7450      9.81692e+6 
           7470      9.77995e+6 
           7490      9.77279e+6 
           7510      9.74953e+6 
           7530      9.71774e+6 
           7550      9.78727e+6 
           7570      9.57061e+6 
           7590      9.61244e+6 
           7610      9.54832e+6 
           7630      9.52292e+6 
           7650      9.34252e+6 
           7670       9.1613e+6 
           7690      9.16849e+6 
           7710      9.14317e+6 
           7730       9.1224e+6 
           7750      9.04401e+6 
           7770      8.77911e+6 
           7790      9.05319e+6 
           7810      8.91856e+6 
           7830      8.78211e+6 
           7850      8.62677e+6 
           7870       8.7028e+6 
           7890      8.56917e+6 
           7910      8.46267e+6 
           7930      8.38589e+6 
           7950      8.29785e+6 
           7970      8.50061e+6 
           7990       8.2675e+6 
           8010      8.34957e+6 
           8030      8.20754e+6 
           8050      8.22436e+6 
           8070      8.14952e+6 
           8090      8.10179e+6 
           8110      8.12259e+6 
           8130      8.11346e+6 
           8150      8.03795e+6 
           8170      7.98792e+6 
           8190      7.71307e+6 
           8210      7.60679e+6 
           8230      7.61325e+6 
           8250      7.61402e+6 
           8270      7.74579e+6 
           8290      7.66022e+6 
           8310       7.5001e+6 
           8330      7.36857e+6 
           8350      7.49217e+6 
           8370      7.33004e+6 
           8390      7.35026e+6 
           8410      7.35263e+6 
           8430      7.43229e+6 
           8450      7.19929e+6 
           8470      7.15745e+6 
           8490      7.00617e+6 
           8510      6.26789e+6 
           8530      6.53262e+6 
           8550      4.59244e+6 
           8570      7.60026e+6 
           8590      7.46994e+6 
           8610      7.32856e+6 
           8630      7.97295e+6 
           8650      7.11291e+6 
           8670      4.83255e+6 
           8690      7.38332e+6 
           8710       7.9682e+6 
           8730      7.83929e+6 
           8750      6.72344e+6 
           8770      7.83995e+6 
           8790       7.9028e+6 
           8810      7.80338e+6 
           8830      7.55064e+6 
           8850      7.38909e+6 
           8870      6.50444e+6 
           8890      7.51008e+6 
           8910      7.57605e+6 
           8930      7.43114e+6 
           8950       7.5273e+6 
           8970      7.40387e+6 
           8990      7.32342e+6 
           9010      6.37766e+6 
           9030      6.87937e+6 
           9050      7.29241e+6 
           9070      7.00521e+6 
           9090      6.87503e+6 
           9110      6.97424e+6 
           9130       7.0888e+6 
           9150      7.13074e+6 
           9170      7.03112e+6 
           9190      6.93587e+6 
           9210      6.70192e+6 
           9230      5.70934e+6 
           9250      6.43627e+6 
           9270      6.53215e+6 
           9290      6.79085e+6 
           9310      6.76083e+6 
           9330      6.65787e+6 
           9350      6.68717e+6 
           9370      6.68096e+6 
           9390      6.52905e+6 
           9410      6.16437e+6 
           9430      6.35812e+6 
           9450      6.33757e+6 
           9470      6.42425e+6 
           9490      6.42773e+6 
           9510      6.32575e+6 
           9530      6.20009e+6 
           9550      5.30711e+6 
           9570      6.11793e+6 
           9590      6.19034e+6 
           9610      6.04548e+6 
           9630      5.89243e+6 
           9650      5.98293e+6 
           9670      5.84459e+6 
           9690       5.7563e+6 
           9710      5.98234e+6 
           9730      5.92952e+6 
           9750      5.72094e+6 
           9770      5.87356e+6 
           9790      5.80321e+6 
           9810      5.79523e+6 
           9830      5.71592e+6 
           9850      5.62245e+6 
           9870      5.62212e+6 
           9890       5.5424e+6 
           9910      5.50547e+6 
           9930      5.55667e+6 
           9950      5.49326e+6 
           9970      5.50081e+6 
           9990       5.4637e+6 
          10025      5.28767e+6 
          10075      5.05161e+6 
          10125      5.17308e+6 
          10175      5.13802e+6 
          10225      5.10627e+6 
          10275      5.06811e+6 
          10325      4.93327e+6 
          10375      4.88443e+6 
          10425      4.82071e+6 
          10475      4.59763e+6 
          10525      4.61561e+6 
          10575      4.58622e+6 
          10625      4.52914e+6 
          10675      4.35656e+6 
          10725      4.36024e+6 
          10775      4.29164e+6 
          10825      4.22058e+6 
          10875      4.18855e+6 
          10925      3.88201e+6 
          10975      4.02656e+6 
          11025      4.07907e+6 
          11075      4.03679e+6 
          11125      3.94276e+6 
          11175      3.90092e+6 
          11225      3.86206e+6 
          11275      3.69304e+6 
          11325      3.65522e+6 
          11375      3.66799e+6 
          11425       3.5589e+6 
          11475      3.61865e+6 
          11525       3.5686e+6 
          11575      3.49875e+6 
          11625       3.3809e+6 
          11675      3.32271e+6 
          11725      3.38157e+6 
          11775      3.25293e+6 
          11825      3.21847e+6 
          11875      3.16418e+6 
          11925      3.22936e+6 
          11975      3.10341e+6 
          12025      3.10813e+6 
          12075      3.05325e+6 
          12125      3.01813e+6 
          12175      3.00025e+6 
          12225      2.95181e+6 
          12275      2.91456e+6 
          12325      2.88228e+6 
          12375      2.84723e+6 
          12425      2.82046e+6 
          12475      2.77393e+6 
          12525      2.72589e+6 
          12575      2.67948e+6 
          12625      2.67059e+6 
          12675      2.64346e+6 
          12725      2.62645e+6 
          12775       2.5877e+6 
          12825      2.36898e+6 
          12875      2.51879e+6 
          12925      2.47769e+6 
          12975      2.45931e+6 
          13025      2.43047e+6 
          13075      2.40817e+6 
          13125      2.36733e+6 
          13175       2.3214e+6 
          13225       2.3196e+6 
          13275      2.28207e+6 
          13325      2.26009e+6 
          13375      2.23691e+6 
          13425      2.20188e+6 
          13475      2.18329e+6 
          13525      2.14844e+6 
          13575      2.11383e+6 
          13625      2.10119e+6 
          13675      2.06631e+6 
          13725      2.01808e+6 
          13775      2.01617e+6 
          13825      1.99865e+6 
          13875      1.99112e+6 
          13925      1.94674e+6 
          13975      1.92994e+6 
          14025       1.9095e+6 
          14075      1.89673e+6 
          14125      1.86462e+6 
          14175      1.84637e+6 
          14225      1.82029e+6 
          14275      1.79339e+6 
          14325      1.78365e+6 
          14375      1.77294e+6 
          14425      1.69481e+6 
          14475      1.72377e+6 
          14525      1.67412e+6 
          14570      1.68392e+6 
          14620      1.65596e+6 
          14675      1.65141e+6 
          14725      1.61691e+6 
          14775      1.59384e+6 
          14825      1.58508e+6 
          14875      1.55612e+6 
          14925      1.56413e+6 
          14975      1.53793e+6 
          15025      1.50448e+6 
          15075      1.48647e+6 
          15125      1.48406e+6 
          15175       1.4747e+6 
          15225      1.47275e+6 
          15275       1.4345e+6 
          15325      1.42109e+6 
          15375      1.43901e+6 
          15425      1.36941e+6 
          15475      1.41106e+6 
          15525      1.40782e+6 
          15575      1.33515e+6 
          15625      1.39489e+6 
          15675       1.3598e+6 
          15725      1.29994e+6 
          15775      1.33568e+6 
          15825      1.34096e+6 
          15875      1.22784e+6 
          15925      1.31303e+6 
          15975       1.3098e+6 
          16050        1.283e+6 
          16150      1.21954e+6 
          16250      1.24219e+6 
          16350      1.20462e+6 
          16450      1.14184e+6 
          16550       1.1604e+6 
          16650       1.1395e+6 
          16750      1.11018e+6 
          16850      1.05278e+6 
          16950      1.07285e+6 
          17050       1.0408e+6 
          17150      1.02897e+6 
          17250          997167 
          17350          938236 
          17450          951021 
          17550          939419 
          17650          919129 
          17750          903170 
          17850          885133 
          17950          875813 
          18050          849080 
          18150          808037 
          18250          815879 
          18350          807346 
          18450          790606 
          18550          771737 
          18650          759465 
          18750          712497 
          18850          729015 
          18950          706434 
          19050          708234 
          19150          693337 
          19250          680967 
          19350          666451 
          19450          629123 
          19550          643974 
          19650          632656 
          19750          617621 
          19850          609454 
          19950          597936 
          20050          588950 
          20150          579584 
          20250          567240 
          20350          554802 
          20450          549939 
          20550          539274 
          20650          528029 
          20750          519155 
          20850          510469 
          20950          501453 
          21050          493835 
          21150          482952 
          21250          475623 
          21350          466814 
          21450          461448 
          21550          454385 
          21650          429364 
          21750          437132 
          21850          430709 
          21950          425488 
          22050          415353 
          22150          409093 
          22250          404556 
          22350          397875 
          22450          391677 
          22550          381321 
          22650          377117 
          22750          372491 
          22850          366172 
          22950          358932 
          23050          355831 
          23150          349748 
          23250          345060 
          23350          339347 
          23450          334170 
          23550          329110 
          23650          324050 
          23750          318535 
          23850          313326 
          23950          308482 
          24050          302984 
          24150          298407 
          24250          296566 
          24350          288239 
          24450          284745 
          24550          282705 
          24650          277930 
          24750          273739 
          24850          271150 
          24950          261319 
          25050          264904 
          25150          260938 
          25250          250910 
          25350          253788 
          25450          250076 
          25550          245612 
          25650          235089 
          25750          239459 
          25850          235304 
          25950          233897 
          26050          229945 
          26150          219761 
          26250          214908 
          26350          220583 
          26450          217577 
          26550          214343 
          26650          210096 
          26750          201926 
          26850          206184 
          26950          203868 
          27050          200360 
          27150          198228 
          27250          195497 
          27350          192826 
          27450          190579 
          27550          181614 
          27650          183451 
          27750          182645 
          27850          180296 
          27950          178218 
          28050          175757 
          28150          173341 
          28250          170941 
          28350          168996 
          28450          166237 
          28550          164543 
          28650          162038 
          28750          154586 
          28850          157907 
          28950          155726 
          29050          154196 
          29150          151663 
          29250          149681 
          29350          148322 
          29450          146300 
          29550          144677 
          29650          142850 
          29750          140955 
          29850          139319 
          29950          137273 
          30050          135535 
          30150          133887 
          30250          132431 
          30350          127122 
          30450          128174 
          30550          127433 
          30650          125833 
          30750          124434 
          30850          122330 
          30950          121246 
          31050          119779 
          31150          117621 
          31250          116873 
          31350          115259 
          31450          114180 
          31550          112920 
          31650          111734 
          31750          110130 
          31850          109113 
          31950          107796 
          32100          105852 
          32300          103574 
          32500          101140 
          32700         98782.7 
          32900         94303.3 
          33100         93555.7 
          33300         91643.7 
          33500         89777.2 
          33700         87533.9 
          33900           85596 
          34100           83691 
          34300         82096.7 
          34500         80631.6 
          34700         78728.7 
          34900         77151.6 
          35100         75525.7 
          35300         73843.9 
          35500         72269.9 
          35700         70578.6 
          35900         69446.5 
          36100         67658.7 
          36300         66749.4 
          36500         64750.2 
          36700         63867.4 
          36900         61815.7 
          37100         61257.8 
          37300         59608.9 
          37500         57225.4 
          37700         57682.7 
          37900         56603.4 
          38100         54954.5 
          38300         54276.7 
          38500         53460.1 
          38700           52338 
          38900         51226.1 
          39100         49646.2 
          39300         49505.7 
          39500         48445.4 
          39700           47655 
          39900         46501.7 
          40100         45441.5 
          40300         44411.7 
          40500         43278.2 
          40700         43286.1 
          40900         42397.6 
          41100         41796.4 
          41300         41023.7 
          41500         40172.1 
          41700         38836.6 
          41900         38741.4 
          42100         37951.2 
          42300         37475.2 
          42500           36773 
          42700         36144.2 
          42900           35505 
          43100         34857.8 
          43300         34186.9 
          43500         33610.5 
          43700         32447.4 
          43900         32414.4 
          44100         31795.6 
          44300         31305.7 
          44500         30766.2 
          44700         30306.7 
          44900           29742 
          45100         29260.3 
          45300         28749.1 
          45500         28285.9 
          45700         27771.9 
          45900         27315.8 
          46100         26910.9 
          46300         26455.7 
          46500         25507.3 
          46700         25130.4 
          46900         25159.7 
          47100         24764.8 
          47300         24390.8 
          47500         23948.7 
          47700         23566.2 
          47900         23226.9 
          48100         22845.3 
          48300         22501.5 
          48500         22124.1 
          48700         21804.6 
          48900         21432.8 
          49100         21102.3 
          49300         20756.2 
          49500           20472 
          49700         20097.1 
          49900         19862.2 
          50100         19558.3 
          50300         19175.3 
          50500         18985.3 
          50700         18714.2 
          50900         18291.1 
          51100         18109.3 
          51300         17548.9 
          51500         17601.8 
          51700         17200.9 
          51900         17107.7 
          52100         16835.1 
          52300         16592.2 
          52500         16347.2 
          52700         15966.9 
          52900         15892.2 
          53100         15661.8 
          53300         15435.8 
          53500           15214 
          53700         14863.1 
          53900         14697.2 
          54100         14574.6 
          54300         14347.3 
          54500         14157.2 
          54700           13933 
          54900         13761.7 
          55100         13567.7 
          55300         13197.5 
          55500         13189.4 
          55700         13006.2 
          55900         12781.9 
          56100           12655 
          56300         12479.6 
          56500           12323 
          56700         12144.8 
          56900           11984 
          57100         11637.9 
          57300         11666.9 
          57500         11511.8 
          57700         11355.2 
          57900         11193.9 
          58100         11056.4 
          58300           10908 
          58500         10766.5 
          58700         10620.4 
          58900         10458.4 
          59100         10161.5 
          59300         10195.7 
          59500         9852.59 
          59700         9925.58 
          59900         9817.62 
          60100         9698.04 
          60300         9583.15 
          60500         9459.59 
          60700         9328.95 
          60900         9209.16 
          61100         9076.72 
          61300         8985.91 
          61500         8875.17 
          61700          8762.7 
          61900         8642.36 
          62100         8548.97 
          62300         8418.66 
          62500         8330.14 
          62700         8221.89 
          62900          7976.1 
          63100         7996.49 
          63300         7928.65 
          63500          7824.5 
          63700         7741.65 
          63900         7636.89 
          64200         7511.02 
          64600          7322.7 
          65000         7141.54 
          65400         6987.69 
          65800         6814.76 
          66200         6652.02 
          66600         6506.79 
          67000         6356.14 
          67400         6198.16 
          67800         6010.18 
          68200         5919.07 
          68600         5796.37 
          69000         5660.75 
          69400          5516.3 
          69800         5414.28 
          70200         5292.97 
          70600         5177.61 
          71000            5053 
          71400         4957.23 
          71800            4848 
          72200         4737.19 
          72600          4620.1 
          73000         4548.68 
          73400         4449.73 
          73800         4359.08 
          74200         4261.65 
          74600         4127.59 
          75000         3996.75 
          75400         4003.49 
          75800         3923.71 
          76200         3845.26 
          76600         3767.64 
          77000         3691.24 
          77400         3618.22 
          77800         3519.86 
          78200         3477.29 
          78600         3408.39 
          79000         3341.37 
          79400         3274.92 
          79800         3210.94 
          80200         3146.48 
          80600         3085.81 
          81000         3029.28 
          81400         2945.11 
          81800         2910.02 
          82200         2858.96 
          82600         2805.39 
          83000         2751.23 
          83400         2696.58 
          83800          2645.2 
          84200         2599.25 
          84600         2553.46 
          85000         2506.18 
          85400         2460.03 
          85800         2414.47 
          86200         2371.53 
          86600         2308.38 
          87000          2287.9 
          87400         2235.15 
          87800         2196.89 
          88200         2166.65 
          88600         2125.92 
          89000         2091.39 
          89400         2055.99 
          89800         2018.09 
          90200         1984.21 
          90600         1948.14 
          91000         1916.04 
          91400         1883.61 
          91800         1852.97 
          92200         1821.68 
          92600         1785.51 
          93000         1761.03 
          93400         1731.08 
          93800         1685.26 
          94200         1672.89 
          94600          1646.1 
          95000         1616.53 
          95400         1587.11 
          95800         1566.91 
          96200         1540.15 
          96600         1516.52 
          97000         1491.86 
          97400         1466.37 
          97800         1443.69 
          98200         1420.07 
          98600         1391.76 
          99000         1376.77 
          99400         1354.38 
          99800         1332.62 
         100200         1311.76 
         200000         84.4872 
         400000         5.25938 
         600000         1.02945 
         800000        0.323057 
         1.0e+6        0.131384 
         1.2e+6       0.0629714 
         1.4e+6       0.0338095 
         1.6e+6       0.0197253 
