# Kurucz ODFNEW /NOVER (2003)
# teff = 12250 K (value for the effective temperature for the model. Temperatures are given in K)
# logg = 3.5 log(cm/s2) (value for Log(G) for the model.)
# meta = 0.2  (value for the Metallicity for the model.)
# lh = 1.25  (l/Hp where l is the  mixing length of the convective element and Hp is the pressure scale height)
# vtur = 2 km/s (Microturbulence velocity)
# alpha = 0.4  (Alpha)
#
# column 1: WAVELENGTH (ANGSTROM), Wavelength in Angstrom
# column 2: FLUX (ERG/CM2/S/A), Flux in erg/cm2/s/A
            223     4.52903e-23 
          226.8     1.76565e-22 
            230     4.98729e-22 
            234     1.69678e-21 
            240     9.79562e-21 
          246.5     5.99043e-20 
          252.4     2.87649e-19 
          256.8     8.87864e-19 
            260     1.97175e-18 
            264     5.21214e-18 
          268.5     1.49637e-17 
          273.5      4.6436e-17 
          278.5     1.39812e-16 
            284     4.49178e-16 
            290     1.52797e-15 
            296     4.93099e-15 
            301     1.27371e-14 
            308     4.57926e-14 
            318     2.59315e-13 
            328     1.33192e-12 
            338     6.23639e-12 
            348     2.68872e-11 
            357     1.01483e-10 
            366     3.32025e-10 
            375      1.01841e-9 
            385      3.37881e-9 
            395      1.04649e-8 
            405      3.10777e-8 
            414      7.90271e-8 
            422      1.74845e-7 
            430      3.74121e-7 
            441       1.0378e-6 
            451      2.49633e-6 
            460      5.32638e-6 
            470      1.19508e-5 
            480      2.59541e-5 
            490      5.47223e-5 
            500     0.000111791 
            506       0.0023607 
            512      0.00533642 
            520      0.00829348 
            530       0.0141049 
            540       0.0228311 
            550       0.0389071 
            560       0.0625003 
            570       0.0999255 
            580        0.150949 
            590        0.241784 
            600        0.364161 
            610        0.550758 
            620          0.7991 
            630          1.1655 
            640          1.6458 
            650          2.3581 
            658         3.10414 
            665         3.85696 
            675         5.32312 
            685         7.31934 
            695         10.0058 
            705         13.3077 
            716          18.295 
            726         24.3374 
            735         30.8776 
            745         40.2736 
            755         52.1172 
            765         66.8389 
            775         85.8739 
            785         109.413 
            795         136.094 
            805         170.975 
            815          214.13 
            825         265.096 
            835         323.634 
            845         401.171 
            855          489.02 
            865         597.249 
            875         715.644 
            885         871.135 
            895         1043.05 
            905         1225.97 
            915         29790.1 
            925          198878 
            935          306667 
            945          673411 
            955      2.45648e+6 
            965      3.99734e+6 
            975      1.36675e+6 
            985      8.13974e+6 
            995      8.05343e+6 
           1005      1.01159e+7 
           1015      8.69287e+6 
           1025      1.51879e+6 
           1035      5.10781e+6 
           1045      1.70818e+7 
           1055      2.15899e+7 
           1065      2.04171e+7 
           1075      2.74433e+7 
           1085      2.75235e+7 
           1095      3.19538e+7 
           1105      4.65055e+7 
           1115       1.3041e+8 
           1125      1.57624e+8 
           1135      2.00076e+8 
           1145      1.82243e+8 
           1155      2.20117e+8 
           1165      2.49636e+8 
           1175      2.32427e+8 
           1185      1.64975e+8 
           1195      6.93903e+6 
           1205       1.8394e+7 
           1215      2.77681e+6 
           1225       1.6889e+7 
           1235       1.6545e+8 
           1245      3.09837e+8 
           1255      3.49599e+8 
           1265      1.83305e+8 
           1275      3.73201e+8 
           1285      5.26505e+8 
           1295      3.17935e+8 
           1305      1.07089e+8 
           1315      3.95264e+8 
           1325      4.99745e+8 
           1335      3.98137e+8 
           1345      5.42595e+8 
           1355      5.10855e+8 
           1365       4.1876e+8 
           1375      4.81696e+8 
           1385      4.79871e+8 
           1395      4.73771e+8 
           1405      4.65963e+8 
           1415      4.38383e+8 
           1425      4.95683e+8 
           1435      4.61905e+8 
           1442      5.28289e+8 
           1447       5.7398e+8 
           1455      5.61261e+8 
           1465      5.15008e+8 
           1475      4.79305e+8 
           1485      5.13718e+8 
           1495      5.58632e+8 
           1505      5.33969e+8 
           1512      4.75776e+8 
           1517      5.34934e+8 
           1525      4.72057e+8 
           1535      4.13931e+8 
           1545      5.21639e+8 
           1555      4.51183e+8 
           1565      4.17917e+8 
           1575      4.50458e+8 
           1585      5.02346e+8 
           1595      5.21182e+8 
           1605      4.88895e+8 
           1615      4.94978e+8 
           1625      4.47446e+8 
           1635      4.71499e+8 
           1645      4.87071e+8 
           1655      4.26667e+8 
           1665      4.69596e+8 
           1672      3.48931e+8 
           1677      4.54005e+8 
           1685      5.05048e+8 
           1695      4.69734e+8 
           1705      4.31648e+8 
           1715       3.9959e+8 
           1725      3.97882e+8 
           1735      4.23683e+8 
           1745      4.24742e+8 
           1755      4.69734e+8 
           1765      3.96777e+8 
           1775      4.25835e+8 
           1785      4.36956e+8 
           1795      4.80145e+8 
           1805      4.61172e+8 
           1815      4.38653e+8 
           1825      4.31382e+8 
           1835      4.11869e+8 
           1845      3.76251e+8 
           1855      3.75719e+8 
           1865      3.82229e+8 
           1875      4.26513e+8 
           1885      4.01038e+8 
           1895      3.84731e+8 
           1905      3.85322e+8 
           1915      3.89578e+8 
           1925       3.9037e+8 
           1935      4.00955e+8 
           1945      4.01314e+8 
           1955      3.86456e+8 
           1967      4.21326e+8 
           1976      4.32326e+8 
           1984      4.03694e+8 
           1995      3.85653e+8 
           2005      3.97541e+8 
           2015      3.62086e+8 
           2025      3.95166e+8 
           2035      3.74753e+8 
           2045      3.89429e+8 
           2055      3.56789e+8 
           2065      3.67106e+8 
           2074      3.85104e+8 
           2078      3.81782e+8 
           2085      3.84154e+8 
           2095      3.63474e+8 
           2105      3.58448e+8 
           2115      3.57921e+8 
           2125      3.63145e+8 
           2135      3.16187e+8 
           2145      3.44467e+8 
           2155      3.56058e+8 
           2165      3.36685e+8 
           2175      3.29591e+8 
           2185      3.21191e+8 
           2195      3.40431e+8 
           2205      3.23876e+8 
           2215      2.99012e+8 
           2225      2.84421e+8 
           2235      3.15458e+8 
           2245      2.84878e+8 
           2255      2.73111e+8 
           2265       2.8393e+8 
           2275      2.98312e+8 
           2285      3.06082e+8 
           2295      2.91054e+8 
           2305      2.73587e+8 
           2315      2.58484e+8 
           2325       2.5669e+8 
           2335       2.3687e+8 
           2345      2.27352e+8 
           2355      2.50654e+8 
           2365      2.22466e+8 
           2375      2.32504e+8 
           2385      2.08484e+8 
           2395      2.34312e+8 
           2405      2.18755e+8 
           2415      2.26423e+8 
           2425      2.39896e+8 
           2435      2.26823e+8 
           2445      2.46045e+8 
           2455      2.35263e+8 
           2465      2.37847e+8 
           2475       2.2583e+8 
           2485      2.43117e+8 
           2495      2.33971e+8 
           2505      2.53774e+8 
           2513      2.26342e+8 
           2518      2.34654e+8 
           2525      2.17199e+8 
           2535      2.20502e+8 
           2545      2.13997e+8 
           2555      2.27947e+8 
           2565      2.23241e+8 
           2575      2.42107e+8 
           2585      2.37176e+8 
           2595      2.35592e+8 
           2605      2.23233e+8 
           2615      2.22091e+8 
           2625      2.31359e+8 
           2635      2.32471e+8 
           2645       2.5203e+8 
           2655      2.47179e+8 
           2665      2.24704e+8 
           2675      2.37774e+8 
           2685      2.32077e+8 
           2695      2.25518e+8 
           2705      2.32879e+8 
           2715      2.20874e+8 
           2725      2.22736e+8 
           2735      2.38189e+8 
           2745      2.03953e+8 
           2755       2.0248e+8 
           2765      2.08671e+8 
           2775      2.22238e+8 
           2785      2.20227e+8 
           2795      1.71862e+8 
           2805      1.93966e+8 
           2815      2.23887e+8 
           2825      2.25416e+8 
           2835      2.12968e+8 
           2845      2.05227e+8 
           2855      2.03478e+8 
           2865      2.14126e+8 
           2875      2.06851e+8 
           2885      2.10221e+8 
           2895      2.03571e+8 
           2910      2.20394e+8 
           2930      2.11041e+8 
           2950      2.10362e+8 
           2970      2.10669e+8 
           2990      2.09622e+8 
           3010       2.1354e+8 
           3030      2.09553e+8 
           3050      2.05137e+8 
           3070      2.01154e+8 
           3090       2.0274e+8 
           3110      1.96036e+8 
           3130      1.94362e+8 
           3150      1.94753e+8 
           3170      1.91043e+8 
           3190      1.84043e+8 
           3210      1.86133e+8 
           3230       1.8247e+8 
           3250      1.81572e+8 
           3270      1.80746e+8 
           3290      1.79923e+8 
           3310      1.79247e+8 
           3330      1.74818e+8 
           3350      1.71612e+8 
           3370       1.7041e+8 
           3390      1.67642e+8 
           3410      1.68746e+8 
           3430      1.66822e+8 
           3450      1.64834e+8 
           3470      1.61944e+8 
           3490        1.603e+8 
           3510      1.59974e+8 
           3530      1.59113e+8 
           3550      1.57735e+8 
           3570      1.55304e+8 
           3590      1.53392e+8 
           3610      1.51902e+8 
           3630      1.49898e+8 
           3640      1.49451e+8 
           3650      1.50157e+8 
           3670      1.48206e+8 
           3690      1.42075e+8 
           3710      1.47921e+8 
           3730      1.54579e+8 
           3750       1.9528e+8 
           3770      2.02019e+8 
           3790      2.32173e+8 
           3810      2.55466e+8 
           3830      2.10483e+8 
           3850      2.63183e+8 
           3870       2.7926e+8 
           3890      1.92663e+8 
           3910      2.73452e+8 
           3930       2.7153e+8 
           3950      2.68184e+8 
           3970      1.80734e+8 
           3990      2.57627e+8 
           4010      2.61647e+8 
           4030      2.53606e+8 
           4050       2.5639e+8 
           4070      2.48804e+8 
           4090      2.22021e+8 
           4110      1.79621e+8 
           4130      2.33014e+8 
           4150      2.36658e+8 
           4170      2.33093e+8 
           4190      2.30294e+8 
           4210      2.28217e+8 
           4230      2.24506e+8 
           4250      2.20563e+8 
           4270      2.16187e+8 
           4290      2.14586e+8 
           4310      2.08624e+8 
           4330      1.79332e+8 
           4350      1.56396e+8 
           4370      2.00232e+8 
           4390      1.95968e+8 
           4410      1.97255e+8 
           4430      1.92925e+8 
           4450      1.92336e+8 
           4470      1.87153e+8 
           4490      1.83518e+8 
           4510      1.83713e+8 
           4530      1.80396e+8 
           4550       1.7679e+8 
           4570      1.76994e+8 
           4590      1.73086e+8 
           4610      1.73101e+8 
           4630       1.6785e+8 
           4650      1.68179e+8 
           4670      1.65217e+8 
           4690      1.63415e+8 
           4710      1.58741e+8 
           4730      1.58938e+8 
           4750      1.56429e+8 
           4770      1.55587e+8 
           4790      1.53213e+8 
           4810      1.50066e+8 
           4830      1.46809e+8 
           4850      1.28923e+8 
           4870      1.08748e+8 
           4890      1.40774e+8 
           4910      1.40573e+8 
           4930      1.37779e+8 
           4950      1.37677e+8 
           4970      1.36359e+8 
           4990      1.34118e+8 
           5010       1.2994e+8 
           5030      1.29467e+8 
           5050      1.26058e+8 
           5070      1.26994e+8 
           5090      1.25326e+8 
           5110      1.23247e+8 
           5130      1.22457e+8 
           5150      1.19953e+8 
           5170      1.18296e+8 
           5190      1.17018e+8 
           5210      1.14998e+8 
           5230      1.13879e+8 
           5250      1.13404e+8 
           5270      1.10721e+8 
           5290      1.11209e+8 
           5310      1.08779e+8 
           5330      1.07833e+8 
           5350      1.07051e+8 
           5370      1.05888e+8 
           5390      1.04605e+8 
           5410      1.02873e+8 
           5430      1.01701e+8 
           5450      1.00898e+8 
           5470      9.93204e+7 
           5490      9.86443e+7 
           5510      9.73549e+7 
           5530      9.64697e+7 
           5550      9.53611e+7 
           5570      9.42173e+7 
           5590      9.32766e+7 
           5610      9.23446e+7 
           5630      9.13973e+7 
           5650      8.95429e+7 
           5670      8.87424e+7 
           5690      8.81686e+7 
           5710      8.72678e+7 
           5730      8.63372e+7 
           5750      8.53252e+7 
           5770      8.43907e+7 
           5790      8.32726e+7 
           5810      8.23465e+7 
           5830      8.15154e+7 
           5850       8.0632e+7 
           5870      7.90142e+7 
           5890      7.85893e+7 
           5910      7.79224e+7 
           5930      7.72348e+7 
           5950      7.57481e+7 
           5970      7.53514e+7 
           5990      7.42695e+7 
           6010      7.38865e+7 
           6030      7.30854e+7 
           6050      7.22221e+7 
           6070      7.14576e+7 
           6090      7.06752e+7 
           6110      7.00215e+7 
           6130      6.92375e+7 
           6150      6.76225e+7 
           6170      6.77103e+7 
           6190      6.70965e+7 
           6210       6.6371e+7 
           6230      6.55767e+7 
           6250      6.43572e+7 
           6270      6.42731e+7 
           6290      6.35984e+7 
           6310      6.27767e+7 
           6330       6.2249e+7 
           6350      6.05934e+7 
           6370      6.03547e+7 
           6390      6.02893e+7 
           6410      5.95909e+7 
           6430      5.91497e+7 
           6450      5.81125e+7 
           6470      5.79724e+7 
           6490      5.71568e+7 
           6510      5.64284e+7 
           6530       5.5509e+7 
           6550       5.1277e+7 
           6570      4.29768e+7 
           6590      5.33256e+7 
           6610      5.36993e+7 
           6630      5.33166e+7 
           6650      5.29163e+7 
           6670      5.22311e+7 
           6690      5.17543e+7 
           6710      5.13509e+7 
           6730      5.07849e+7 
           6750      5.03463e+7 
           6770      4.98973e+7 
           6790      4.93447e+7 
           6810      4.88928e+7 
           6830         4.83e+7 
           6850      4.79293e+7 
           6870       4.7479e+7 
           6890      4.70371e+7 
           6910      4.65648e+7 
           6930      4.60148e+7 
           6950      4.56919e+7 
           6970      4.52641e+7 
           6990      4.48528e+7 
           7010      4.42798e+7 
           7030      4.39832e+7 
           7050      4.34506e+7 
           7070      4.30363e+7 
           7090      4.27796e+7 
           7110      4.22769e+7 
           7130      4.19141e+7 
           7150      4.15104e+7 
           7170      4.11605e+7 
           7190      4.08021e+7 
           7210      4.04376e+7 
           7230      3.99764e+7 
           7250      3.95956e+7 
           7270      3.93245e+7 
           7290      3.89283e+7 
           7310      3.85802e+7 
           7330      3.82494e+7 
           7350      3.79299e+7 
           7370      3.75842e+7 
           7390      3.72383e+7 
           7410      3.68845e+7 
           7430      3.63955e+7 
           7450      3.61583e+7 
           7470      3.57516e+7 
           7490      3.55025e+7 
           7510      3.51867e+7 
           7530      3.49389e+7 
           7550      3.46318e+7 
           7570      3.43261e+7 
           7590      3.39865e+7 
           7610      3.37431e+7 
           7630      3.34273e+7 
           7650      3.31079e+7 
           7670       3.2833e+7 
           7690      3.25363e+7 
           7710      3.22435e+7 
           7730      3.19779e+7 
           7750      3.16995e+7 
           7770       3.0842e+7 
           7790      3.11495e+7 
           7810      3.09055e+7 
           7830      3.06268e+7 
           7850       3.0194e+7 
           7870      2.99197e+7 
           7890      2.95449e+7 
           7910        2.956e+7 
           7930      2.93356e+7 
           7950      2.88491e+7 
           7970      2.88403e+7 
           7990      2.81886e+7 
           8010      2.83545e+7 
           8030      2.81129e+7 
           8050      2.78531e+7 
           8070      2.76406e+7 
           8090      2.74028e+7 
           8110      2.71521e+7 
           8130      2.69434e+7 
           8150      2.67319e+7 
           8170      2.65154e+7 
           8190      2.62282e+7 
           8210      2.59369e+7 
           8230      2.55712e+7 
           8250      2.56483e+7 
           8270       2.5525e+7 
           8290      2.52435e+7 
           8310      2.51047e+7 
           8330      2.48741e+7 
           8350      2.46854e+7 
           8370      2.44578e+7 
           8390      2.42343e+7 
           8410      2.39482e+7 
           8430      2.37531e+7 
           8450      2.33089e+7 
           8470      2.29175e+7 
           8490      2.34902e+7 
           8510      2.22006e+7 
           8530      2.35241e+7 
           8550      2.11729e+7 
           8570      2.36456e+7 
           8590      2.19856e+7 
           8610      2.14175e+7 
           8630      2.36801e+7 
           8650      2.28412e+7 
           8670      1.93048e+7 
           8690      2.31751e+7 
           8710      2.37367e+7 
           8730      2.29524e+7 
           8750      1.85761e+7 
           8770      2.19564e+7 
           8790      2.31984e+7 
           8810      2.31607e+7 
           8830      2.26234e+7 
           8850      2.08628e+7 
           8870       1.7891e+7 
           8890      2.18186e+7 
           8910      2.21891e+7 
           8930      2.20397e+7 
           8950      2.20345e+7 
           8970       2.1771e+7 
           8990      2.11219e+7 
           9010      1.74303e+7 
           9030      1.88843e+7 
           9050      2.08428e+7 
           9070      2.07633e+7 
           9090      2.06456e+7 
           9110      2.06168e+7 
           9130      2.05058e+7 
           9150      2.03978e+7 
           9170      2.01463e+7 
           9190      1.97718e+7 
           9210      1.88613e+7 
           9230      1.51836e+7 
           9250      1.82129e+7 
           9270      1.87495e+7 
           9290      1.92167e+7 
           9310      1.91637e+7 
           9330       1.8989e+7 
           9350      1.89032e+7 
           9370      1.87848e+7 
           9390      1.85916e+7 
           9410      1.82191e+7 
           9430      1.83275e+7 
           9450      1.82209e+7 
           9470      1.80369e+7 
           9490      1.78417e+7 
           9510      1.75522e+7 
           9530      1.65325e+7 
           9550       1.3647e+7 
           9570      1.65574e+7 
           9590      1.71017e+7 
           9610      1.70709e+7 
           9630      1.67458e+7 
           9650      1.69022e+7 
           9670      1.67244e+7 
           9690      1.66426e+7 
           9710      1.65509e+7 
           9730      1.64256e+7 
           9750      1.62791e+7 
           9770      1.61916e+7 
           9790      1.60661e+7 
           9810      1.59408e+7 
           9830      1.57789e+7 
           9850      1.56935e+7 
           9870      1.55894e+7 
           9890      1.54066e+7 
           9910      1.53591e+7 
           9930       1.5243e+7 
           9950      1.51354e+7 
           9970      1.50046e+7 
           9990      1.48676e+7 
          10025      1.38786e+7 
          10075      1.31755e+7 
          10125      1.40794e+7 
          10175      1.39516e+7 
          10225      1.37366e+7 
          10275      1.34969e+7 
          10325      1.32548e+7 
          10375      1.30238e+7 
          10425      1.28104e+7 
          10475      1.25682e+7 
          10525      1.23518e+7 
          10575      1.21565e+7 
          10625      1.19576e+7 
          10675      1.16742e+7 
          10725      1.15381e+7 
          10775      1.13502e+7 
          10825      1.11314e+7 
          10875      1.09229e+7 
          10925      9.59565e+6 
          10975      1.02503e+7 
          11025      1.04225e+7 
          11075      1.02893e+7 
          11125      1.01225e+7 
          11175      9.95728e+6 
          11225       9.8012e+6 
          11275      9.54465e+6 
          11325      9.42384e+6 
          11375      9.33536e+6 
          11425      9.18427e+6 
          11475      9.04661e+6 
          11525      8.90532e+6 
          11575      8.76613e+6 
          11625      8.59555e+6 
          11675       8.4715e+6 
          11725      8.35857e+6 
          11775       8.1872e+6 
          11825      8.09737e+6 
          11875      7.97055e+6 
          11925      7.86491e+6 
          11975       7.7308e+6 
          12025      7.62574e+6 
          12075      7.51027e+6 
          12125      7.39644e+6 
          12175      7.28879e+6 
          12225      7.17888e+6 
          12275      7.06926e+6 
          12325      6.96738e+6 
          12375      6.86617e+6 
          12425      6.76832e+6 
          12475      6.64736e+6 
          12525      6.56941e+6 
          12575      6.46129e+6 
          12625      6.37878e+6 
          12675      6.29033e+6 
          12725      6.18958e+6 
          12775      6.01518e+6 
          12825      5.35202e+6 
          12875      5.87733e+6 
          12925      5.84954e+6 
          12975      5.77321e+6 
          13025      5.69367e+6 
          13075      5.61362e+6 
          13125      5.53573e+6 
          13175        5.443e+6 
          13225       5.3834e+6 
          13275      5.30915e+6 
          13325      5.23628e+6 
          13375      5.16456e+6 
          13425      5.09188e+6 
          13475      5.02304e+6 
          13525      4.95302e+6 
          13575      4.88778e+6 
          13625      4.82173e+6 
          13675      4.75289e+6 
          13725      4.68973e+6 
          13775      4.63252e+6 
          13825      4.57068e+6 
          13875      4.51119e+6 
          13925      4.45049e+6 
          13975      4.39227e+6 
          14025      4.33553e+6 
          14075      4.27892e+6 
          14125      4.22187e+6 
          14175      4.16852e+6 
          14225      4.11469e+6 
          14275      4.06188e+6 
          14325      4.00934e+6 
          14375      3.95725e+6 
          14425      3.89782e+6 
          14475      3.85566e+6 
          14525      3.80469e+6 
          14570      3.76561e+6 
          14620      3.72033e+6 
          14675      3.67151e+6 
          14725      3.62455e+6 
          14775      3.57693e+6 
          14825      3.53759e+6 
          14875      3.49189e+6 
          14925      3.45246e+6 
          14975      3.40845e+6 
          15025      3.36661e+6 
          15075      3.32359e+6 
          15125      3.28239e+6 
          15175        3.241e+6 
          15225       3.2043e+6 
          15275      3.15607e+6 
          15325      3.11514e+6 
          15375      3.09013e+6 
          15425        3.022e+6 
          15475      3.01839e+6 
          15525      2.98476e+6 
          15575       2.8858e+6 
          15625      2.94683e+6 
          15675      2.85569e+6 
          15725      2.77144e+6 
          15775      2.85608e+6 
          15825      2.82016e+6 
          15875      2.60495e+6 
          15925      2.72603e+6 
          15975      2.74486e+6 
          16050      2.66882e+6 
          16150      2.52234e+6 
          16250      2.59368e+6 
          16350      2.48976e+6 
          16450       2.3514e+6 
          16550      2.42623e+6 
          16650      2.37326e+6 
          16750      2.27048e+6 
          16850      2.14463e+6 
          16950      2.21551e+6 
          17050      2.17029e+6 
          17150      2.12277e+6 
          17250      2.07177e+6 
          17350      1.89452e+6 
          17450      1.96999e+6 
          17550      1.94528e+6 
          17650      1.90455e+6 
          17750      1.86283e+6 
          17850      1.82546e+6 
          17950      1.78834e+6 
          18050      1.74303e+6 
          18150      1.60871e+6 
          18250      1.65289e+6 
          18350      1.64443e+6 
          18450       1.6116e+6 
          18550      1.57632e+6 
          18650      1.54029e+6 
          18750      1.42189e+6 
          18850      1.47894e+6 
          18950       1.4555e+6 
          19050       1.4276e+6 
          19150      1.39958e+6 
          19250      1.37206e+6 
          19350       1.3394e+6 
          19450      1.23206e+6 
          19550      1.28799e+6 
          19650      1.26945e+6 
          19750      1.24513e+6 
          19850      1.22162e+6 
          19950      1.19852e+6 
          20050      1.17601e+6 
          20150      1.15397e+6 
          20250       1.1325e+6 
          20350      1.11139e+6 
          20450      1.09091e+6 
          20550      1.07077e+6 
          20650      1.05124e+6 
          20750      1.03212e+6 
          20850      1.01349e+6 
          20950          994993 
          21050          977229 
          21150          959167 
          21250          942402 
          21350          924917 
          21450          909108 
          21550          890144 
          21650          822303 
          21750          856090 
          21850          847562 
          21950          832976 
          22050          818852 
          22150          804717 
          22250          791184 
          22350          777709 
          22450          764592 
          22550          751677 
          22650          739106 
          22750          726785 
          22850          715041 
          22950          703244 
          23050          691795 
          23150          680503 
          23250          669469 
          23350          658621 
          23450          648021 
          23550          637605 
          23650          627381 
          23750          617374 
          23850          607532 
          23950          597825 
          24050          587797 
          24150          578456 
          24250          569941 
          24350          560650 
          24450          551429 
          24550          543777 
          24650          534302 
          24750          526156 
          24850          520173 
          24950          506407 
          25050          504701 
          25150          497343 
          25250          480937 
          25350          481793 
          25450          476380 
          25550          467320 
          25650          448802 
          25750          454447 
          25850          449281 
          25950          442602 
          26050          431949 
          26150          412284 
          26250          396498 
          26350          414373 
          26450          411784 
          26550          406090 
          26650          398089 
          26750          374017 
          26850          386767 
          26950          384140 
          27050          378927 
          27150          373605 
          27250          368322 
          27350          363145 
          27450          356639 
          27550          335164 
          27650          340574 
          27750          342904 
          27850          338653 
          27950          334006 
          28050          329427 
          28150          324894 
          28250          320445 
          28350          316107 
          28450          311869 
          28550          307326 
          28650          299181 
          28750          282049 
          28850          293975 
          28950          291251 
          29050          287736 
          29150          283867 
          29250          280190 
          29350          276483 
          29450          272888 
          29550          269370 
          29650          265872 
          29750          262432 
          29850          259049 
          29950          255718 
          30050          252421 
          30150          249199 
          30250          245203 
          30350          231500 
          30450          233172 
          30550          236136 
          30650          233844 
          30750          230895 
          30850          227659 
          30950          225172 
          31050          222383 
          31150          219622 
          31250          216919 
          31350          214253 
          31450          211617 
          31550          209040 
          31650          206458 
          31750          203974 
          31850          201518 
          31950          199074 
          32100          195503 
          32300          190854 
          32500          186337 
          32700          181877 
          32900          171072 
          33100          171810 
          33300          169205 
          33500          165398 
          33700          161623 
          33900          157984 
          34100          154429 
          34300          150978 
          34500          147637 
          34700          144360 
          34900          141170 
          35100          138089 
          35300          135078 
          35500          132137 
          35700          129257 
          35900          126566 
          36100          123728 
          36300          121262 
          36500          118467 
          36700          116250 
          36900          113367 
          37100          111398 
          37300          107398 
          37500          103813 
          37700          104721 
          37900          102711 
          38100         99958.7 
          38300         98080.3 
          38500         96682.7 
          38700         94767.8 
          38900         92648.1 
          39100         89556.4 
          39300         89213.1 
          39500         87633.5 
          39700         86002.2 
          39900         84257.2 
          40100         81671.1 
          40300         79637.7 
          40500         76914.6 
          40700           77848 
          40900         76557.1 
          41100         75113.5 
          41300         73698.7 
          41500           72161 
          41700         68738.5 
          41900         69450.8 
          42100         68375.9 
          42300         67126.6 
          42500         65899.8 
          42700         64701.2 
          42900         63528.2 
          43100         62382.3 
          43300         61262.8 
          43500         60111.5 
          43700         57297.8 
          43900           57508 
          44100         57022.5 
          44300           56025 
          44500         55046.9 
          44700         54150.1 
          44900         53147.4 
          45100         52232.5 
          45300           51317 
          45500         50453.8 
          45700         49591.1 
          45900         48746.8 
          46100         47909.9 
          46300         47017.1 
          46500         44561.1 
          46700         43793.3 
          46900         44566.4 
          47100         44037.6 
          47300         43335.9 
          47500         42614.5 
          47700           41935 
          47900         41258.8 
          48100         40590.7 
          48300         39937.1 
          48500         39292.9 
          48700         38665.9 
          48900         38046.2 
          49100         37444.6 
          49300         36846.9 
          49500         36274.6 
          49700         35688.9 
          49900         35146.1 
          50100         34592.9 
          50300         34032.5 
          50500         33537.4 
          50700           33014 
          50900         32448.2 
          51100         31868.7 
          51300         30309.4 
          51500         30949.4 
          51700         30496.2 
          51900         30121.7 
          52100         29729.9 
          52300         29285.4 
          52500         28757.9 
          52700         28270.1 
          52900           27980 
          53100         27590.6 
          53300           27185 
          53500         26778.1 
          53700         26248.5 
          53900         25868.6 
          54100         25627.5 
          54300         25267.9 
          54500         24905.2 
          54700         24548.4 
          54900         24198.6 
          55100           23754 
          55300         23259.7 
          55500           23156 
          55700         22856.4 
          55900         22536.4 
          56100         22221.6 
          56300         21914.2 
          56500         21609.5 
          56700         21310.8 
          56900         20968.1 
          57100         20374.3 
          57300         20373.5 
          57500         20165.9 
          57700         19892.8 
          57900           19623 
          58100         19358.7 
          58300         19087.6 
          58500         18828.5 
          58700         18565.9 
          58900         18232.6 
          59100         17346.9 
          59300         17765.7 
          59500         17246.4 
          59700         17229.3 
          59900         17140.7 
          60100         16931.9 
          60300         16744.2 
          60500         16529.7 
          60700         16315.6 
          60900           16105 
          61100         15896.8 
          61300           15695 
          61500         15494.5 
          61700         15297.2 
          61900         15103.2 
          62100         14911.3 
          62300         14722.5 
          62500         14511.7 
          62700         14278.4 
          62900           13705 
          63100         13894.6 
          63300         13792.8 
          63500         13652.8 
          63700         13486.4 
          63900         13320.9 
          64200           13077 
          64600         12759.4 
          65000         12452.1 
          65400         12154.1 
          65800         11864.9 
          66200           11581 
          66600         11311.5 
          67000         11042.6 
          67400           10746 
          67800         10301.6 
          68200         10278.3 
          68600         10061.1 
          69000         9834.05 
          69400         9597.43 
          69800         9394.96 
          70200         9185.76 
          70600         8979.93 
          71000         8765.44 
          71400         8588.43 
          71800         8400.93 
          72200         8218.49 
          72600         8018.82 
          73000         7862.61 
          73400         7699.53 
          73800         7533.29 
          74200         7355.12 
          74600          7022.6 
          75000         6779.12 
          75400         6883.65 
          75800         6772.51 
          76200          6639.3 
          76600         6502.73 
          77000         6370.53 
          77400         6234.05 
          77800         6065.05 
          78200         5985.42 
          78600         5872.76 
          79000         5755.85 
          79400         5641.83 
          79800         5530.69 
          80200         5422.25 
          80600         5316.37 
          81000          5212.2 
          81400          5060.8 
          81800         4991.61 
          82200            4918 
          82600         4824.33 
          83000         4732.82 
          83400         4643.45 
          83800         4556.14 
          84200         4470.98 
          84600          4387.8 
          85000         4306.45 
          85400         4227.05 
          85800         4149.39 
          86200         4068.39 
          86600         3928.66 
          87000         3913.18 
          87400         3794.04 
          87800         3726.32 
          88200         3719.23 
          88600         3653.05 
          89000         3588.37 
          89400         3525.08 
          89800         3463.19 
          90200         3402.59 
          90600         3343.33 
          91000         3285.38 
          91400         3228.64 
          91800         3173.16 
          92200         3118.83 
          92600         3059.79 
          93000         3013.62 
          93400         2958.36 
          93800         2850.29 
          94200         2845.54 
          94600         2815.72 
          95000         2765.17 
          95400         2718.98 
          95800         2678.63 
          96200         2634.66 
          96600         2591.57 
          97000         2549.14 
          97400         2507.99 
          97800         2467.43 
          98200         2424.56 
          98600         2381.29 
          99000         2350.67 
          99400         2313.29 
          99800         2276.63 
         100200         2240.71 
         200000         141.594 
         400000          8.7114 
         600000         1.69675 
         800000        0.530782 
         1.0e+6        0.215418 
         1.2e+6        0.103096 
         1.4e+6       0.0552889 
         1.6e+6       0.0322266 
