# Kurucz ODFNEW /NOVER (2003)
# teff = 6500 K (value for the effective temperature for the model. Temperatures are given in K)
# logg = 4.5 log(cm/s2) (value for Log(G) for the model.)
# meta = -1  (value for the Metallicity for the model.)
# lh = 1.25  (l/Hp where l is the  mixing length of the convective element and Hp is the pressure scale height)
# vtur = 2 km/s (Microturbulence velocity)
# alpha = 0.4  (Alpha)
#
# column 1: WAVELENGTH (ANGSTROM), Wavelength in Angstrom
# column 2: FLUX (ERG/CM2/S/A), Flux in erg/cm2/s/A
          147.2     4.32926e-81 
            151     9.18452e-79 
          155.2     2.50965e-76 
          158.8     2.41553e-74 
            162      1.1766e-72 
            166     1.22135e-70 
          170.3     1.40107e-68 
          173.4      3.6844e-67 
          176.8     1.16202e-65 
          180.2     3.20821e-64 
          181.7     1.33188e-63 
          186.1     7.57327e-62 
            191     5.44405e-60 
          193.9     6.14606e-59 
          198.4      2.2899e-57 
          201.8     3.16318e-56 
            205     3.45542e-55 
          210.5     1.76087e-53 
          216.2     8.33855e-52 
          219.8     8.57606e-51 
            223     6.36779e-50 
          226.8      6.3918e-49 
            230      4.1995e-48 
            234     4.09039e-47 
            240     1.07427e-45 
          246.5     3.08112e-44 
          252.4     5.55717e-43 
          256.8     4.39436e-42 
            260     1.88933e-41 
            264     1.11117e-40 
          268.5     7.62842e-40 
          273.5     6.00533e-39 
          278.5     4.38448e-38 
            284     3.58845e-37 
            290     3.23378e-36 
            296     2.65249e-35 
            301     1.43555e-34 
            308     1.38653e-33 
            318     2.95407e-32 
            328     5.18185e-31 
            338     7.60885e-30 
            348     9.51094e-29 
            357     8.12761e-28 
            366     6.22792e-27 
            375     4.30242e-26 
            385     3.29621e-25 
            395     2.26397e-24 
            405     1.40673e-23 
            414     6.72634e-23 
            422     2.54617e-22 
            430     9.14664e-22 
            441     4.89835e-21 
            451     2.08737e-20 
            460       7.267e-20 
            470     2.73875e-19 
            480     9.72629e-19 
            490     3.27022e-18 
            500     1.04294e-17 
            506     2.71119e-17 
            512     5.86958e-17 
            520     1.36744e-16 
            530     3.81303e-16 
            540     1.00455e-15 
            550     2.57882e-15 
            560     6.34614e-15 
            570       1.509e-14 
            580     3.43469e-14 
            590     7.75169e-14 
            600     1.68021e-13 
            610     3.54243e-13 
            620     7.27311e-13 
            630     1.45642e-12 
            640     2.84911e-12 
            650      5.4488e-12 
            658     9.01093e-12 
            665     1.38356e-11 
            675     2.51128e-11 
            685     4.47138e-11 
            695      7.8142e-11 
            705     1.34047e-10 
            716     2.38528e-10 
            726     3.95666e-10 
            735     6.15898e-10 
            745     9.93095e-10 
            755      1.57882e-9 
            765      2.47638e-9 
            775      3.83306e-9 
            785      5.86047e-9 
            795      8.81882e-9 
            805      1.31996e-8 
            815      1.95045e-8 
            825      2.84944e-8 
            835      4.12021e-8 
            845      5.89872e-8 
            855      8.36455e-8 
            865      1.17511e-7 
            875      1.63515e-7 
            885      2.25915e-7 
            895      3.09341e-7 
            905      4.20144e-7 
            915      0.00137265 
            925      0.00520872 
            935      0.00708319 
            945       0.0100027 
            955       0.0140737 
            965       0.0189165 
            975       0.0234366 
            985       0.0324619 
            995       0.0420366 
           1005       0.0570153 
           1015       0.0720274 
           1025       0.0853555 
           1035        0.121414 
           1045        0.158143 
           1055        0.197516 
           1065        0.250409 
           1075         0.31932 
           1085        0.405587 
           1095        0.498567 
           1105         1.22714 
           1115         3.04147 
           1125         4.26491 
           1135         6.31292 
           1145         7.82812 
           1155         8.54516 
           1165         10.2708 
           1175         11.7942 
           1185         12.1983 
           1195         6.71743 
           1205         5.18954 
           1215         2.50196 
           1225         6.50014 
           1235         15.5039 
           1245         29.6202 
           1255          45.855 
           1265         56.1954 
           1275         77.4374 
           1285          108.86 
           1295         131.254 
           1305         150.791 
           1315         191.447 
           1325         228.811 
           1335         259.576 
           1345         307.252 
           1355         340.611 
           1365         403.555 
           1375          448.02 
           1385          495.19 
           1395         564.003 
           1405         631.481 
           1415         727.051 
           1425         790.536 
           1435          863.84 
           1442         991.645 
           1447         1001.86 
           1455         1127.36 
           1465         1215.15 
           1475         1342.95 
           1485          1473.6 
           1495         1691.47 
           1505         1891.28 
           1512         1963.78 
           1517         2083.95 
           1525         2394.71 
           1535         3656.45 
           1545         4363.67 
           1555         4842.43 
           1565         4855.19 
           1575         5885.98 
           1585         6409.38 
           1595         7162.82 
           1605         7557.48 
           1615         8561.77 
           1625         9407.16 
           1635         11666.9 
           1645         14680.6 
           1655         13238.2 
           1665         18822.7 
           1672         16839.5 
           1677         21883.1 
           1685         30583.1 
           1695         41708.7 
           1705          127605 
           1715          353427 
           1725          543364 
           1735          868628 
           1745          959260 
           1755      1.42116e+6 
           1765          856136 
           1775      1.32068e+6 
           1785      1.64349e+6 
           1795      2.12204e+6 
           1805      1.50482e+6 
           1815      1.56251e+6 
           1825      1.40484e+6 
           1835      1.76537e+6 
           1845          943919 
           1855      1.59592e+6 
           1865      2.31189e+6 
           1875      2.20597e+6 
           1885      2.34081e+6 
           1895      2.50501e+6 
           1905      2.25828e+6 
           1915      2.74501e+6 
           1925      2.62517e+6 
           1935      1.61801e+6 
           1945       3.0419e+6 
           1955      3.20967e+6 
           1967      3.66925e+6 
           1976        3.293e+6 
           1984      3.04924e+6 
           1995       3.3523e+6 
           2005      3.14492e+6 
           2015      3.37015e+6 
           2025      2.67942e+6 
           2035      3.79374e+6 
           2045       4.1585e+6 
           2055      3.96888e+6 
           2065      3.96508e+6 
           2074      4.72432e+6 
           2078      5.19166e+6 
           2085      4.95061e+6 
           2095      4.65257e+6 
           2105      4.53161e+6 
           2115      4.94659e+6 
           2125      4.39732e+6 
           2135      4.16109e+6 
           2145      5.14006e+6 
           2155      5.03869e+6 
           2165      4.59496e+6 
           2175      4.63842e+6 
           2185      5.29566e+6 
           2195      5.82278e+6 
           2205      5.42737e+6 
           2215      4.50434e+6 
           2225       5.0795e+6 
           2235      6.16843e+6 
           2245      5.67909e+6 
           2255      4.98406e+6 
           2265      4.75855e+6 
           2275      5.18827e+6 
           2285      5.82047e+6 
           2295      5.03593e+6 
           2305      5.70261e+6 
           2315      5.71594e+6 
           2325      5.53899e+6 
           2335      4.69379e+6 
           2345      3.49715e+6 
           2355      5.54155e+6 
           2365      3.85363e+6 
           2375      4.92005e+6 
           2385      3.04047e+6 
           2395      3.84924e+6 
           2405      3.86335e+6 
           2415      4.06254e+6 
           2425      5.69038e+6 
           2435       5.3683e+6 
           2445      6.07882e+6 
           2455      6.12391e+6 
           2465      6.20378e+6 
           2475      5.45043e+6 
           2485      4.76321e+6 
           2495      4.79319e+6 
           2505       6.1147e+6 
           2513      4.19677e+6 
           2518      2.86668e+6 
           2525      3.07139e+6 
           2535      3.22812e+6 
           2545      3.45814e+6 
           2555      4.82665e+6 
           2565      4.84297e+6 
           2575      6.17255e+6 
           2585      6.23088e+6 
           2595      6.05763e+6 
           2605      5.44496e+6 
           2615      4.92305e+6 
           2625      6.49075e+6 
           2635      7.36669e+6 
           2645      9.01218e+6 
           2655      9.92565e+6 
           2665      8.23506e+6 
           2675      8.97859e+6 
           2685      9.55616e+6 
           2695      7.94537e+6 
           2705      8.68426e+6 
           2715      7.40863e+6 
           2725      7.52787e+6 
           2735      8.09491e+6 
           2745      5.77917e+6 
           2755      6.70268e+6 
           2765      7.63588e+6 
           2775      7.86029e+6 
           2785      5.20392e+6 
           2795      1.50368e+6 
           2805      2.11275e+6 
           2815      7.56623e+6 
           2825      9.32403e+6 
           2835      9.17868e+6 
           2845      7.74262e+6 
           2855      4.30665e+6 
           2865      8.95029e+6 
           2875      9.46424e+6 
           2885      8.95246e+6 
           2895      9.47867e+6 
           2910      1.09187e+7 
           2930      1.03546e+7 
           2950      1.02735e+7 
           2970      1.07617e+7 
           2990      1.06254e+7 
           3010      1.08273e+7 
           3030      1.09651e+7 
           3050      1.12276e+7 
           3070       1.1019e+7 
           3090      1.09388e+7 
           3110       1.0987e+7 
           3130      1.10724e+7 
           3150      1.10614e+7 
           3170      1.13863e+7 
           3190      1.05621e+7 
           3210      1.11208e+7 
           3230      1.03281e+7 
           3250      1.13484e+7 
           3270      1.21003e+7 
           3290      1.21851e+7 
           3310      1.23846e+7 
           3330      1.20875e+7 
           3350      1.18831e+7 
           3370      1.13225e+7 
           3390      1.18089e+7 
           3410      1.18218e+7 
           3430      1.22284e+7 
           3450      1.20557e+7 
           3470      1.20785e+7 
           3490      1.22532e+7 
           3510      1.24277e+7 
           3530      1.20959e+7 
           3550      1.28454e+7 
           3570       1.1897e+7 
           3590      1.17502e+7 
           3610      1.20193e+7 
           3630      1.21128e+7 
           3640      1.20182e+7 
           3650       1.2777e+7 
           3670      1.27024e+7 
           3690      1.22995e+7 
           3710      1.24492e+7 
           3730      1.16559e+7 
           3750      1.29059e+7 
           3770      1.36043e+7 
           3790      1.48278e+7 
           3810      1.59424e+7 
           3830      1.29328e+7 
           3850      1.63903e+7 
           3870      1.67823e+7 
           3890      1.38728e+7 
           3910      1.65424e+7 
           3930      1.14378e+7 
           3950      1.59466e+7 
           3970      1.13151e+7 
           3990      1.71789e+7 
           4010      1.79494e+7 
           4030      1.78714e+7 
           4050      1.77027e+7 
           4070       1.7379e+7 
           4090      1.69863e+7 
           4110      1.49201e+7 
           4130       1.7603e+7 
           4150      1.77407e+7 
           4170      1.77044e+7 
           4190      1.74321e+7 
           4210      1.74348e+7 
           4230      1.69179e+7 
           4250      1.72433e+7 
           4270      1.70793e+7 
           4290      1.65736e+7 
           4310      1.56126e+7 
           4330      1.58282e+7 
           4350       1.4496e+7 
           4370      1.71306e+7 
           4390      1.68437e+7 
           4410      1.67852e+7 
           4430       1.6891e+7 
           4450      1.66857e+7 
           4470      1.68069e+7 
           4490      1.69118e+7 
           4510       1.7137e+7 
           4530      1.65337e+7 
           4550      1.65903e+7 
           4570      1.69267e+7 
           4590      1.66407e+7 
           4610      1.67845e+7 
           4630      1.66321e+7 
           4650      1.65956e+7 
           4670      1.67082e+7 
           4690      1.65366e+7 
           4710      1.61553e+7 
           4730      1.64256e+7 
           4750      1.63821e+7 
           4770      1.63071e+7 
           4790      1.61687e+7 
           4810      1.61064e+7 
           4830      1.59513e+7 
           4850      1.48488e+7 
           4870      1.29725e+7 
           4890      1.54811e+7 
           4910      1.56004e+7 
           4930      1.53489e+7 
           4950      1.54659e+7 
           4970      1.55811e+7 
           4990      1.51523e+7 
           5010      1.48182e+7 
           5030      1.51788e+7 
           5050      1.50175e+7 
           5070      1.51498e+7 
           5090      1.49874e+7 
           5110      1.49684e+7 
           5130      1.48061e+7 
           5150      1.45735e+7 
           5170      1.39389e+7 
           5190      1.38953e+7 
           5210      1.42522e+7 
           5230      1.42756e+7 
           5250      1.45115e+7 
           5270        1.376e+7 
           5290      1.42915e+7 
           5310      1.42896e+7 
           5330      1.37742e+7 
           5350      1.40702e+7 
           5370      1.39525e+7 
           5390       1.3879e+7 
           5410      1.36375e+7 
           5430      1.37302e+7 
           5450      1.37159e+7 
           5470      1.36472e+7 
           5490      1.35942e+7 
           5510      1.35453e+7 
           5530      1.34697e+7 
           5550      1.35159e+7 
           5570      1.33037e+7 
           5590      1.31351e+7 
           5610      1.31469e+7 
           5630      1.32189e+7 
           5650      1.31397e+7 
           5670      1.29827e+7 
           5690      1.29928e+7 
           5710      1.28673e+7 
           5730      1.29371e+7 
           5750      1.27983e+7 
           5770      1.27674e+7 
           5790      1.26805e+7 
           5810      1.26435e+7 
           5830      1.25935e+7 
           5850      1.24657e+7 
           5870      1.24181e+7 
           5890      1.21667e+7 
           5910       1.2297e+7 
           5930      1.22334e+7 
           5950      1.21726e+7 
           5970      1.21134e+7 
           5990      1.20442e+7 
           6010        1.196e+7 
           6030      1.18735e+7 
           6050      1.18662e+7 
           6070      1.18055e+7 
           6090       1.1722e+7 
           6110      1.16282e+7 
           6130      1.14392e+7 
           6150      1.14276e+7 
           6170      1.12676e+7 
           6190      1.13994e+7 
           6210      1.13544e+7 
           6230      1.12292e+7 
           6250      1.10832e+7 
           6270       1.1165e+7 
           6290      1.11179e+7 
           6310      1.09974e+7 
           6330      1.09477e+7 
           6350      1.08994e+7 
           6370       1.0845e+7 
           6390       1.0804e+7 
           6410      1.06808e+7 
           6430      1.06563e+7 
           6450      1.05279e+7 
           6470      1.04926e+7 
           6490      1.03922e+7 
           6510      1.04014e+7 
           6530      1.03033e+7 
           6550      9.77069e+6 
           6570      8.41418e+6 
           6590      1.00333e+7 
           6610      1.01382e+7 
           6630      1.01122e+7 
           6650      1.00796e+7 
           6670      1.00083e+7 
           6690      9.98134e+6 
           6710      9.90854e+6 
           6730      9.87053e+6 
           6750      9.79972e+6 
           6770      9.75999e+6 
           6790      9.70666e+6 
           6810      9.64892e+6 
           6830      9.60541e+6 
           6850      9.53576e+6 
           6870      9.49708e+6 
           6890      9.45075e+6 
           6910      9.39849e+6 
           6930      9.34746e+6 
           6950      9.29608e+6 
           6970      9.24823e+6 
           6990      9.20155e+6 
           7010      9.10849e+6 
           7030      9.09257e+6 
           7050       9.0509e+6 
           7070      8.99751e+6 
           7090      8.95132e+6 
           7110      8.89581e+6 
           7130      8.84079e+6 
           7150      8.77224e+6 
           7170      8.73436e+6 
           7190      8.66616e+6 
           7210      8.63264e+6 
           7230      8.60369e+6 
           7250      8.56273e+6 
           7270      8.52281e+6 
           7290      8.43783e+6 
           7310      8.42979e+6 
           7330      8.36422e+6 
           7350      8.34596e+6 
           7370      8.30489e+6 
           7390      8.23516e+6 
           7410      8.14686e+6 
           7430      8.13308e+6 
           7450      8.10916e+6 
           7470      8.08065e+6 
           7490      8.02345e+6 
           7510      7.98545e+6 
           7530      7.95239e+6 
           7550      7.91626e+6 
           7570      7.86528e+6 
           7590      7.82519e+6 
           7610      7.77956e+6 
           7630      7.74724e+6 
           7650       7.6952e+6 
           7670      7.62054e+6 
           7690      7.60516e+6 
           7710      7.56893e+6 
           7730      7.53674e+6 
           7750       7.4772e+6 
           7770      7.41504e+6 
           7790      7.42792e+6 
           7810      7.38252e+6 
           7830       7.3344e+6 
           7850      7.29647e+6 
           7870      7.27038e+6 
           7890      7.23054e+6 
           7910      7.18981e+6 
           7930      7.10506e+6 
           7950      7.08486e+6 
           7970      7.08137e+6 
           7990      7.04478e+6 
           8010      6.99908e+6 
           8030      6.96309e+6 
           8050      6.91981e+6 
           8070       6.8977e+6 
           8090      6.85155e+6 
           8110      6.82467e+6 
           8130      6.79684e+6 
           8150      6.75785e+6 
           8170      6.72142e+6 
           8190      6.63639e+6 
           8210      6.61919e+6 
           8230      6.57816e+6 
           8250      6.56457e+6 
           8270      6.55269e+6 
           8290      6.51617e+6 
           8310      6.46084e+6 
           8330       6.4076e+6 
           8350      6.40558e+6 
           8370      6.38307e+6 
           8390      6.32002e+6 
           8410      6.31503e+6 
           8430      6.26496e+6 
           8450      6.22373e+6 
           8470      6.19437e+6 
           8490      6.14223e+6 
           8510      5.95265e+6 
           8530      6.07958e+6 
           8550      5.53067e+6 
           8570      6.07118e+6 
           8590      5.99137e+6 
           8610      5.94223e+6 
           8630      5.98907e+6 
           8650      5.91509e+6 
           8670      5.38715e+6 
           8690      5.83731e+6 
           8710      5.87658e+6 
           8730       5.8136e+6 
           8750      5.55481e+6 
           8770      5.75187e+6 
           8790       5.7623e+6 
           8810      5.69637e+6 
           8830      5.68992e+6 
           8850      5.59833e+6 
           8870       5.3337e+6 
           8890      5.60193e+6 
           8910      5.59247e+6 
           8930      5.55989e+6 
           8950      5.55811e+6 
           8970      5.52493e+6 
           8990      5.47241e+6 
           9010       5.1103e+6 
           9030      5.29975e+6 
           9050       5.4056e+6 
           9070      5.36164e+6 
           9090      5.29704e+6 
           9110      5.32056e+6 
           9130      5.32259e+6 
           9150      5.29709e+6 
           9170      5.26908e+6 
           9190      5.23145e+6 
           9210      5.12215e+6 
           9230      4.72764e+6 
           9250      5.03348e+6 
           9270      5.10516e+6 
           9290      5.11551e+6 
           9310      5.09355e+6 
           9330      5.06568e+6 
           9350      5.04274e+6 
           9370      5.01866e+6 
           9390      4.99346e+6 
           9410      4.88291e+6 
           9430      4.92661e+6 
           9450      4.90705e+6 
           9470      4.89811e+6 
           9490      4.87246e+6 
           9510      4.82866e+6 
           9530      4.74246e+6 
           9550      4.35581e+6 
           9570      4.71401e+6 
           9590      4.74065e+6 
           9610       4.7189e+6 
           9630      4.69242e+6 
           9650      4.67703e+6 
           9670      4.64159e+6 
           9690      4.63449e+6 
           9710      4.62061e+6 
           9730      4.59964e+6 
           9750      4.56653e+6 
           9770      4.55258e+6 
           9790      4.53007e+6 
           9810      4.51279e+6 
           9830       4.4886e+6 
           9850       4.4669e+6 
           9870      4.44379e+6 
           9890      4.41274e+6 
           9910      4.39494e+6 
           9930      4.38299e+6 
           9950      4.36424e+6 
           9970      4.34372e+6 
           9990      4.31804e+6 
          10025      4.20135e+6 
          10075      4.07513e+6 
          10125      4.18161e+6 
          10175      4.12788e+6 
          10225      4.08941e+6 
          10275      4.04507e+6 
          10325      3.98973e+6 
          10375      3.94752e+6 
          10425      3.90662e+6 
          10475      3.84161e+6 
          10525      3.81778e+6 
          10575      3.76424e+6 
          10625      3.71622e+6 
          10675      3.64314e+6 
          10725      3.63054e+6 
          10775      3.58556e+6 
          10825      3.52905e+6 
          10875      3.49253e+6 
          10925      3.28388e+6 
          10975      3.37632e+6 
          11025      3.40155e+6 
          11075      3.37705e+6 
          11125       3.3358e+6 
          11175      3.29697e+6 
          11225      3.26736e+6 
          11275      3.21652e+6 
          11325      3.18759e+6 
          11375      3.15847e+6 
          11425      3.11616e+6 
          11475      3.09651e+6 
          11525      3.06261e+6 
          11575      3.02805e+6 
          11625      2.98422e+6 
          11675      2.95456e+6 
          11725      2.93682e+6 
          11775       2.8853e+6 
          11825       2.8526e+6 
          11875      2.82943e+6 
          11925      2.81741e+6 
          11975      2.75348e+6 
          12025      2.74209e+6 
          12075      2.71116e+6 
          12125      2.69346e+6 
          12175      2.67545e+6 
          12225      2.64831e+6 
          12275      2.61503e+6 
          12325       2.5946e+6 
          12375      2.56679e+6 
          12425      2.54056e+6 
          12475      2.51757e+6 
          12525      2.49079e+6 
          12575      2.46554e+6 
          12625      2.44109e+6 
          12675      2.41764e+6 
          12725      2.39054e+6 
          12775      2.34185e+6 
          12825      2.13982e+6 
          12875      2.30266e+6 
          12925      2.29819e+6 
          12975      2.28185e+6 
          13025      2.25881e+6 
          13075      2.23893e+6 
          13125      2.21162e+6 
          13175      2.18814e+6 
          13225      2.17572e+6 
          13275      2.15145e+6 
          13325      2.13279e+6 
          13375      2.11329e+6 
          13425      2.09444e+6 
          13475      2.07519e+6 
          13525      2.05541e+6 
          13575      2.03425e+6 
          13625      2.01705e+6 
          13675      1.99703e+6 
          13725      1.97609e+6 
          13775      1.95986e+6 
          13825      1.94131e+6 
          13875      1.92709e+6 
          13925      1.90827e+6 
          13975      1.88935e+6 
          14025      1.87179e+6 
          14075      1.85691e+6 
          14125      1.83692e+6 
          14175      1.82406e+6 
          14225      1.80156e+6 
          14275      1.78232e+6 
          14325      1.77469e+6 
          14375      1.75982e+6 
          14425      1.72836e+6 
          14475      1.72801e+6 
          14525      1.70325e+6 
          14570      1.69535e+6 
          14620      1.68074e+6 
          14675      1.66647e+6 
          14725      1.64838e+6 
          14775      1.63341e+6 
          14825      1.62104e+6 
          14875      1.58843e+6 
          14925      1.59555e+6 
          14975      1.57962e+6 
          15025      1.54591e+6 
          15075      1.54134e+6 
          15125      1.53866e+6 
          15175      1.52622e+6 
          15225      1.50869e+6 
          15275      1.49719e+6 
          15325      1.48357e+6 
          15375      1.46919e+6 
          15425      1.45273e+6 
          15475      1.44348e+6 
          15525      1.43086e+6 
          15575      1.41303e+6 
          15625      1.40882e+6 
          15675      1.38853e+6 
          15725      1.36931e+6 
          15775      1.35407e+6 
          15825      1.35329e+6 
          15875      1.30952e+6 
          15925      1.32591e+6 
          15975      1.31721e+6 
          16050      1.29482e+6 
          16150      1.25457e+6 
          16250      1.25702e+6 
          16350      1.21623e+6 
          16450      1.17054e+6 
          16550      1.18416e+6 
          16650      1.15971e+6 
          16750       1.1136e+6 
          16850      1.06393e+6 
          16950      1.08902e+6 
          17050      1.06823e+6 
          17150      1.04373e+6 
          17250      1.01711e+6 
          17350          937598 
          17450          968725 
          17550          962230 
          17650          942663 
          17750          925016 
          17850          907114 
          17950          889107 
          18050          866876 
          18150          798706 
          18250          820867 
          18350          818602 
          18450          802193 
          18550          787436 
          18650          767285 
          18750          695888 
          18850          736097 
          18950          723628 
          19050          716144 
          19150          702017 
          19250          688714 
          19350          670113 
          19450          614106 
          19550          645532 
          19650          638764 
          19750          625377 
          19850          615898 
          19950          604297 
          20050          594282 
          20150          584037 
          20250          572817 
          20350          560997 
          20450          553182 
          20550          543181 
          20650          531996 
          20750          523958 
          20850          514802 
          20950          504827 
          21050          497227 
          21150          488359 
          21250          479869 
          21350          471451 
          21450          463732 
          21550          453103 
          21650          417075 
          21750          435300 
          21850          431656 
          21950          426199 
          22050          417856 
          22150          411911 
          22250          405203 
          22350          398553 
          22450          392036 
          22550          384581 
          22650          378953 
          22750          373059 
          22850          366496 
          22950          361049 
          23050          355597 
          23150          349797 
          23250          344342 
          23350          338773 
          23450          333602 
          23550          328343 
          23650          323289 
          23750          317800 
          23850          312836 
          23950          308410 
          24050          303551 
          24150          298691 
          24250          294317 
          24350          289656 
          24450          285457 
          24550          280499 
          24650          276888 
          24750          272521 
          24850          267514 
          24950          264363 
          25050          260768 
          25150          256971 
          25250          252676 
          25350          249426 
          25450          245795 
          25550          241965 
          25650          237419 
          25750          235317 
          25850          231487 
          25950          228627 
          26050          224682 
          26150          219359 
          26250          205865 
          26350          213974 
          26450          212273 
          26550          209646 
          26650          205890 
          26750          201321 
          26850          200927 
          26950          198722 
          27050          195964 
          27150          193250 
          27250          190607 
          27350          187971 
          27450          185124 
          27550          179405 
          27650          178928 
          27750          177851 
          27850          175595 
          27950          173299 
          28050          170974 
          28150          168696 
          28250          166442 
          28350          164262 
          28450          161974 
          28550          159833 
          28650          156677 
          28750          151492 
          28850          153231 
          28950          151725 
          29050          149758 
          29150          147828 
          29250          145811 
          29350          144075 
          29450          142191 
          29550          140428 
          29650          138638 
          29750          136864 
          29850          135158 
          29950          133409 
          30050          131734 
          30150          130111 
          30250          128227 
          30350          123437 
          30450          123493 
          30550          123618 
          30650          122163 
          30750          120761 
          30850          119215 
          30950          117765 
          31050          116363 
          31150          114585 
          31250          113552 
          31350          112188 
          31450          110851 
          31550          109355 
          31650          108221 
          31750          106864 
          31850          105641 
          31950          104412 
          32100          102510 
          32300          100161 
          32500         97833.7 
          32700         95548.5 
          32900           91244 
          33100         90777.3 
          33300         89095.7 
          33500         87195.8 
          33700         85211.9 
          33900         83265.3 
          34100         81397.2 
          34300         79701.4 
          34500         77969.8 
          34700         76263.2 
          34900           74606 
          35100         72993.8 
          35300         71407.1 
          35500         69902.3 
          35700         68385.3 
          35900         66953.1 
          36100         65571.6 
          36300         64196.3 
          36500         62807.6 
          36700         61484.4 
          36900         60177.8 
          37100         58999.7 
          37300         57293.7 
          37500           55685 
          37700         55503.9 
          37900         54395.1 
          38100         53270.1 
          38300         52229.9 
          38500         51231.1 
          38700           50210 
          38900         49209.5 
          39100         48199.8 
          39300         47337.2 
          39500         46400.3 
          39700           45542 
          39900         44632.2 
          40100         43717.2 
          40300         42880.8 
          40500           41342 
          40700         41343.8 
          40900         40589.2 
          41100         39851.6 
          41300           39122 
          41500         38378.4 
          41700         37504.2 
          41900         36998.9 
          42100         36269.9 
          42300         35685.6 
          42500         35037.7 
          42700         34412.7 
          42900         33799.8 
          43100         33194.8 
          43300         32597.5 
          43500         32019.8 
          43700           31246 
          43900         30864.2 
          44100         30348.6 
          44300         29837.1 
          44500         29329.8 
          44700         28837.9 
          44900         28346.1 
          45100         27861.9 
          45300         27392.5 
          45500         26930.2 
          45700         26474.9 
          45900         26033.7 
          46100         25604.4 
          46300         25174.6 
          46500           24279 
          46700         24097.4 
          46900         23945.4 
          47100         23567.6 
          47300         23188.5 
          47500         22813.3 
          47700         22445.2 
          47900         22087.4 
          48100         21733.2 
          48300         21387.2 
          48500         21047.8 
          48700         20714.9 
          48900         20389.8 
          49100         20069.3 
          49300         19756.5 
          49500         19444.9 
          49700         19146.9 
          49900         18854.6 
          50100         18563.2 
          50300         18280.4 
          50500           18000 
          50700         17727.8 
          50900         17457.9 
          51100           17183 
          51300         16740.1 
          51500         16679.9 
          51700         16435.6 
          51900         16191.6 
          52100         15948.2 
          52300         15714.9 
          52500         15486.1 
          52700         15258.9 
          52900         15037.4 
          53100         14818.7 
          53300         14604.3 
          53500           14394 
          53700         14181.1 
          53900         13981.4 
          54100         13785.6 
          54300         13585.8 
          54500         13396.2 
          54700         13197.7 
          54900         13019.2 
          55100           12838 
          55300         12655.4 
          55500         12483.7 
          55700         12310.4 
          55900         12133.2 
          56100         11973.9 
          56300         11806.7 
          56500         11648.1 
          56700         11488.7 
          56900         11331.1 
          57100         11171.3 
          57300         11028.7 
          57500         10880.5 
          57700         10733.4 
          57900         10590.5 
          58100         10449.4 
          58300         10311.5 
          58500           10176 
          58700         10041.1 
          58900         9901.34 
          59100         9657.01 
          59300         9650.58 
          59500         9503.45 
          59700         9399.18 
          59900         9280.98 
          60100         9160.49 
          60300         9044.49 
          60500          8928.7 
          60700         8813.83 
          60900         8700.06 
          61100         8586.59 
          61300         8482.63 
          61500         8376.75 
          61700         8271.36 
          61900         8167.76 
          62100          8065.8 
          62300         7960.03 
          62500         7864.33 
          62700         7768.43 
          62900         7648.17 
          63100         7575.07 
          63300         7486.37 
          63500         7394.91 
          63700          7303.8 
          63900         7215.71 
          64200         7085.64 
          64600         6915.11 
          65000         6749.83 
          65400         6592.12 
          65800          6437.3 
          66200         6286.59 
          66600         6140.89 
          67000         5998.72 
          67400         5860.55 
          67800         5714.08 
          68200          5597.6 
          68600         5471.27 
          69000         5348.36 
          69400         5228.61 
          69800         5113.18 
          70200         4999.27 
          70600         4890.55 
          71000         4783.89 
          71400         4679.96 
          71800         4578.78 
          72200         4480.28 
          72600         4384.58 
          73000         4291.77 
          73400         4200.58 
          73800         4112.77 
          74200         4026.67 
          74600         3914.49 
          75000         3826.83 
          75400          3781.5 
          75800         3704.39 
          76200         3628.81 
          76600         3555.38 
          77000         3483.46 
          77400         3413.78 
          77800         3345.53 
          78200         3279.11 
          78600         3214.29 
          79000         3151.04 
          79400         3089.32 
          79800         3029.14 
          80200         2970.36 
          80600         2912.88 
          81000         2857.19 
          81400         2801.84 
          81800            2749 
          82200         2697.22 
          82600         2646.42 
          83000          2596.8 
          83400         2548.12 
          83800         2500.95 
          84200         2454.71 
          84600         2409.55 
          85000         2365.44 
          85400         2322.26 
          85800         2280.09 
          86200         2238.85 
          86600         2197.52 
          87000         2159.24 
          87400         2116.59 
          87800         2078.97 
          88200         2046.21 
          88600         2010.11 
          89000         1974.87 
          89400          1940.5 
          89800         1906.67 
          90200         1873.87 
          90600         1841.66 
          91000         1809.99 
          91400         1779.08 
          91800         1748.95 
          92200         1719.36 
          92600         1690.39 
          93000         1662.03 
          93400         1634.22 
          93800         1605.02 
          94200         1580.38 
          94600         1554.29 
          95000         1528.79 
          95400         1503.66 
          95800         1479.19 
          96200         1455.11 
          96600         1431.66 
          97000         1408.62 
          97400         1385.88 
          97800         1363.77 
          98200         1342.14 
          98600         1320.88 
          99000         1300.01 
          99400          1279.5 
          99800         1259.54 
         100200         1239.86 
         200000         80.7237 
         400000         5.09903 
         600000         1.00587 
         800000        0.317159 
         1.0e+6        0.129407 
         1.2e+6       0.0621708 
         1.4e+6       0.0334386 
         1.6e+6       0.0195355 
